series_id        year        period        value        footnote_codes
JTS00000000JOL           2000        M12                4736
JTS00000000JOL           2001        M01                5385
JTS00000000JOL           2001        M02                4658
JTS00000000JOL           2001        M03                4563
JTS00000000JOL           2001        M04                4901
JTS00000000JOL           2001        M05                4550
JTS00000000JOL           2001        M06                4280
JTS00000000JOL           2001        M07                4499
JTS00000000JOL           2001        M08                4134
JTS00000000JOL           2001        M09                3975
JTS00000000JOL           2001        M10                3605
JTS00000000JOL           2001        M11                3387
JTS00000000JOL           2001        M12                3385
JTS00000000JOL           2002        M01                3759
JTS00000000JOL           2002        M02                3372
JTS00000000JOL           2002        M03                3551
JTS00000000JOL           2002        M04                3472
JTS00000000JOL           2002        M05                3596
JTS00000000JOL           2002        M06                3365
JTS00000000JOL           2002        M07                3411
JTS00000000JOL           2002        M08                3490
JTS00000000JOL           2002        M09                3308
JTS00000000JOL           2002        M10                3535
JTS00000000JOL           2002        M11                3415
JTS00000000JOL           2002        M12                2943
JTS00000000JOL           2003        M01                3824
JTS00000000JOL           2003        M02                3381
JTS00000000JOL           2003        M03                3052
JTS00000000JOL           2003        M04                3340
JTS00000000JOL           2003        M05                3233
JTS00000000JOL           2003        M06                3334
JTS00000000JOL           2003        M07                3270
JTS00000000JOL           2003        M08                3283
JTS00000000JOL           2003        M09                3074
JTS00000000JOL           2003        M10                3205
JTS00000000JOL           2003        M11                3157
JTS00000000JOL           2003        M12                3214
JTS00000000JOL           2004        M01                3459
JTS00000000JOL           2004        M02                3402
JTS00000000JOL           2004        M03                3380
JTS00000000JOL           2004        M04                3629
JTS00000000JOL           2004        M05                3660
JTS00000000JOL           2004        M06                3424
JTS00000000JOL           2004        M07                3934
JTS00000000JOL           2004        M08                3619
JTS00000000JOL           2004        M09                3742
JTS00000000JOL           2004        M10                3792
JTS00000000JOL           2004        M11                3238
JTS00000000JOL           2004        M12                3650
JTS00000000JOL           2005        M01                3670
JTS00000000JOL           2005        M02                3845
JTS00000000JOL           2005        M03                3831
JTS00000000JOL           2005        M04                4243
JTS00000000JOL           2005        M05                3884
JTS00000000JOL           2005        M06                4022
JTS00000000JOL           2005        M07                4319
JTS00000000JOL           2005        M08                4073
JTS00000000JOL           2005        M09                4237
JTS00000000JOL           2005        M10                4277
JTS00000000JOL           2005        M11                4220
JTS00000000JOL           2005        M12                4064
JTS00000000JOL           2006        M01                4298
JTS00000000JOL           2006        M02                4229
JTS00000000JOL           2006        M03                4493
JTS00000000JOL           2006        M04                4680
JTS00000000JOL           2006        M05                4389
JTS00000000JOL           2006        M06                4349
JTS00000000JOL           2006        M07                4154
JTS00000000JOL           2006        M08                4560
JTS00000000JOL           2006        M09                4516
JTS00000000JOL           2006        M10                4472
JTS00000000JOL           2006        M11                4341
JTS00000000JOL           2006        M12                4278
JTS00000000JOL           2007        M01                4630
JTS00000000JOL           2007        M02                4465
JTS00000000JOL           2007        M03                4666
JTS00000000JOL           2007        M04                4824
JTS00000000JOL           2007        M05                4550
JTS00000000JOL           2007        M06                4608
JTS00000000JOL           2007        M07                4490
JTS00000000JOL           2007        M08                4555
JTS00000000JOL           2007        M09                4523
JTS00000000JOL           2007        M10                4300
JTS00000000JOL           2007        M11                4156
JTS00000000JOL           2007        M12                4123
JTS00000000JOL           2008        M01                4260
JTS00000000JOL           2008        M02                4042
JTS00000000JOL           2008        M03                4001
JTS00000000JOL           2008        M04                4098
JTS00000000JOL           2008        M05                3960
JTS00000000JOL           2008        M06                3767
JTS00000000JOL           2008        M07                3821
JTS00000000JOL           2008        M08                3665
JTS00000000JOL           2008        M09                3264
JTS00000000JOL           2008        M10                3292
JTS00000000JOL           2008        M11                2956
JTS00000000JOL           2008        M12                2830
JTS00000000JOL           2009        M01                2767
JTS00000000JOL           2009        M02                2791
JTS00000000JOL           2009        M03                2491
JTS00000000JOL           2009        M04                2357
JTS00000000JOL           2009        M05                2427
JTS00000000JOL           2009        M06                2428
JTS00000000JOL           2009        M07                2196
JTS00000000JOL           2009        M08                2306
JTS00000000JOL           2009        M09                2478
JTS00000000JOL           2009        M10                2400
JTS00000000JOL           2009        M11                2350
JTS00000000JOL           2009        M12                2407
JTS00000000JOL           2010        M01                2636
JTS00000000JOL           2010        M02                2578
JTS00000000JOL           2010        M03                2666
JTS00000000JOL           2010        M04                3220
JTS00000000JOL           2010        M05                2891
JTS00000000JOL           2010        M06                2664
JTS00000000JOL           2010        M07                2965
JTS00000000JOL           2010        M08                2920
JTS00000000JOL           2010        M09                2767
JTS00000000JOL           2010        M10                3033
JTS00000000JOL           2010        M11                2914
JTS00000000JOL           2010        M12                2857
JTS00000000JOL           2011        M01                2939
JTS00000000JOL           2011        M02                3056
JTS00000000JOL           2011        M03                3130
JTS00000000JOL           2011        M04                3287
JTS00000000JOL           2011        M05                3114
JTS00000000JOL           2011        M06                3224
JTS00000000JOL           2011        M07                3475
JTS00000000JOL           2011        M08                3168
JTS00000000JOL           2011        M09                3495
JTS00000000JOL           2011        M10                3421
JTS00000000JOL           2011        M11                3153
JTS00000000JOL           2011        M12                3369
JTS00000000JOL           2012        M01                3725
JTS00000000JOL           2012        M02                3500
JTS00000000JOL           2012        M03                3831
JTS00000000JOL           2012        M04                3643
JTS00000000JOL           2012        M05                3694
JTS00000000JOL           2012        M06                3799
JTS00000000JOL           2012        M07                3694
JTS00000000JOL           2012        M08                3683
JTS00000000JOL           2012        M09                3521
JTS00000000JOL           2012        M10                3708
JTS00000000JOL           2012        M11                3521
JTS00000000JOL           2012        M12                3570
JTS00000000JOL           2013        M01                3790
JTS00000000JOL           2013        M02                3974
JTS00000000JOL           2013        M03                3872
JTS00000000JOL           2013        M04                3951
JTS00000000JOL           2013        M05                3873
JTS00000000JOL           2013        M06                3924
JTS00000000JOL           2013        M07                3896
JTS00000000JOL           2013        M08                3968
JTS00000000JOL           2013        M09                3959
JTS00000000JOL           2013        M10                4105
JTS00000000JOL           2013        M11                3837
JTS00000000JOL           2013        M12                3742
JTS00000000JOL           2014        M01                3980
JTS00000000JOL           2014        M02                4101
JTS00000000JOL           2014        M03                4167
JTS00000000JOL           2014        M04                4569
JTS00000000JOL           2014        M05                4594
JTS00000000JOL           2014        M06                4680
JTS00000000JOL           2014        M07                4648
JTS00000000JOL           2014        M08                5026
JTS00000000JOL           2014        M09                4625
JTS00000000JOL           2014        M10                4906
JTS00000000JOL           2014        M11                4684
JTS00000000JOL           2014        M12                4795
JTS00000000JOL           2015        M01                5104
JTS00000000JOL           2015        M02                5124
JTS00000000JOL           2015        M03                5125
JTS00000000JOL           2015        M04                5632
JTS00000000JOL           2015        M05                5421
JTS00000000JOL           2015        M06                5189
JTS00000000JOL           2015        M07                5891
JTS00000000JOL           2015        M08                5445
JTS00000000JOL           2015        M09                5414
JTS00000000JOL           2015        M10                5484
JTS00000000JOL           2015        M11                5221
JTS00000000JOL           2015        M12                5374
JTS00000000JOL           2016        M01                5713
JTS00000000JOL           2016        M02                5566
JTS00000000JOL           2016        M03                5852
JTS00000000JOL           2016        M04                5643
JTS00000000JOL           2016        M05                5582
JTS00000000JOL           2016        M06                5535
JTS00000000JOL           2016        M07                5973
JTS00000000JOL           2016        M08                5491
JTS00000000JOL           2016        M09                5666
JTS00000000JOL           2016        M10                5587
JTS00000000JOL           2016        M11                5631
JTS00000000JOL           2016        M12                5539
JTS00000000JOL           2017        M01                5625
JTS00000000JOL           2017        M02                5682
JTS00000000JOL           2017        M03                5785
JTS00000000JOL           2017        M04                5967
JTS00000000JOL           2017        M05                5702
JTS00000000JOL           2017        M06                6116
JTS00000000JOL           2017        M07                6140
JTS00000000JOL           2017        M08                6090
JTS00000000JOL           2017        M09                6177
JTS00000000JOL           2017        M10                5925
JTS00000000JOL           2017        M11                5978
JTS00000000JOL           2017        M12                5811        p
JTS00000000JOR           2000        M12                 3.4
JTS00000000JOR           2001        M01                 3.9
JTS00000000JOR           2001        M02                 3.4
JTS00000000JOR           2001        M03                 3.3
JTS00000000JOR           2001        M04                 3.6
JTS00000000JOR           2001        M05                 3.3
JTS00000000JOR           2001        M06                 3.1
JTS00000000JOR           2001        M07                 3.3
JTS00000000JOR           2001        M08                 3.0
JTS00000000JOR           2001        M09                 2.9
JTS00000000JOR           2001        M10                 2.7
JTS00000000JOR           2001        M11                 2.5
JTS00000000JOR           2001        M12                 2.5
JTS00000000JOR           2002        M01                 2.8
JTS00000000JOR           2002        M02                 2.5
JTS00000000JOR           2002        M03                 2.6
JTS00000000JOR           2002        M04                 2.6
JTS00000000JOR           2002        M05                 2.7
JTS00000000JOR           2002        M06                 2.5
JTS00000000JOR           2002        M07                 2.5
JTS00000000JOR           2002        M08                 2.6
JTS00000000JOR           2002        M09                 2.5
JTS00000000JOR           2002        M10                 2.6
JTS00000000JOR           2002        M11                 2.5
JTS00000000JOR           2002        M12                 2.2
JTS00000000JOR           2003        M01                 2.8
JTS00000000JOR           2003        M02                 2.5
JTS00000000JOR           2003        M03                 2.3
JTS00000000JOR           2003        M04                 2.5
JTS00000000JOR           2003        M05                 2.4
JTS00000000JOR           2003        M06                 2.5
JTS00000000JOR           2003        M07                 2.4
JTS00000000JOR           2003        M08                 2.5
JTS00000000JOR           2003        M09                 2.3
JTS00000000JOR           2003        M10                 2.4
JTS00000000JOR           2003        M11                 2.4
JTS00000000JOR           2003        M12                 2.4
JTS00000000JOR           2004        M01                 2.6
JTS00000000JOR           2004        M02                 2.5
JTS00000000JOR           2004        M03                 2.5
JTS00000000JOR           2004        M04                 2.7
JTS00000000JOR           2004        M05                 2.7
JTS00000000JOR           2004        M06                 2.5
JTS00000000JOR           2004        M07                 2.9
JTS00000000JOR           2004        M08                 2.7
JTS00000000JOR           2004        M09                 2.8
JTS00000000JOR           2004        M10                 2.8
JTS00000000JOR           2004        M11                 2.4
JTS00000000JOR           2004        M12                 2.7
JTS00000000JOR           2005        M01                 2.7
JTS00000000JOR           2005        M02                 2.8
JTS00000000JOR           2005        M03                 2.8
JTS00000000JOR           2005        M04                 3.1
JTS00000000JOR           2005        M05                 2.8
JTS00000000JOR           2005        M06                 2.9
JTS00000000JOR           2005        M07                 3.1
JTS00000000JOR           2005        M08                 2.9
JTS00000000JOR           2005        M09                 3.1
JTS00000000JOR           2005        M10                 3.1
JTS00000000JOR           2005        M11                 3.0
JTS00000000JOR           2005        M12                 2.9
JTS00000000JOR           2006        M01                 3.1
JTS00000000JOR           2006        M02                 3.0
JTS00000000JOR           2006        M03                 3.2
JTS00000000JOR           2006        M04                 3.3
JTS00000000JOR           2006        M05                 3.1
JTS00000000JOR           2006        M06                 3.1
JTS00000000JOR           2006        M07                 3.0
JTS00000000JOR           2006        M08                 3.2
JTS00000000JOR           2006        M09                 3.2
JTS00000000JOR           2006        M10                 3.2
JTS00000000JOR           2006        M11                 3.1
JTS00000000JOR           2006        M12                 3.0
JTS00000000JOR           2007        M01                 3.3
JTS00000000JOR           2007        M02                 3.1
JTS00000000JOR           2007        M03                 3.3
JTS00000000JOR           2007        M04                 3.4
JTS00000000JOR           2007        M05                 3.2
JTS00000000JOR           2007        M06                 3.2
JTS00000000JOR           2007        M07                 3.1
JTS00000000JOR           2007        M08                 3.2
JTS00000000JOR           2007        M09                 3.2
JTS00000000JOR           2007        M10                 3.0
JTS00000000JOR           2007        M11                 2.9
JTS00000000JOR           2007        M12                 2.9
JTS00000000JOR           2008        M01                 3.0
JTS00000000JOR           2008        M02                 2.8
JTS00000000JOR           2008        M03                 2.8
JTS00000000JOR           2008        M04                 2.9
JTS00000000JOR           2008        M05                 2.8
JTS00000000JOR           2008        M06                 2.7
JTS00000000JOR           2008        M07                 2.7
JTS00000000JOR           2008        M08                 2.6
JTS00000000JOR           2008        M09                 2.3
JTS00000000JOR           2008        M10                 2.4
JTS00000000JOR           2008        M11                 2.1
JTS00000000JOR           2008        M12                 2.1
JTS00000000JOR           2009        M01                 2.0
JTS00000000JOR           2009        M02                 2.1
JTS00000000JOR           2009        M03                 1.8
JTS00000000JOR           2009        M04                 1.8
JTS00000000JOR           2009        M05                 1.8
JTS00000000JOR           2009        M06                 1.8
JTS00000000JOR           2009        M07                 1.7
JTS00000000JOR           2009        M08                 1.7
JTS00000000JOR           2009        M09                 1.9
JTS00000000JOR           2009        M10                 1.8
JTS00000000JOR           2009        M11                 1.8
JTS00000000JOR           2009        M12                 1.8
JTS00000000JOR           2010        M01                 2.0
JTS00000000JOR           2010        M02                 1.9
JTS00000000JOR           2010        M03                 2.0
JTS00000000JOR           2010        M04                 2.4
JTS00000000JOR           2010        M05                 2.2
JTS00000000JOR           2010        M06                 2.0
JTS00000000JOR           2010        M07                 2.2
JTS00000000JOR           2010        M08                 2.2
JTS00000000JOR           2010        M09                 2.1
JTS00000000JOR           2010        M10                 2.3
JTS00000000JOR           2010        M11                 2.2
JTS00000000JOR           2010        M12                 2.1
JTS00000000JOR           2011        M01                 2.2
JTS00000000JOR           2011        M02                 2.3
JTS00000000JOR           2011        M03                 2.3
JTS00000000JOR           2011        M04                 2.4
JTS00000000JOR           2011        M05                 2.3
JTS00000000JOR           2011        M06                 2.4
JTS00000000JOR           2011        M07                 2.6
JTS00000000JOR           2011        M08                 2.3
JTS00000000JOR           2011        M09                 2.6
JTS00000000JOR           2011        M10                 2.5
JTS00000000JOR           2011        M11                 2.3
JTS00000000JOR           2011        M12                 2.5
JTS00000000JOR           2012        M01                 2.7
JTS00000000JOR           2012        M02                 2.6
JTS00000000JOR           2012        M03                 2.8
JTS00000000JOR           2012        M04                 2.6
JTS00000000JOR           2012        M05                 2.7
JTS00000000JOR           2012        M06                 2.8
JTS00000000JOR           2012        M07                 2.7
JTS00000000JOR           2012        M08                 2.7
JTS00000000JOR           2012        M09                 2.6
JTS00000000JOR           2012        M10                 2.7
JTS00000000JOR           2012        M11                 2.5
JTS00000000JOR           2012        M12                 2.6
JTS00000000JOR           2013        M01                 2.7
JTS00000000JOR           2013        M02                 2.8
JTS00000000JOR           2013        M03                 2.8
JTS00000000JOR           2013        M04                 2.8
JTS00000000JOR           2013        M05                 2.8
JTS00000000JOR           2013        M06                 2.8
JTS00000000JOR           2013        M07                 2.8
JTS00000000JOR           2013        M08                 2.8
JTS00000000JOR           2013        M09                 2.8
JTS00000000JOR           2013        M10                 2.9
JTS00000000JOR           2013        M11                 2.7
JTS00000000JOR           2013        M12                 2.7
JTS00000000JOR           2014        M01                 2.8
JTS00000000JOR           2014        M02                 2.9
JTS00000000JOR           2014        M03                 2.9
JTS00000000JOR           2014        M04                 3.2
JTS00000000JOR           2014        M05                 3.2
JTS00000000JOR           2014        M06                 3.3
JTS00000000JOR           2014        M07                 3.2
JTS00000000JOR           2014        M08                 3.5
JTS00000000JOR           2014        M09                 3.2
JTS00000000JOR           2014        M10                 3.4
JTS00000000JOR           2014        M11                 3.2
JTS00000000JOR           2014        M12                 3.3
JTS00000000JOR           2015        M01                 3.5
JTS00000000JOR           2015        M02                 3.5
JTS00000000JOR           2015        M03                 3.5
JTS00000000JOR           2015        M04                 3.8
JTS00000000JOR           2015        M05                 3.7
JTS00000000JOR           2015        M06                 3.5
JTS00000000JOR           2015        M07                 4.0
JTS00000000JOR           2015        M08                 3.7
JTS00000000JOR           2015        M09                 3.7
JTS00000000JOR           2015        M10                 3.7
JTS00000000JOR           2015        M11                 3.5
JTS00000000JOR           2015        M12                 3.6
JTS00000000JOR           2016        M01                 3.8
JTS00000000JOR           2016        M02                 3.7
JTS00000000JOR           2016        M03                 3.9
JTS00000000JOR           2016        M04                 3.8
JTS00000000JOR           2016        M05                 3.7
JTS00000000JOR           2016        M06                 3.7
JTS00000000JOR           2016        M07                 4.0
JTS00000000JOR           2016        M08                 3.7
JTS00000000JOR           2016        M09                 3.8
JTS00000000JOR           2016        M10                 3.7
JTS00000000JOR           2016        M11                 3.7
JTS00000000JOR           2016        M12                 3.7
JTS00000000JOR           2017        M01                 3.7
JTS00000000JOR           2017        M02                 3.8
JTS00000000JOR           2017        M03                 3.8
JTS00000000JOR           2017        M04                 3.9
JTS00000000JOR           2017        M05                 3.8
JTS00000000JOR           2017        M06                 4.0
JTS00000000JOR           2017        M07                 4.0
JTS00000000JOR           2017        M08                 4.0
JTS00000000JOR           2017        M09                 4.0
JTS00000000JOR           2017        M10                 3.9
JTS00000000JOR           2017        M11                 3.9
JTS00000000JOR           2017        M12                 3.8        p
JTS000000MWJOL           2000        M12                1185
JTS000000MWJOL           2001        M01                1185
JTS000000MWJOL           2001        M02                 901
JTS000000MWJOL           2001        M03                1016
JTS000000MWJOL           2001        M04                1051
JTS000000MWJOL           2001        M05                1069
JTS000000MWJOL           2001        M06                1027
JTS000000MWJOL           2001        M07                1029
JTS000000MWJOL           2001        M08                1030
JTS000000MWJOL           2001        M09                 987
JTS000000MWJOL           2001        M10                 837
JTS000000MWJOL           2001        M11                 729
JTS000000MWJOL           2001        M12                 782
JTS000000MWJOL           2002        M01                 795
JTS000000MWJOL           2002        M02                 770
JTS000000MWJOL           2002        M03                 865
JTS000000MWJOL           2002        M04                 770
JTS000000MWJOL           2002        M05                 757
JTS000000MWJOL           2002        M06                 718
JTS000000MWJOL           2002        M07                 836
JTS000000MWJOL           2002        M08                 723
JTS000000MWJOL           2002        M09                 672
JTS000000MWJOL           2002        M10                 715
JTS000000MWJOL           2002        M11                 715
JTS000000MWJOL           2002        M12                 657
JTS000000MWJOL           2003        M01                 775
JTS000000MWJOL           2003        M02                 690
JTS000000MWJOL           2003        M03                 664
JTS000000MWJOL           2003        M04                 744
JTS000000MWJOL           2003        M05                 651
JTS000000MWJOL           2003        M06                 678
JTS000000MWJOL           2003        M07                 673
JTS000000MWJOL           2003        M08                 701
JTS000000MWJOL           2003        M09                 653
JTS000000MWJOL           2003        M10                 711
JTS000000MWJOL           2003        M11                 712
JTS000000MWJOL           2003        M12                 685
JTS000000MWJOL           2004        M01                 763
JTS000000MWJOL           2004        M02                 712
JTS000000MWJOL           2004        M03                 699
JTS000000MWJOL           2004        M04                 749
JTS000000MWJOL           2004        M05                 732
JTS000000MWJOL           2004        M06                 674
JTS000000MWJOL           2004        M07                 763
JTS000000MWJOL           2004        M08                 698
JTS000000MWJOL           2004        M09                 747
JTS000000MWJOL           2004        M10                 820
JTS000000MWJOL           2004        M11                 696
JTS000000MWJOL           2004        M12                 788
JTS000000MWJOL           2005        M01                 737
JTS000000MWJOL           2005        M02                 780
JTS000000MWJOL           2005        M03                 765
JTS000000MWJOL           2005        M04                 834
JTS000000MWJOL           2005        M05                 811
JTS000000MWJOL           2005        M06                 831
JTS000000MWJOL           2005        M07                 911
JTS000000MWJOL           2005        M08                 819
JTS000000MWJOL           2005        M09                 838
JTS000000MWJOL           2005        M10                 843
JTS000000MWJOL           2005        M11                 767
JTS000000MWJOL           2005        M12                 745
JTS000000MWJOL           2006        M01                 806
JTS000000MWJOL           2006        M02                 821
JTS000000MWJOL           2006        M03                 843
JTS000000MWJOL           2006        M04                 858
JTS000000MWJOL           2006        M05                 825
JTS000000MWJOL           2006        M06                 822
JTS000000MWJOL           2006        M07                 790
JTS000000MWJOL           2006        M08                 910
JTS000000MWJOL           2006        M09                 866
JTS000000MWJOL           2006        M10                 804
JTS000000MWJOL           2006        M11                 799
JTS000000MWJOL           2006        M12                 776
JTS000000MWJOL           2007        M01                 845
JTS000000MWJOL           2007        M02                 804
JTS000000MWJOL           2007        M03                 844
JTS000000MWJOL           2007        M04                 853
JTS000000MWJOL           2007        M05                 814
JTS000000MWJOL           2007        M06                 869
JTS000000MWJOL           2007        M07                 877
JTS000000MWJOL           2007        M08                 837
JTS000000MWJOL           2007        M09                 848
JTS000000MWJOL           2007        M10                 805
JTS000000MWJOL           2007        M11                 780
JTS000000MWJOL           2007        M12                 806
JTS000000MWJOL           2008        M01                 830
JTS000000MWJOL           2008        M02                 782
JTS000000MWJOL           2008        M03                 824
JTS000000MWJOL           2008        M04                 855
JTS000000MWJOL           2008        M05                 789
JTS000000MWJOL           2008        M06                 727
JTS000000MWJOL           2008        M07                 705
JTS000000MWJOL           2008        M08                 737
JTS000000MWJOL           2008        M09                 650
JTS000000MWJOL           2008        M10                 690
JTS000000MWJOL           2008        M11                 539
JTS000000MWJOL           2008        M12                 587
JTS000000MWJOL           2009        M01                 549
JTS000000MWJOL           2009        M02                 540
JTS000000MWJOL           2009        M03                 460
JTS000000MWJOL           2009        M04                 448
JTS000000MWJOL           2009        M05                 482
JTS000000MWJOL           2009        M06                 447
JTS000000MWJOL           2009        M07                 431
JTS000000MWJOL           2009        M08                 425
JTS000000MWJOL           2009        M09                 510
JTS000000MWJOL           2009        M10                 490
JTS000000MWJOL           2009        M11                 505
JTS000000MWJOL           2009        M12                 473
JTS000000MWJOL           2010        M01                 534
JTS000000MWJOL           2010        M02                 551
JTS000000MWJOL           2010        M03                 547
JTS000000MWJOL           2010        M04                 601
JTS000000MWJOL           2010        M05                 544
JTS000000MWJOL           2010        M06                 533
JTS000000MWJOL           2010        M07                 602
JTS000000MWJOL           2010        M08                 608
JTS000000MWJOL           2010        M09                 532
JTS000000MWJOL           2010        M10                 561
JTS000000MWJOL           2010        M11                 602
JTS000000MWJOL           2010        M12                 581
JTS000000MWJOL           2011        M01                 612
JTS000000MWJOL           2011        M02                 635
JTS000000MWJOL           2011        M03                 690
JTS000000MWJOL           2011        M04                 786
JTS000000MWJOL           2011        M05                 701
JTS000000MWJOL           2011        M06                 744
JTS000000MWJOL           2011        M07                 765
JTS000000MWJOL           2011        M08                 729
JTS000000MWJOL           2011        M09                 740
JTS000000MWJOL           2011        M10                 716
JTS000000MWJOL           2011        M11                 647
JTS000000MWJOL           2011        M12                 729
JTS000000MWJOL           2012        M01                 811
JTS000000MWJOL           2012        M02                 792
JTS000000MWJOL           2012        M03                 917
JTS000000MWJOL           2012        M04                 732
JTS000000MWJOL           2012        M05                 765
JTS000000MWJOL           2012        M06                 799
JTS000000MWJOL           2012        M07                 817
JTS000000MWJOL           2012        M08                 771
JTS000000MWJOL           2012        M09                 813
JTS000000MWJOL           2012        M10                 836
JTS000000MWJOL           2012        M11                 800
JTS000000MWJOL           2012        M12                 847
JTS000000MWJOL           2013        M01                 779
JTS000000MWJOL           2013        M02                 828
JTS000000MWJOL           2013        M03                 793
JTS000000MWJOL           2013        M04                 849
JTS000000MWJOL           2013        M05                 865
JTS000000MWJOL           2013        M06                 868
JTS000000MWJOL           2013        M07                 851
JTS000000MWJOL           2013        M08                 905
JTS000000MWJOL           2013        M09                 893
JTS000000MWJOL           2013        M10                1023
JTS000000MWJOL           2013        M11                 881
JTS000000MWJOL           2013        M12                 833
JTS000000MWJOL           2014        M01                 907
JTS000000MWJOL           2014        M02                 879
JTS000000MWJOL           2014        M03                 922
JTS000000MWJOL           2014        M04                1035
JTS000000MWJOL           2014        M05                1041
JTS000000MWJOL           2014        M06                1049
JTS000000MWJOL           2014        M07                1076
JTS000000MWJOL           2014        M08                1094
JTS000000MWJOL           2014        M09                1043
JTS000000MWJOL           2014        M10                1059
JTS000000MWJOL           2014        M11                1043
JTS000000MWJOL           2014        M12                1082
JTS000000MWJOL           2015        M01                1149
JTS000000MWJOL           2015        M02                1192
JTS000000MWJOL           2015        M03                1184
JTS000000MWJOL           2015        M04                1221
JTS000000MWJOL           2015        M05                1195
JTS000000MWJOL           2015        M06                1183
JTS000000MWJOL           2015        M07                1272
JTS000000MWJOL           2015        M08                1202
JTS000000MWJOL           2015        M09                1259
JTS000000MWJOL           2015        M10                1275
JTS000000MWJOL           2015        M11                1086
JTS000000MWJOL           2015        M12                1166
JTS000000MWJOL           2016        M01                1286
JTS000000MWJOL           2016        M02                1265
JTS000000MWJOL           2016        M03                1330
JTS000000MWJOL           2016        M04                1273
JTS000000MWJOL           2016        M05                1313
JTS000000MWJOL           2016        M06                1244
JTS000000MWJOL           2016        M07                1340
JTS000000MWJOL           2016        M08                1242
JTS000000MWJOL           2016        M09                1248
JTS000000MWJOL           2016        M10                1278
JTS000000MWJOL           2016        M11                1263
JTS000000MWJOL           2016        M12                1253
JTS000000MWJOL           2017        M01                1324
JTS000000MWJOL           2017        M02                1285
JTS000000MWJOL           2017        M03                1349
JTS000000MWJOL           2017        M04                1424
JTS000000MWJOL           2017        M05                1296
JTS000000MWJOL           2017        M06                1467
JTS000000MWJOL           2017        M07                1378
JTS000000MWJOL           2017        M08                1520
JTS000000MWJOL           2017        M09                1595
JTS000000MWJOL           2017        M10                1507
JTS000000MWJOL           2017        M11                1479
JTS000000MWJOL           2017        M12                1402        p
JTS000000MWJOR           2000        M12                 3.6
JTS000000MWJOR           2001        M01                 3.6
JTS000000MWJOR           2001        M02                 2.8
JTS000000MWJOR           2001        M03                 3.1
JTS000000MWJOR           2001        M04                 3.2
JTS000000MWJOR           2001        M05                 3.3
JTS000000MWJOR           2001        M06                 3.2
JTS000000MWJOR           2001        M07                 3.2
JTS000000MWJOR           2001        M08                 3.2
JTS000000MWJOR           2001        M09                 3.1
JTS000000MWJOR           2001        M10                 2.6
JTS000000MWJOR           2001        M11                 2.3
JTS000000MWJOR           2001        M12                 2.4
JTS000000MWJOR           2002        M01                 2.5
JTS000000MWJOR           2002        M02                 2.4
JTS000000MWJOR           2002        M03                 2.7
JTS000000MWJOR           2002        M04                 2.4
JTS000000MWJOR           2002        M05                 2.4
JTS000000MWJOR           2002        M06                 2.3
JTS000000MWJOR           2002        M07                 2.6
JTS000000MWJOR           2002        M08                 2.3
JTS000000MWJOR           2002        M09                 2.1
JTS000000MWJOR           2002        M10                 2.3
JTS000000MWJOR           2002        M11                 2.3
JTS000000MWJOR           2002        M12                 2.1
JTS000000MWJOR           2003        M01                 2.4
JTS000000MWJOR           2003        M02                 2.2
JTS000000MWJOR           2003        M03                 2.1
JTS000000MWJOR           2003        M04                 2.4
JTS000000MWJOR           2003        M05                 2.1
JTS000000MWJOR           2003        M06                 2.2
JTS000000MWJOR           2003        M07                 2.1
JTS000000MWJOR           2003        M08                 2.2
JTS000000MWJOR           2003        M09                 2.1
JTS000000MWJOR           2003        M10                 2.3
JTS000000MWJOR           2003        M11                 2.3
JTS000000MWJOR           2003        M12                 2.2
JTS000000MWJOR           2004        M01                 2.4
JTS000000MWJOR           2004        M02                 2.3
JTS000000MWJOR           2004        M03                 2.2
JTS000000MWJOR           2004        M04                 2.4
JTS000000MWJOR           2004        M05                 2.3
JTS000000MWJOR           2004        M06                 2.1
JTS000000MWJOR           2004        M07                 2.4
JTS000000MWJOR           2004        M08                 2.2
JTS000000MWJOR           2004        M09                 2.4
JTS000000MWJOR           2004        M10                 2.6
JTS000000MWJOR           2004        M11                 2.2
JTS000000MWJOR           2004        M12                 2.5
JTS000000MWJOR           2005        M01                 2.3
JTS000000MWJOR           2005        M02                 2.5
JTS000000MWJOR           2005        M03                 2.4
JTS000000MWJOR           2005        M04                 2.6
JTS000000MWJOR           2005        M05                 2.6
JTS000000MWJOR           2005        M06                 2.6
JTS000000MWJOR           2005        M07                 2.9
JTS000000MWJOR           2005        M08                 2.6
JTS000000MWJOR           2005        M09                 2.6
JTS000000MWJOR           2005        M10                 2.6
JTS000000MWJOR           2005        M11                 2.4
JTS000000MWJOR           2005        M12                 2.3
JTS000000MWJOR           2006        M01                 2.5
JTS000000MWJOR           2006        M02                 2.6
JTS000000MWJOR           2006        M03                 2.6
JTS000000MWJOR           2006        M04                 2.7
JTS000000MWJOR           2006        M05                 2.6
JTS000000MWJOR           2006        M06                 2.6
JTS000000MWJOR           2006        M07                 2.5
JTS000000MWJOR           2006        M08                 2.8
JTS000000MWJOR           2006        M09                 2.7
JTS000000MWJOR           2006        M10                 2.5
JTS000000MWJOR           2006        M11                 2.5
JTS000000MWJOR           2006        M12                 2.4
JTS000000MWJOR           2007        M01                 2.6
JTS000000MWJOR           2007        M02                 2.5
JTS000000MWJOR           2007        M03                 2.6
JTS000000MWJOR           2007        M04                 2.6
JTS000000MWJOR           2007        M05                 2.5
JTS000000MWJOR           2007        M06                 2.7
JTS000000MWJOR           2007        M07                 2.7
JTS000000MWJOR           2007        M08                 2.6
JTS000000MWJOR           2007        M09                 2.6
JTS000000MWJOR           2007        M10                 2.5
JTS000000MWJOR           2007        M11                 2.4
JTS000000MWJOR           2007        M12                 2.5
JTS000000MWJOR           2008        M01                 2.6
JTS000000MWJOR           2008        M02                 2.4
JTS000000MWJOR           2008        M03                 2.6
JTS000000MWJOR           2008        M04                 2.7
JTS000000MWJOR           2008        M05                 2.5
JTS000000MWJOR           2008        M06                 2.3
JTS000000MWJOR           2008        M07                 2.2
JTS000000MWJOR           2008        M08                 2.3
JTS000000MWJOR           2008        M09                 2.0
JTS000000MWJOR           2008        M10                 2.2
JTS000000MWJOR           2008        M11                 1.7
JTS000000MWJOR           2008        M12                 1.9
JTS000000MWJOR           2009        M01                 1.8
JTS000000MWJOR           2009        M02                 1.8
JTS000000MWJOR           2009        M03                 1.5
JTS000000MWJOR           2009        M04                 1.5
JTS000000MWJOR           2009        M05                 1.6
JTS000000MWJOR           2009        M06                 1.5
JTS000000MWJOR           2009        M07                 1.4
JTS000000MWJOR           2009        M08                 1.4
JTS000000MWJOR           2009        M09                 1.7
JTS000000MWJOR           2009        M10                 1.6
JTS000000MWJOR           2009        M11                 1.7
JTS000000MWJOR           2009        M12                 1.6
JTS000000MWJOR           2010        M01                 1.8
JTS000000MWJOR           2010        M02                 1.8
JTS000000MWJOR           2010        M03                 1.8
JTS000000MWJOR           2010        M04                 2.0
JTS000000MWJOR           2010        M05                 1.8
JTS000000MWJOR           2010        M06                 1.8
JTS000000MWJOR           2010        M07                 2.0
JTS000000MWJOR           2010        M08                 2.0
JTS000000MWJOR           2010        M09                 1.8
JTS000000MWJOR           2010        M10                 1.9
JTS000000MWJOR           2010        M11                 2.0
JTS000000MWJOR           2010        M12                 1.9
JTS000000MWJOR           2011        M01                 2.0
JTS000000MWJOR           2011        M02                 2.1
JTS000000MWJOR           2011        M03                 2.3
JTS000000MWJOR           2011        M04                 2.6
JTS000000MWJOR           2011        M05                 2.3
JTS000000MWJOR           2011        M06                 2.4
JTS000000MWJOR           2011        M07                 2.5
JTS000000MWJOR           2011        M08                 2.4
JTS000000MWJOR           2011        M09                 2.4
JTS000000MWJOR           2011        M10                 2.3
JTS000000MWJOR           2011        M11                 2.1
JTS000000MWJOR           2011        M12                 2.4
JTS000000MWJOR           2012        M01                 2.6
JTS000000MWJOR           2012        M02                 2.5
JTS000000MWJOR           2012        M03                 2.9
JTS000000MWJOR           2012        M04                 2.4
JTS000000MWJOR           2012        M05                 2.5
JTS000000MWJOR           2012        M06                 2.6
JTS000000MWJOR           2012        M07                 2.6
JTS000000MWJOR           2012        M08                 2.5
JTS000000MWJOR           2012        M09                 2.6
JTS000000MWJOR           2012        M10                 2.7
JTS000000MWJOR           2012        M11                 2.6
JTS000000MWJOR           2012        M12                 2.7
JTS000000MWJOR           2013        M01                 2.5
JTS000000MWJOR           2013        M02                 2.6
JTS000000MWJOR           2013        M03                 2.5
JTS000000MWJOR           2013        M04                 2.7
JTS000000MWJOR           2013        M05                 2.7
JTS000000MWJOR           2013        M06                 2.8
JTS000000MWJOR           2013        M07                 2.7
JTS000000MWJOR           2013        M08                 2.9
JTS000000MWJOR           2013        M09                 2.8
JTS000000MWJOR           2013        M10                 3.2
JTS000000MWJOR           2013        M11                 2.8
JTS000000MWJOR           2013        M12                 2.6
JTS000000MWJOR           2014        M01                 2.8
JTS000000MWJOR           2014        M02                 2.8
JTS000000MWJOR           2014        M03                 2.9
JTS000000MWJOR           2014        M04                 3.2
JTS000000MWJOR           2014        M05                 3.3
JTS000000MWJOR           2014        M06                 3.3
JTS000000MWJOR           2014        M07                 3.3
JTS000000MWJOR           2014        M08                 3.4
JTS000000MWJOR           2014        M09                 3.2
JTS000000MWJOR           2014        M10                 3.3
JTS000000MWJOR           2014        M11                 3.2
JTS000000MWJOR           2014        M12                 3.3
JTS000000MWJOR           2015        M01                 3.5
JTS000000MWJOR           2015        M02                 3.6
JTS000000MWJOR           2015        M03                 3.6
JTS000000MWJOR           2015        M04                 3.7
JTS000000MWJOR           2015        M05                 3.7
JTS000000MWJOR           2015        M06                 3.6
JTS000000MWJOR           2015        M07                 3.9
JTS000000MWJOR           2015        M08                 3.7
JTS000000MWJOR           2015        M09                 3.8
JTS000000MWJOR           2015        M10                 3.9
JTS000000MWJOR           2015        M11                 3.3
JTS000000MWJOR           2015        M12                 3.5
JTS000000MWJOR           2016        M01                 3.9
JTS000000MWJOR           2016        M02                 3.8
JTS000000MWJOR           2016        M03                 4.0
JTS000000MWJOR           2016        M04                 3.8
JTS000000MWJOR           2016        M05                 3.9
JTS000000MWJOR           2016        M06                 3.7
JTS000000MWJOR           2016        M07                 4.0
JTS000000MWJOR           2016        M08                 3.7
JTS000000MWJOR           2016        M09                 3.7
JTS000000MWJOR           2016        M10                 3.8
JTS000000MWJOR           2016        M11                 3.8
JTS000000MWJOR           2016        M12                 3.7
JTS000000MWJOR           2017        M01                 3.9
JTS000000MWJOR           2017        M02                 3.8
JTS000000MWJOR           2017        M03                 4.0
JTS000000MWJOR           2017        M04                 4.2
JTS000000MWJOR           2017        M05                 3.8
JTS000000MWJOR           2017        M06                 4.3
JTS000000MWJOR           2017        M07                 4.1
JTS000000MWJOR           2017        M08                 4.4
JTS000000MWJOR           2017        M09                 4.7
JTS000000MWJOR           2017        M10                 4.4
JTS000000MWJOR           2017        M11                 4.3
JTS000000MWJOR           2017        M12                 4.1        p
JTS000000NEJOL           2000        M12                 868
JTS000000NEJOL           2001        M01                 987
JTS000000NEJOL           2001        M02                 961
JTS000000NEJOL           2001        M03                 893
JTS000000NEJOL           2001        M04                1084
JTS000000NEJOL           2001        M05                 929
JTS000000NEJOL           2001        M06                 802
JTS000000NEJOL           2001        M07                 836
JTS000000NEJOL           2001        M08                 781
JTS000000NEJOL           2001        M09                 700
JTS000000NEJOL           2001        M10                 621
JTS000000NEJOL           2001        M11                 582
JTS000000NEJOL           2001        M12                 656
JTS000000NEJOL           2002        M01                 699
JTS000000NEJOL           2002        M02                 619
JTS000000NEJOL           2002        M03                 626
JTS000000NEJOL           2002        M04                 616
JTS000000NEJOL           2002        M05                 612
JTS000000NEJOL           2002        M06                 622
JTS000000NEJOL           2002        M07                 640
JTS000000NEJOL           2002        M08                 640
JTS000000NEJOL           2002        M09                 650
JTS000000NEJOL           2002        M10                 709
JTS000000NEJOL           2002        M11                 672
JTS000000NEJOL           2002        M12                 479
JTS000000NEJOL           2003        M01                 683
JTS000000NEJOL           2003        M02                 625
JTS000000NEJOL           2003        M03                 545
JTS000000NEJOL           2003        M04                 606
JTS000000NEJOL           2003        M05                 611
JTS000000NEJOL           2003        M06                 597
JTS000000NEJOL           2003        M07                 613
JTS000000NEJOL           2003        M08                 596
JTS000000NEJOL           2003        M09                 515
JTS000000NEJOL           2003        M10                 560
JTS000000NEJOL           2003        M11                 572
JTS000000NEJOL           2003        M12                 544
JTS000000NEJOL           2004        M01                 536
JTS000000NEJOL           2004        M02                 592
JTS000000NEJOL           2004        M03                 655
JTS000000NEJOL           2004        M04                 688
JTS000000NEJOL           2004        M05                 655
JTS000000NEJOL           2004        M06                 546
JTS000000NEJOL           2004        M07                 649
JTS000000NEJOL           2004        M08                 620
JTS000000NEJOL           2004        M09                 643
JTS000000NEJOL           2004        M10                 599
JTS000000NEJOL           2004        M11                 545
JTS000000NEJOL           2004        M12                 591
JTS000000NEJOL           2005        M01                 630
JTS000000NEJOL           2005        M02                 659
JTS000000NEJOL           2005        M03                 662
JTS000000NEJOL           2005        M04                 710
JTS000000NEJOL           2005        M05                 657
JTS000000NEJOL           2005        M06                 692
JTS000000NEJOL           2005        M07                 721
JTS000000NEJOL           2005        M08                 702
JTS000000NEJOL           2005        M09                 754
JTS000000NEJOL           2005        M10                 813
JTS000000NEJOL           2005        M11                 715
JTS000000NEJOL           2005        M12                 627
JTS000000NEJOL           2006        M01                 767
JTS000000NEJOL           2006        M02                 723
JTS000000NEJOL           2006        M03                 740
JTS000000NEJOL           2006        M04                 777
JTS000000NEJOL           2006        M05                 724
JTS000000NEJOL           2006        M06                 731
JTS000000NEJOL           2006        M07                 727
JTS000000NEJOL           2006        M08                 796
JTS000000NEJOL           2006        M09                 805
JTS000000NEJOL           2006        M10                 800
JTS000000NEJOL           2006        M11                 786
JTS000000NEJOL           2006        M12                 764
JTS000000NEJOL           2007        M01                 782
JTS000000NEJOL           2007        M02                 790
JTS000000NEJOL           2007        M03                 776
JTS000000NEJOL           2007        M04                 784
JTS000000NEJOL           2007        M05                 776
JTS000000NEJOL           2007        M06                 768
JTS000000NEJOL           2007        M07                 779
JTS000000NEJOL           2007        M08                 735
JTS000000NEJOL           2007        M09                 686
JTS000000NEJOL           2007        M10                 725
JTS000000NEJOL           2007        M11                 671
JTS000000NEJOL           2007        M12                 657
JTS000000NEJOL           2008        M01                 732
JTS000000NEJOL           2008        M02                 654
JTS000000NEJOL           2008        M03                 656
JTS000000NEJOL           2008        M04                 688
JTS000000NEJOL           2008        M05                 647
JTS000000NEJOL           2008        M06                 670
JTS000000NEJOL           2008        M07                 706
JTS000000NEJOL           2008        M08                 670
JTS000000NEJOL           2008        M09                 630
JTS000000NEJOL           2008        M10                 624
JTS000000NEJOL           2008        M11                 581
JTS000000NEJOL           2008        M12                 600
JTS000000NEJOL           2009        M01                 559
JTS000000NEJOL           2009        M02                 594
JTS000000NEJOL           2009        M03                 534
JTS000000NEJOL           2009        M04                 465
JTS000000NEJOL           2009        M05                 503
JTS000000NEJOL           2009        M06                 563
JTS000000NEJOL           2009        M07                 465
JTS000000NEJOL           2009        M08                 481
JTS000000NEJOL           2009        M09                 523
JTS000000NEJOL           2009        M10                 480
JTS000000NEJOL           2009        M11                 473
JTS000000NEJOL           2009        M12                 491
JTS000000NEJOL           2010        M01                 504
JTS000000NEJOL           2010        M02                 524
JTS000000NEJOL           2010        M03                 513
JTS000000NEJOL           2010        M04                 676
JTS000000NEJOL           2010        M05                 618
JTS000000NEJOL           2010        M06                 576
JTS000000NEJOL           2010        M07                 609
JTS000000NEJOL           2010        M08                 595
JTS000000NEJOL           2010        M09                 536
JTS000000NEJOL           2010        M10                 616
JTS000000NEJOL           2010        M11                 565
JTS000000NEJOL           2010        M12                 522
JTS000000NEJOL           2011        M01                 637
JTS000000NEJOL           2011        M02                 582
JTS000000NEJOL           2011        M03                 600
JTS000000NEJOL           2011        M04                 579
JTS000000NEJOL           2011        M05                 579
JTS000000NEJOL           2011        M06                 560
JTS000000NEJOL           2011        M07                 601
JTS000000NEJOL           2011        M08                 562
JTS000000NEJOL           2011        M09                 610
JTS000000NEJOL           2011        M10                 577
JTS000000NEJOL           2011        M11                 567
JTS000000NEJOL           2011        M12                 557
JTS000000NEJOL           2012        M01                 622
JTS000000NEJOL           2012        M02                 642
JTS000000NEJOL           2012        M03                 666
JTS000000NEJOL           2012        M04                 701
JTS000000NEJOL           2012        M05                 667
JTS000000NEJOL           2012        M06                 678
JTS000000NEJOL           2012        M07                 676
JTS000000NEJOL           2012        M08                 676
JTS000000NEJOL           2012        M09                 644
JTS000000NEJOL           2012        M10                 661
JTS000000NEJOL           2012        M11                 638
JTS000000NEJOL           2012        M12                 631
JTS000000NEJOL           2013        M01                 692
JTS000000NEJOL           2013        M02                 716
JTS000000NEJOL           2013        M03                 726
JTS000000NEJOL           2013        M04                 656
JTS000000NEJOL           2013        M05                 667
JTS000000NEJOL           2013        M06                 668
JTS000000NEJOL           2013        M07                 609
JTS000000NEJOL           2013        M08                 686
JTS000000NEJOL           2013        M09                 680
JTS000000NEJOL           2013        M10                 667
JTS000000NEJOL           2013        M11                 649
JTS000000NEJOL           2013        M12                 651
JTS000000NEJOL           2014        M01                 660
JTS000000NEJOL           2014        M02                 646
JTS000000NEJOL           2014        M03                 685
JTS000000NEJOL           2014        M04                 789
JTS000000NEJOL           2014        M05                 767
JTS000000NEJOL           2014        M06                 795
JTS000000NEJOL           2014        M07                 786
JTS000000NEJOL           2014        M08                 795
JTS000000NEJOL           2014        M09                 746
JTS000000NEJOL           2014        M10                 768
JTS000000NEJOL           2014        M11                 744
JTS000000NEJOL           2014        M12                 755
JTS000000NEJOL           2015        M01                 844
JTS000000NEJOL           2015        M02                 847
JTS000000NEJOL           2015        M03                 845
JTS000000NEJOL           2015        M04                 902
JTS000000NEJOL           2015        M05                 855
JTS000000NEJOL           2015        M06                 806
JTS000000NEJOL           2015        M07                 969
JTS000000NEJOL           2015        M08                 854
JTS000000NEJOL           2015        M09                 880
JTS000000NEJOL           2015        M10                 914
JTS000000NEJOL           2015        M11                 881
JTS000000NEJOL           2015        M12                 873
JTS000000NEJOL           2016        M01                 915
JTS000000NEJOL           2016        M02                 866
JTS000000NEJOL           2016        M03                 886
JTS000000NEJOL           2016        M04                 882
JTS000000NEJOL           2016        M05                 933
JTS000000NEJOL           2016        M06                 897
JTS000000NEJOL           2016        M07                1021
JTS000000NEJOL           2016        M08                 958
JTS000000NEJOL           2016        M09                1018
JTS000000NEJOL           2016        M10                 983
JTS000000NEJOL           2016        M11                 942
JTS000000NEJOL           2016        M12                 967
JTS000000NEJOL           2017        M01                 998
JTS000000NEJOL           2017        M02                1102
JTS000000NEJOL           2017        M03                1033
JTS000000NEJOL           2017        M04                1103
JTS000000NEJOL           2017        M05                1057
JTS000000NEJOL           2017        M06                1059
JTS000000NEJOL           2017        M07                1119
JTS000000NEJOL           2017        M08                1102
JTS000000NEJOL           2017        M09                1066
JTS000000NEJOL           2017        M10                1011
JTS000000NEJOL           2017        M11                1010
JTS000000NEJOL           2017        M12                 996        p
JTS000000NEJOR           2000        M12                 3.3
JTS000000NEJOR           2001        M01                 3.7
JTS000000NEJOR           2001        M02                 3.6
JTS000000NEJOR           2001        M03                 3.4
JTS000000NEJOR           2001        M04                 4.1
JTS000000NEJOR           2001        M05                 3.5
JTS000000NEJOR           2001        M06                 3.1
JTS000000NEJOR           2001        M07                 3.2
JTS000000NEJOR           2001        M08                 3.0
JTS000000NEJOR           2001        M09                 2.7
JTS000000NEJOR           2001        M10                 2.4
JTS000000NEJOR           2001        M11                 2.3
JTS000000NEJOR           2001        M12                 2.5
JTS000000NEJOR           2002        M01                 2.7
JTS000000NEJOR           2002        M02                 2.4
JTS000000NEJOR           2002        M03                 2.4
JTS000000NEJOR           2002        M04                 2.4
JTS000000NEJOR           2002        M05                 2.4
JTS000000NEJOR           2002        M06                 2.4
JTS000000NEJOR           2002        M07                 2.5
JTS000000NEJOR           2002        M08                 2.5
JTS000000NEJOR           2002        M09                 2.5
JTS000000NEJOR           2002        M10                 2.7
JTS000000NEJOR           2002        M11                 2.6
JTS000000NEJOR           2002        M12                 1.9
JTS000000NEJOR           2003        M01                 2.7
JTS000000NEJOR           2003        M02                 2.4
JTS000000NEJOR           2003        M03                 2.1
JTS000000NEJOR           2003        M04                 2.4
JTS000000NEJOR           2003        M05                 2.4
JTS000000NEJOR           2003        M06                 2.4
JTS000000NEJOR           2003        M07                 2.4
JTS000000NEJOR           2003        M08                 2.3
JTS000000NEJOR           2003        M09                 2.0
JTS000000NEJOR           2003        M10                 2.2
JTS000000NEJOR           2003        M11                 2.2
JTS000000NEJOR           2003        M12                 2.1
JTS000000NEJOR           2004        M01                 2.1
JTS000000NEJOR           2004        M02                 2.3
JTS000000NEJOR           2004        M03                 2.6
JTS000000NEJOR           2004        M04                 2.7
JTS000000NEJOR           2004        M05                 2.6
JTS000000NEJOR           2004        M06                 2.1
JTS000000NEJOR           2004        M07                 2.5
JTS000000NEJOR           2004        M08                 2.4
JTS000000NEJOR           2004        M09                 2.5
JTS000000NEJOR           2004        M10                 2.3
JTS000000NEJOR           2004        M11                 2.1
JTS000000NEJOR           2004        M12                 2.3
JTS000000NEJOR           2005        M01                 2.5
JTS000000NEJOR           2005        M02                 2.6
JTS000000NEJOR           2005        M03                 2.6
JTS000000NEJOR           2005        M04                 2.8
JTS000000NEJOR           2005        M05                 2.6
JTS000000NEJOR           2005        M06                 2.7
JTS000000NEJOR           2005        M07                 2.8
JTS000000NEJOR           2005        M08                 2.7
JTS000000NEJOR           2005        M09                 2.9
JTS000000NEJOR           2005        M10                 3.1
JTS000000NEJOR           2005        M11                 2.8
JTS000000NEJOR           2005        M12                 2.4
JTS000000NEJOR           2006        M01                 2.9
JTS000000NEJOR           2006        M02                 2.8
JTS000000NEJOR           2006        M03                 2.8
JTS000000NEJOR           2006        M04                 3.0
JTS000000NEJOR           2006        M05                 2.8
JTS000000NEJOR           2006        M06                 2.8
JTS000000NEJOR           2006        M07                 2.8
JTS000000NEJOR           2006        M08                 3.0
JTS000000NEJOR           2006        M09                 3.1
JTS000000NEJOR           2006        M10                 3.0
JTS000000NEJOR           2006        M11                 3.0
JTS000000NEJOR           2006        M12                 2.9
JTS000000NEJOR           2007        M01                 3.0
JTS000000NEJOR           2007        M02                 3.0
JTS000000NEJOR           2007        M03                 2.9
JTS000000NEJOR           2007        M04                 2.9
JTS000000NEJOR           2007        M05                 2.9
JTS000000NEJOR           2007        M06                 2.9
JTS000000NEJOR           2007        M07                 2.9
JTS000000NEJOR           2007        M08                 2.8
JTS000000NEJOR           2007        M09                 2.6
JTS000000NEJOR           2007        M10                 2.7
JTS000000NEJOR           2007        M11                 2.5
JTS000000NEJOR           2007        M12                 2.5
JTS000000NEJOR           2008        M01                 2.7
JTS000000NEJOR           2008        M02                 2.5
JTS000000NEJOR           2008        M03                 2.5
JTS000000NEJOR           2008        M04                 2.6
JTS000000NEJOR           2008        M05                 2.4
JTS000000NEJOR           2008        M06                 2.5
JTS000000NEJOR           2008        M07                 2.6
JTS000000NEJOR           2008        M08                 2.5
JTS000000NEJOR           2008        M09                 2.4
JTS000000NEJOR           2008        M10                 2.4
JTS000000NEJOR           2008        M11                 2.2
JTS000000NEJOR           2008        M12                 2.3
JTS000000NEJOR           2009        M01                 2.2
JTS000000NEJOR           2009        M02                 2.3
JTS000000NEJOR           2009        M03                 2.1
JTS000000NEJOR           2009        M04                 1.8
JTS000000NEJOR           2009        M05                 2.0
JTS000000NEJOR           2009        M06                 2.2
JTS000000NEJOR           2009        M07                 1.8
JTS000000NEJOR           2009        M08                 1.9
JTS000000NEJOR           2009        M09                 2.1
JTS000000NEJOR           2009        M10                 1.9
JTS000000NEJOR           2009        M11                 1.9
JTS000000NEJOR           2009        M12                 1.9
JTS000000NEJOR           2010        M01                 2.0
JTS000000NEJOR           2010        M02                 2.1
JTS000000NEJOR           2010        M03                 2.0
JTS000000NEJOR           2010        M04                 2.7
JTS000000NEJOR           2010        M05                 2.4
JTS000000NEJOR           2010        M06                 2.3
JTS000000NEJOR           2010        M07                 2.4
JTS000000NEJOR           2010        M08                 2.3
JTS000000NEJOR           2010        M09                 2.1
JTS000000NEJOR           2010        M10                 2.4
JTS000000NEJOR           2010        M11                 2.2
JTS000000NEJOR           2010        M12                 2.1
JTS000000NEJOR           2011        M01                 2.5
JTS000000NEJOR           2011        M02                 2.3
JTS000000NEJOR           2011        M03                 2.3
JTS000000NEJOR           2011        M04                 2.3
JTS000000NEJOR           2011        M05                 2.3
JTS000000NEJOR           2011        M06                 2.2
JTS000000NEJOR           2011        M07                 2.3
JTS000000NEJOR           2011        M08                 2.2
JTS000000NEJOR           2011        M09                 2.4
JTS000000NEJOR           2011        M10                 2.2
JTS000000NEJOR           2011        M11                 2.2
JTS000000NEJOR           2011        M12                 2.2
JTS000000NEJOR           2012        M01                 2.4
JTS000000NEJOR           2012        M02                 2.5
JTS000000NEJOR           2012        M03                 2.6
JTS000000NEJOR           2012        M04                 2.7
JTS000000NEJOR           2012        M05                 2.6
JTS000000NEJOR           2012        M06                 2.6
JTS000000NEJOR           2012        M07                 2.6
JTS000000NEJOR           2012        M08                 2.6
JTS000000NEJOR           2012        M09                 2.5
JTS000000NEJOR           2012        M10                 2.5
JTS000000NEJOR           2012        M11                 2.5
JTS000000NEJOR           2012        M12                 2.4
JTS000000NEJOR           2013        M01                 2.7
JTS000000NEJOR           2013        M02                 2.7
JTS000000NEJOR           2013        M03                 2.8
JTS000000NEJOR           2013        M04                 2.5
JTS000000NEJOR           2013        M05                 2.6
JTS000000NEJOR           2013        M06                 2.6
JTS000000NEJOR           2013        M07                 2.3
JTS000000NEJOR           2013        M08                 2.6
JTS000000NEJOR           2013        M09                 2.6
JTS000000NEJOR           2013        M10                 2.5
JTS000000NEJOR           2013        M11                 2.5
JTS000000NEJOR           2013        M12                 2.5
JTS000000NEJOR           2014        M01                 2.5
JTS000000NEJOR           2014        M02                 2.4
JTS000000NEJOR           2014        M03                 2.6
JTS000000NEJOR           2014        M04                 3.0
JTS000000NEJOR           2014        M05                 2.9
JTS000000NEJOR           2014        M06                 3.0
JTS000000NEJOR           2014        M07                 3.0
JTS000000NEJOR           2014        M08                 3.0
JTS000000NEJOR           2014        M09                 2.8
JTS000000NEJOR           2014        M10                 2.9
JTS000000NEJOR           2014        M11                 2.8
JTS000000NEJOR           2014        M12                 2.8
JTS000000NEJOR           2015        M01                 3.1
JTS000000NEJOR           2015        M02                 3.1
JTS000000NEJOR           2015        M03                 3.1
JTS000000NEJOR           2015        M04                 3.3
JTS000000NEJOR           2015        M05                 3.2
JTS000000NEJOR           2015        M06                 3.0
JTS000000NEJOR           2015        M07                 3.6
JTS000000NEJOR           2015        M08                 3.1
JTS000000NEJOR           2015        M09                 3.2
JTS000000NEJOR           2015        M10                 3.4
JTS000000NEJOR           2015        M11                 3.2
JTS000000NEJOR           2015        M12                 3.2
JTS000000NEJOR           2016        M01                 3.3
JTS000000NEJOR           2016        M02                 3.2
JTS000000NEJOR           2016        M03                 3.2
JTS000000NEJOR           2016        M04                 3.2
JTS000000NEJOR           2016        M05                 3.4
JTS000000NEJOR           2016        M06                 3.3
JTS000000NEJOR           2016        M07                 3.7
JTS000000NEJOR           2016        M08                 3.5
JTS000000NEJOR           2016        M09                 3.7
JTS000000NEJOR           2016        M10                 3.5
JTS000000NEJOR           2016        M11                 3.4
JTS000000NEJOR           2016        M12                 3.5
JTS000000NEJOR           2017        M01                 3.6
JTS000000NEJOR           2017        M02                 3.9
JTS000000NEJOR           2017        M03                 3.7
JTS000000NEJOR           2017        M04                 3.9
JTS000000NEJOR           2017        M05                 3.8
JTS000000NEJOR           2017        M06                 3.8
JTS000000NEJOR           2017        M07                 4.0
JTS000000NEJOR           2017        M08                 3.9
JTS000000NEJOR           2017        M09                 3.8
JTS000000NEJOR           2017        M10                 3.6
JTS000000NEJOR           2017        M11                 3.6
JTS000000NEJOR           2017        M12                 3.5        p
JTS000000SOJOL           2000        M12                1453
JTS000000SOJOL           2001        M01                1929
JTS000000SOJOL           2001        M02                1741
JTS000000SOJOL           2001        M03                1595
JTS000000SOJOL           2001        M04                1698
JTS000000SOJOL           2001        M05                1592
JTS000000SOJOL           2001        M06                1533
JTS000000SOJOL           2001        M07                1578
JTS000000SOJOL           2001        M08                1478
JTS000000SOJOL           2001        M09                1444
JTS000000SOJOL           2001        M10                1343
JTS000000SOJOL           2001        M11                1292
JTS000000SOJOL           2001        M12                1278
JTS000000SOJOL           2002        M01                1380
JTS000000SOJOL           2002        M02                1231
JTS000000SOJOL           2002        M03                1309
JTS000000SOJOL           2002        M04                1285
JTS000000SOJOL           2002        M05                1410
JTS000000SOJOL           2002        M06                1279
JTS000000SOJOL           2002        M07                1164
JTS000000SOJOL           2002        M08                1332
JTS000000SOJOL           2002        M09                1257
JTS000000SOJOL           2002        M10                1279
JTS000000SOJOL           2002        M11                1254
JTS000000SOJOL           2002        M12                1088
JTS000000SOJOL           2003        M01                1311
JTS000000SOJOL           2003        M02                1224
JTS000000SOJOL           2003        M03                1102
JTS000000SOJOL           2003        M04                1236
JTS000000SOJOL           2003        M05                1244
JTS000000SOJOL           2003        M06                1222
JTS000000SOJOL           2003        M07                1227
JTS000000SOJOL           2003        M08                1220
JTS000000SOJOL           2003        M09                1210
JTS000000SOJOL           2003        M10                1241
JTS000000SOJOL           2003        M11                1248
JTS000000SOJOL           2003        M12                1297
JTS000000SOJOL           2004        M01                1412
JTS000000SOJOL           2004        M02                1373
JTS000000SOJOL           2004        M03                1324
JTS000000SOJOL           2004        M04                1438
JTS000000SOJOL           2004        M05                1388
JTS000000SOJOL           2004        M06                1382
JTS000000SOJOL           2004        M07                1548
JTS000000SOJOL           2004        M08                1468
JTS000000SOJOL           2004        M09                1447
JTS000000SOJOL           2004        M10                1481
JTS000000SOJOL           2004        M11                1244
JTS000000SOJOL           2004        M12                1368
JTS000000SOJOL           2005        M01                1479
JTS000000SOJOL           2005        M02                1496
JTS000000SOJOL           2005        M03                1516
JTS000000SOJOL           2005        M04                1662
JTS000000SOJOL           2005        M05                1516
JTS000000SOJOL           2005        M06                1535
JTS000000SOJOL           2005        M07                1705
JTS000000SOJOL           2005        M08                1549
JTS000000SOJOL           2005        M09                1660
JTS000000SOJOL           2005        M10                1631
JTS000000SOJOL           2005        M11                1669
JTS000000SOJOL           2005        M12                1649
JTS000000SOJOL           2006        M01                1666
JTS000000SOJOL           2006        M02                1649
JTS000000SOJOL           2006        M03                1782
JTS000000SOJOL           2006        M04                1872
JTS000000SOJOL           2006        M05                1783
JTS000000SOJOL           2006        M06                1765
JTS000000SOJOL           2006        M07                1666
JTS000000SOJOL           2006        M08                1762
JTS000000SOJOL           2006        M09                1740
JTS000000SOJOL           2006        M10                1811
JTS000000SOJOL           2006        M11                1653
JTS000000SOJOL           2006        M12                1702
JTS000000SOJOL           2007        M01                1842
JTS000000SOJOL           2007        M02                1781
JTS000000SOJOL           2007        M03                1903
JTS000000SOJOL           2007        M04                1999
JTS000000SOJOL           2007        M05                1871
JTS000000SOJOL           2007        M06                1792
JTS000000SOJOL           2007        M07                1716
JTS000000SOJOL           2007        M08                1842
JTS000000SOJOL           2007        M09                1788
JTS000000SOJOL           2007        M10                1685
JTS000000SOJOL           2007        M11                1657
JTS000000SOJOL           2007        M12                1580
JTS000000SOJOL           2008        M01                1673
JTS000000SOJOL           2008        M02                1602
JTS000000SOJOL           2008        M03                1532
JTS000000SOJOL           2008        M04                1576
JTS000000SOJOL           2008        M05                1559
JTS000000SOJOL           2008        M06                1565
JTS000000SOJOL           2008        M07                1527
JTS000000SOJOL           2008        M08                1420
JTS000000SOJOL           2008        M09                1258
JTS000000SOJOL           2008        M10                1312
JTS000000SOJOL           2008        M11                1174
JTS000000SOJOL           2008        M12                1084
JTS000000SOJOL           2009        M01                1049
JTS000000SOJOL           2009        M02                1062
JTS000000SOJOL           2009        M03                 958
JTS000000SOJOL           2009        M04                 919
JTS000000SOJOL           2009        M05                 863
JTS000000SOJOL           2009        M06                 864
JTS000000SOJOL           2009        M07                 828
JTS000000SOJOL           2009        M08                 868
JTS000000SOJOL           2009        M09                 882
JTS000000SOJOL           2009        M10                 850
JTS000000SOJOL           2009        M11                 852
JTS000000SOJOL           2009        M12                 886
JTS000000SOJOL           2010        M01                 930
JTS000000SOJOL           2010        M02                 842
JTS000000SOJOL           2010        M03                 950
JTS000000SOJOL           2010        M04                1120
JTS000000SOJOL           2010        M05                1033
JTS000000SOJOL           2010        M06                 970
JTS000000SOJOL           2010        M07                1047
JTS000000SOJOL           2010        M08                1039
JTS000000SOJOL           2010        M09                1039
JTS000000SOJOL           2010        M10                1142
JTS000000SOJOL           2010        M11                1001
JTS000000SOJOL           2010        M12                1013
JTS000000SOJOL           2011        M01                1026
JTS000000SOJOL           2011        M02                1093
JTS000000SOJOL           2011        M03                1072
JTS000000SOJOL           2011        M04                1139
JTS000000SOJOL           2011        M05                1101
JTS000000SOJOL           2011        M06                1110
JTS000000SOJOL           2011        M07                1287
JTS000000SOJOL           2011        M08                1158
JTS000000SOJOL           2011        M09                1334
JTS000000SOJOL           2011        M10                1305
JTS000000SOJOL           2011        M11                1263
JTS000000SOJOL           2011        M12                1386
JTS000000SOJOL           2012        M01                1575
JTS000000SOJOL           2012        M02                1379
JTS000000SOJOL           2012        M03                1489
JTS000000SOJOL           2012        M04                1445
JTS000000SOJOL           2012        M05                1495
JTS000000SOJOL           2012        M06                1479
JTS000000SOJOL           2012        M07                1426
JTS000000SOJOL           2012        M08                1461
JTS000000SOJOL           2012        M09                1272
JTS000000SOJOL           2012        M10                1438
JTS000000SOJOL           2012        M11                1326
JTS000000SOJOL           2012        M12                1313
JTS000000SOJOL           2013        M01                1522
JTS000000SOJOL           2013        M02                1535
JTS000000SOJOL           2013        M03                1502
JTS000000SOJOL           2013        M04                1559
JTS000000SOJOL           2013        M05                1505
JTS000000SOJOL           2013        M06                1582
JTS000000SOJOL           2013        M07                1559
JTS000000SOJOL           2013        M08                1477
JTS000000SOJOL           2013        M09                1493
JTS000000SOJOL           2013        M10                1504
JTS000000SOJOL           2013        M11                1411
JTS000000SOJOL           2013        M12                1375
JTS000000SOJOL           2014        M01                1466
JTS000000SOJOL           2014        M02                1609
JTS000000SOJOL           2014        M03                1633
JTS000000SOJOL           2014        M04                1730
JTS000000SOJOL           2014        M05                1742
JTS000000SOJOL           2014        M06                1769
JTS000000SOJOL           2014        M07                1712
JTS000000SOJOL           2014        M08                1979
JTS000000SOJOL           2014        M09                1774
JTS000000SOJOL           2014        M10                1887
JTS000000SOJOL           2014        M11                1808
JTS000000SOJOL           2014        M12                1876
JTS000000SOJOL           2015        M01                1914
JTS000000SOJOL           2015        M02                1871
JTS000000SOJOL           2015        M03                1875
JTS000000SOJOL           2015        M04                2153
JTS000000SOJOL           2015        M05                2075
JTS000000SOJOL           2015        M06                2037
JTS000000SOJOL           2015        M07                2326
JTS000000SOJOL           2015        M08                2167
JTS000000SOJOL           2015        M09                2033
JTS000000SOJOL           2015        M10                2106
JTS000000SOJOL           2015        M11                2140
JTS000000SOJOL           2015        M12                2041
JTS000000SOJOL           2016        M01                2140
JTS000000SOJOL           2016        M02                2138
JTS000000SOJOL           2016        M03                2278
JTS000000SOJOL           2016        M04                2141
JTS000000SOJOL           2016        M05                2049
JTS000000SOJOL           2016        M06                2108
JTS000000SOJOL           2016        M07                2183
JTS000000SOJOL           2016        M08                1938
JTS000000SOJOL           2016        M09                2071
JTS000000SOJOL           2016        M10                1978
JTS000000SOJOL           2016        M11                2079
JTS000000SOJOL           2016        M12                2008
JTS000000SOJOL           2017        M01                2024
JTS000000SOJOL           2017        M02                2060
JTS000000SOJOL           2017        M03                2160
JTS000000SOJOL           2017        M04                2190
JTS000000SOJOL           2017        M05                2062
JTS000000SOJOL           2017        M06                2234
JTS000000SOJOL           2017        M07                2243
JTS000000SOJOL           2017        M08                2125
JTS000000SOJOL           2017        M09                2174
JTS000000SOJOL           2017        M10                2072
JTS000000SOJOL           2017        M11                2146
JTS000000SOJOL           2017        M12                2029        p
JTS000000SOJOR           2000        M12                 3.0
JTS000000SOJOR           2001        M01                 4.0
JTS000000SOJOR           2001        M02                 3.6
JTS000000SOJOR           2001        M03                 3.3
JTS000000SOJOR           2001        M04                 3.5
JTS000000SOJOR           2001        M05                 3.3
JTS000000SOJOR           2001        M06                 3.2
JTS000000SOJOR           2001        M07                 3.3
JTS000000SOJOR           2001        M08                 3.1
JTS000000SOJOR           2001        M09                 3.0
JTS000000SOJOR           2001        M10                 2.8
JTS000000SOJOR           2001        M11                 2.7
JTS000000SOJOR           2001        M12                 2.7
JTS000000SOJOR           2002        M01                 2.9
JTS000000SOJOR           2002        M02                 2.6
JTS000000SOJOR           2002        M03                 2.8
JTS000000SOJOR           2002        M04                 2.7
JTS000000SOJOR           2002        M05                 3.0
JTS000000SOJOR           2002        M06                 2.7
JTS000000SOJOR           2002        M07                 2.5
JTS000000SOJOR           2002        M08                 2.8
JTS000000SOJOR           2002        M09                 2.7
JTS000000SOJOR           2002        M10                 2.7
JTS000000SOJOR           2002        M11                 2.6
JTS000000SOJOR           2002        M12                 2.3
JTS000000SOJOR           2003        M01                 2.8
JTS000000SOJOR           2003        M02                 2.6
JTS000000SOJOR           2003        M03                 2.3
JTS000000SOJOR           2003        M04                 2.6
JTS000000SOJOR           2003        M05                 2.6
JTS000000SOJOR           2003        M06                 2.6
JTS000000SOJOR           2003        M07                 2.6
JTS000000SOJOR           2003        M08                 2.6
JTS000000SOJOR           2003        M09                 2.5
JTS000000SOJOR           2003        M10                 2.6
JTS000000SOJOR           2003        M11                 2.6
JTS000000SOJOR           2003        M12                 2.7
JTS000000SOJOR           2004        M01                 2.9
JTS000000SOJOR           2004        M02                 2.9
JTS000000SOJOR           2004        M03                 2.8
JTS000000SOJOR           2004        M04                 3.0
JTS000000SOJOR           2004        M05                 2.9
JTS000000SOJOR           2004        M06                 2.9
JTS000000SOJOR           2004        M07                 3.2
JTS000000SOJOR           2004        M08                 3.0
JTS000000SOJOR           2004        M09                 3.0
JTS000000SOJOR           2004        M10                 3.0
JTS000000SOJOR           2004        M11                 2.6
JTS000000SOJOR           2004        M12                 2.8
JTS000000SOJOR           2005        M01                 3.0
JTS000000SOJOR           2005        M02                 3.1
JTS000000SOJOR           2005        M03                 3.1
JTS000000SOJOR           2005        M04                 3.4
JTS000000SOJOR           2005        M05                 3.1
JTS000000SOJOR           2005        M06                 3.1
JTS000000SOJOR           2005        M07                 3.4
JTS000000SOJOR           2005        M08                 3.1
JTS000000SOJOR           2005        M09                 3.3
JTS000000SOJOR           2005        M10                 3.3
JTS000000SOJOR           2005        M11                 3.3
JTS000000SOJOR           2005        M12                 3.3
JTS000000SOJOR           2006        M01                 3.3
JTS000000SOJOR           2006        M02                 3.3
JTS000000SOJOR           2006        M03                 3.5
JTS000000SOJOR           2006        M04                 3.7
JTS000000SOJOR           2006        M05                 3.5
JTS000000SOJOR           2006        M06                 3.5
JTS000000SOJOR           2006        M07                 3.3
JTS000000SOJOR           2006        M08                 3.5
JTS000000SOJOR           2006        M09                 3.4
JTS000000SOJOR           2006        M10                 3.5
JTS000000SOJOR           2006        M11                 3.2
JTS000000SOJOR           2006        M12                 3.3
JTS000000SOJOR           2007        M01                 3.6
JTS000000SOJOR           2007        M02                 3.5
JTS000000SOJOR           2007        M03                 3.7
JTS000000SOJOR           2007        M04                 3.9
JTS000000SOJOR           2007        M05                 3.6
JTS000000SOJOR           2007        M06                 3.5
JTS000000SOJOR           2007        M07                 3.3
JTS000000SOJOR           2007        M08                 3.6
JTS000000SOJOR           2007        M09                 3.5
JTS000000SOJOR           2007        M10                 3.3
JTS000000SOJOR           2007        M11                 3.2
JTS000000SOJOR           2007        M12                 3.1
JTS000000SOJOR           2008        M01                 3.2
JTS000000SOJOR           2008        M02                 3.1
JTS000000SOJOR           2008        M03                 3.0
JTS000000SOJOR           2008        M04                 3.1
JTS000000SOJOR           2008        M05                 3.0
JTS000000SOJOR           2008        M06                 3.0
JTS000000SOJOR           2008        M07                 3.0
JTS000000SOJOR           2008        M08                 2.8
JTS000000SOJOR           2008        M09                 2.5
JTS000000SOJOR           2008        M10                 2.6
JTS000000SOJOR           2008        M11                 2.3
JTS000000SOJOR           2008        M12                 2.2
JTS000000SOJOR           2009        M01                 2.1
JTS000000SOJOR           2009        M02                 2.2
JTS000000SOJOR           2009        M03                 2.0
JTS000000SOJOR           2009        M04                 1.9
JTS000000SOJOR           2009        M05                 1.8
JTS000000SOJOR           2009        M06                 1.8
JTS000000SOJOR           2009        M07                 1.7
JTS000000SOJOR           2009        M08                 1.8
JTS000000SOJOR           2009        M09                 1.8
JTS000000SOJOR           2009        M10                 1.8
JTS000000SOJOR           2009        M11                 1.8
JTS000000SOJOR           2009        M12                 1.9
JTS000000SOJOR           2010        M01                 1.9
JTS000000SOJOR           2010        M02                 1.8
JTS000000SOJOR           2010        M03                 2.0
JTS000000SOJOR           2010        M04                 2.3
JTS000000SOJOR           2010        M05                 2.1
JTS000000SOJOR           2010        M06                 2.0
JTS000000SOJOR           2010        M07                 2.2
JTS000000SOJOR           2010        M08                 2.1
JTS000000SOJOR           2010        M09                 2.1
JTS000000SOJOR           2010        M10                 2.4
JTS000000SOJOR           2010        M11                 2.1
JTS000000SOJOR           2010        M12                 2.1
JTS000000SOJOR           2011        M01                 2.1
JTS000000SOJOR           2011        M02                 2.2
JTS000000SOJOR           2011        M03                 2.2
JTS000000SOJOR           2011        M04                 2.3
JTS000000SOJOR           2011        M05                 2.2
JTS000000SOJOR           2011        M06                 2.3
JTS000000SOJOR           2011        M07                 2.6
JTS000000SOJOR           2011        M08                 2.4
JTS000000SOJOR           2011        M09                 2.7
JTS000000SOJOR           2011        M10                 2.6
JTS000000SOJOR           2011        M11                 2.6
JTS000000SOJOR           2011        M12                 2.8
JTS000000SOJOR           2012        M01                 3.1
JTS000000SOJOR           2012        M02                 2.8
JTS000000SOJOR           2012        M03                 3.0
JTS000000SOJOR           2012        M04                 2.9
JTS000000SOJOR           2012        M05                 3.0
JTS000000SOJOR           2012        M06                 3.0
JTS000000SOJOR           2012        M07                 2.8
JTS000000SOJOR           2012        M08                 2.9
JTS000000SOJOR           2012        M09                 2.5
JTS000000SOJOR           2012        M10                 2.9
JTS000000SOJOR           2012        M11                 2.6
JTS000000SOJOR           2012        M12                 2.6
JTS000000SOJOR           2013        M01                 3.0
JTS000000SOJOR           2013        M02                 3.0
JTS000000SOJOR           2013        M03                 3.0
JTS000000SOJOR           2013        M04                 3.1
JTS000000SOJOR           2013        M05                 3.0
JTS000000SOJOR           2013        M06                 3.1
JTS000000SOJOR           2013        M07                 3.1
JTS000000SOJOR           2013        M08                 2.9
JTS000000SOJOR           2013        M09                 2.9
JTS000000SOJOR           2013        M10                 2.9
JTS000000SOJOR           2013        M11                 2.8
JTS000000SOJOR           2013        M12                 2.7
JTS000000SOJOR           2014        M01                 2.9
JTS000000SOJOR           2014        M02                 3.1
JTS000000SOJOR           2014        M03                 3.2
JTS000000SOJOR           2014        M04                 3.3
JTS000000SOJOR           2014        M05                 3.3
JTS000000SOJOR           2014        M06                 3.4
JTS000000SOJOR           2014        M07                 3.3
JTS000000SOJOR           2014        M08                 3.8
JTS000000SOJOR           2014        M09                 3.4
JTS000000SOJOR           2014        M10                 3.6
JTS000000SOJOR           2014        M11                 3.4
JTS000000SOJOR           2014        M12                 3.5
JTS000000SOJOR           2015        M01                 3.6
JTS000000SOJOR           2015        M02                 3.5
JTS000000SOJOR           2015        M03                 3.5
JTS000000SOJOR           2015        M04                 4.0
JTS000000SOJOR           2015        M05                 3.9
JTS000000SOJOR           2015        M06                 3.8
JTS000000SOJOR           2015        M07                 4.3
JTS000000SOJOR           2015        M08                 4.0
JTS000000SOJOR           2015        M09                 3.8
JTS000000SOJOR           2015        M10                 3.9
JTS000000SOJOR           2015        M11                 3.9
JTS000000SOJOR           2015        M12                 3.8
JTS000000SOJOR           2016        M01                 3.9
JTS000000SOJOR           2016        M02                 3.9
JTS000000SOJOR           2016        M03                 4.2
JTS000000SOJOR           2016        M04                 3.9
JTS000000SOJOR           2016        M05                 3.8
JTS000000SOJOR           2016        M06                 3.9
JTS000000SOJOR           2016        M07                 4.0
JTS000000SOJOR           2016        M08                 3.5
JTS000000SOJOR           2016        M09                 3.8
JTS000000SOJOR           2016        M10                 3.6
JTS000000SOJOR           2016        M11                 3.8
JTS000000SOJOR           2016        M12                 3.7
JTS000000SOJOR           2017        M01                 3.7
JTS000000SOJOR           2017        M02                 3.7
JTS000000SOJOR           2017        M03                 3.9
JTS000000SOJOR           2017        M04                 4.0
JTS000000SOJOR           2017        M05                 3.7
JTS000000SOJOR           2017        M06                 4.0
JTS000000SOJOR           2017        M07                 4.0
JTS000000SOJOR           2017        M08                 3.8
JTS000000SOJOR           2017        M09                 3.9
JTS000000SOJOR           2017        M10                 3.7
JTS000000SOJOR           2017        M11                 3.8
JTS000000SOJOR           2017        M12                 3.6        p
JTS000000WEJOL           2000        M12                1230
JTS000000WEJOL           2001        M01                1285
JTS000000WEJOL           2001        M02                1055
JTS000000WEJOL           2001        M03                1059
JTS000000WEJOL           2001        M04                1068
JTS000000WEJOL           2001        M05                 960
JTS000000WEJOL           2001        M06                 918
JTS000000WEJOL           2001        M07                1056
JTS000000WEJOL           2001        M08                 845
JTS000000WEJOL           2001        M09                 844
JTS000000WEJOL           2001        M10                 803
JTS000000WEJOL           2001        M11                 784
JTS000000WEJOL           2001        M12                 669
JTS000000WEJOL           2002        M01                 885
JTS000000WEJOL           2002        M02                 753
JTS000000WEJOL           2002        M03                 750
JTS000000WEJOL           2002        M04                 802
JTS000000WEJOL           2002        M05                 817
JTS000000WEJOL           2002        M06                 746
JTS000000WEJOL           2002        M07                 770
JTS000000WEJOL           2002        M08                 795
JTS000000WEJOL           2002        M09                 730
JTS000000WEJOL           2002        M10                 833
JTS000000WEJOL           2002        M11                 774
JTS000000WEJOL           2002        M12                 719
JTS000000WEJOL           2003        M01                1055
JTS000000WEJOL           2003        M02                 842
JTS000000WEJOL           2003        M03                 742
JTS000000WEJOL           2003        M04                 753
JTS000000WEJOL           2003        M05                 727
JTS000000WEJOL           2003        M06                 837
JTS000000WEJOL           2003        M07                 757
JTS000000WEJOL           2003        M08                 766
JTS000000WEJOL           2003        M09                 696
JTS000000WEJOL           2003        M10                 693
JTS000000WEJOL           2003        M11                 625
JTS000000WEJOL           2003        M12                 689
JTS000000WEJOL           2004        M01                 747
JTS000000WEJOL           2004        M02                 725
JTS000000WEJOL           2004        M03                 701
JTS000000WEJOL           2004        M04                 754
JTS000000WEJOL           2004        M05                 885
JTS000000WEJOL           2004        M06                 823
JTS000000WEJOL           2004        M07                 974
JTS000000WEJOL           2004        M08                 834
JTS000000WEJOL           2004        M09                 906
JTS000000WEJOL           2004        M10                 893
JTS000000WEJOL           2004        M11                 752
JTS000000WEJOL           2004        M12                 904
JTS000000WEJOL           2005        M01                 823
JTS000000WEJOL           2005        M02                 909
JTS000000WEJOL           2005        M03                 889
JTS000000WEJOL           2005        M04                1037
JTS000000WEJOL           2005        M05                 901
JTS000000WEJOL           2005        M06                 964
JTS000000WEJOL           2005        M07                 983
JTS000000WEJOL           2005        M08                1003
JTS000000WEJOL           2005        M09                 985
JTS000000WEJOL           2005        M10                 990
JTS000000WEJOL           2005        M11                1069
JTS000000WEJOL           2005        M12                1044
JTS000000WEJOL           2006        M01                1059
JTS000000WEJOL           2006        M02                1036
JTS000000WEJOL           2006        M03                1129
JTS000000WEJOL           2006        M04                1173
JTS000000WEJOL           2006        M05                1058
JTS000000WEJOL           2006        M06                1030
JTS000000WEJOL           2006        M07                 971
JTS000000WEJOL           2006        M08                1091
JTS000000WEJOL           2006        M09                1106
JTS000000WEJOL           2006        M10                1057
JTS000000WEJOL           2006        M11                1103
JTS000000WEJOL           2006        M12                1036
JTS000000WEJOL           2007        M01                1162
JTS000000WEJOL           2007        M02                1090
JTS000000WEJOL           2007        M03                1142
JTS000000WEJOL           2007        M04                1188
JTS000000WEJOL           2007        M05                1089
JTS000000WEJOL           2007        M06                1179
JTS000000WEJOL           2007        M07                1119
JTS000000WEJOL           2007        M08                1140
JTS000000WEJOL           2007        M09                1200
JTS000000WEJOL           2007        M10                1085
JTS000000WEJOL           2007        M11                1047
JTS000000WEJOL           2007        M12                1081
JTS000000WEJOL           2008        M01                1025
JTS000000WEJOL           2008        M02                1004
JTS000000WEJOL           2008        M03                 989
JTS000000WEJOL           2008        M04                 978
JTS000000WEJOL           2008        M05                 964
JTS000000WEJOL           2008        M06                 805
JTS000000WEJOL           2008        M07                 883
JTS000000WEJOL           2008        M08                 839
JTS000000WEJOL           2008        M09                 725
JTS000000WEJOL           2008        M10                 666
JTS000000WEJOL           2008        M11                 663
JTS000000WEJOL           2008        M12                 559
JTS000000WEJOL           2009        M01                 610
JTS000000WEJOL           2009        M02                 594
JTS000000WEJOL           2009        M03                 538
JTS000000WEJOL           2009        M04                 525
JTS000000WEJOL           2009        M05                 579
JTS000000WEJOL           2009        M06                 555
JTS000000WEJOL           2009        M07                 472
JTS000000WEJOL           2009        M08                 532
JTS000000WEJOL           2009        M09                 563
JTS000000WEJOL           2009        M10                 580
JTS000000WEJOL           2009        M11                 520
JTS000000WEJOL           2009        M12                 556
JTS000000WEJOL           2010        M01                 668
JTS000000WEJOL           2010        M02                 662
JTS000000WEJOL           2010        M03                 657
JTS000000WEJOL           2010        M04                 822
JTS000000WEJOL           2010        M05                 696
JTS000000WEJOL           2010        M06                 586
JTS000000WEJOL           2010        M07                 707
JTS000000WEJOL           2010        M08                 678
JTS000000WEJOL           2010        M09                 660
JTS000000WEJOL           2010        M10                 714
JTS000000WEJOL           2010        M11                 747
JTS000000WEJOL           2010        M12                 741
JTS000000WEJOL           2011        M01                 663
JTS000000WEJOL           2011        M02                 745
JTS000000WEJOL           2011        M03                 768
JTS000000WEJOL           2011        M04                 783
JTS000000WEJOL           2011        M05                 733
JTS000000WEJOL           2011        M06                 810
JTS000000WEJOL           2011        M07                 822
JTS000000WEJOL           2011        M08                 720
JTS000000WEJOL           2011        M09                 811
JTS000000WEJOL           2011        M10                 822
JTS000000WEJOL           2011        M11                 677
JTS000000WEJOL           2011        M12                 698
JTS000000WEJOL           2012        M01                 716
JTS000000WEJOL           2012        M02                 688
JTS000000WEJOL           2012        M03                 760
JTS000000WEJOL           2012        M04                 766
JTS000000WEJOL           2012        M05                 766
JTS000000WEJOL           2012        M06                 843
JTS000000WEJOL           2012        M07                 775
JTS000000WEJOL           2012        M08                 775
JTS000000WEJOL           2012        M09                 793
JTS000000WEJOL           2012        M10                 772
JTS000000WEJOL           2012        M11                 757
JTS000000WEJOL           2012        M12                 780
JTS000000WEJOL           2013        M01                 797
JTS000000WEJOL           2013        M02                 895
JTS000000WEJOL           2013        M03                 851
JTS000000WEJOL           2013        M04                 888
JTS000000WEJOL           2013        M05                 837
JTS000000WEJOL           2013        M06                 806
JTS000000WEJOL           2013        M07                 877
JTS000000WEJOL           2013        M08                 900
JTS000000WEJOL           2013        M09                 894
JTS000000WEJOL           2013        M10                 911
JTS000000WEJOL           2013        M11                 896
JTS000000WEJOL           2013        M12                 882
JTS000000WEJOL           2014        M01                 948
JTS000000WEJOL           2014        M02                 968
JTS000000WEJOL           2014        M03                 926
JTS000000WEJOL           2014        M04                1015
JTS000000WEJOL           2014        M05                1044
JTS000000WEJOL           2014        M06                1067
JTS000000WEJOL           2014        M07                1074
JTS000000WEJOL           2014        M08                1158
JTS000000WEJOL           2014        M09                1062
JTS000000WEJOL           2014        M10                1192
JTS000000WEJOL           2014        M11                1089
JTS000000WEJOL           2014        M12                1082
JTS000000WEJOL           2015        M01                1196
JTS000000WEJOL           2015        M02                1213
JTS000000WEJOL           2015        M03                1221
JTS000000WEJOL           2015        M04                1355
JTS000000WEJOL           2015        M05                1295
JTS000000WEJOL           2015        M06                1163
JTS000000WEJOL           2015        M07                1325
JTS000000WEJOL           2015        M08                1222
JTS000000WEJOL           2015        M09                1241
JTS000000WEJOL           2015        M10                1188
JTS000000WEJOL           2015        M11                1114
JTS000000WEJOL           2015        M12                1295
JTS000000WEJOL           2016        M01                1372
JTS000000WEJOL           2016        M02                1297
JTS000000WEJOL           2016        M03                1359
JTS000000WEJOL           2016        M04                1347
JTS000000WEJOL           2016        M05                1287
JTS000000WEJOL           2016        M06                1286
JTS000000WEJOL           2016        M07                1429
JTS000000WEJOL           2016        M08                1354
JTS000000WEJOL           2016        M09                1330
JTS000000WEJOL           2016        M10                1349
JTS000000WEJOL           2016        M11                1347
JTS000000WEJOL           2016        M12                1312
JTS000000WEJOL           2017        M01                1279
JTS000000WEJOL           2017        M02                1236
JTS000000WEJOL           2017        M03                1243
JTS000000WEJOL           2017        M04                1250
JTS000000WEJOL           2017        M05                1288
JTS000000WEJOL           2017        M06                1356
JTS000000WEJOL           2017        M07                1400
JTS000000WEJOL           2017        M08                1343
JTS000000WEJOL           2017        M09                1342
JTS000000WEJOL           2017        M10                1335
JTS000000WEJOL           2017        M11                1343
JTS000000WEJOL           2017        M12                1384        p
JTS000000WEJOR           2000        M12                 4.1
JTS000000WEJOR           2001        M01                 4.3
JTS000000WEJOR           2001        M02                 3.5
JTS000000WEJOR           2001        M03                 3.5
JTS000000WEJOR           2001        M04                 3.6
JTS000000WEJOR           2001        M05                 3.2
JTS000000WEJOR           2001        M06                 3.1
JTS000000WEJOR           2001        M07                 3.5
JTS000000WEJOR           2001        M08                 2.9
JTS000000WEJOR           2001        M09                 2.9
JTS000000WEJOR           2001        M10                 2.7
JTS000000WEJOR           2001        M11                 2.7
JTS000000WEJOR           2001        M12                 2.3
JTS000000WEJOR           2002        M01                 3.0
JTS000000WEJOR           2002        M02                 2.6
JTS000000WEJOR           2002        M03                 2.6
JTS000000WEJOR           2002        M04                 2.7
JTS000000WEJOR           2002        M05                 2.8
JTS000000WEJOR           2002        M06                 2.6
JTS000000WEJOR           2002        M07                 2.6
JTS000000WEJOR           2002        M08                 2.7
JTS000000WEJOR           2002        M09                 2.5
JTS000000WEJOR           2002        M10                 2.8
JTS000000WEJOR           2002        M11                 2.6
JTS000000WEJOR           2002        M12                 2.5
JTS000000WEJOR           2003        M01                 3.6
JTS000000WEJOR           2003        M02                 2.9
JTS000000WEJOR           2003        M03                 2.5
JTS000000WEJOR           2003        M04                 2.6
JTS000000WEJOR           2003        M05                 2.5
JTS000000WEJOR           2003        M06                 2.9
JTS000000WEJOR           2003        M07                 2.6
JTS000000WEJOR           2003        M08                 2.6
JTS000000WEJOR           2003        M09                 2.4
JTS000000WEJOR           2003        M10                 2.4
JTS000000WEJOR           2003        M11                 2.1
JTS000000WEJOR           2003        M12                 2.4
JTS000000WEJOR           2004        M01                 2.5
JTS000000WEJOR           2004        M02                 2.5
JTS000000WEJOR           2004        M03                 2.4
JTS000000WEJOR           2004        M04                 2.5
JTS000000WEJOR           2004        M05                 2.9
JTS000000WEJOR           2004        M06                 2.7
JTS000000WEJOR           2004        M07                 3.2
JTS000000WEJOR           2004        M08                 2.8
JTS000000WEJOR           2004        M09                 3.0
JTS000000WEJOR           2004        M10                 3.0
JTS000000WEJOR           2004        M11                 2.5
JTS000000WEJOR           2004        M12                 3.0
JTS000000WEJOR           2005        M01                 2.7
JTS000000WEJOR           2005        M02                 3.0
JTS000000WEJOR           2005        M03                 2.9
JTS000000WEJOR           2005        M04                 3.4
JTS000000WEJOR           2005        M05                 2.9
JTS000000WEJOR           2005        M06                 3.1
JTS000000WEJOR           2005        M07                 3.2
JTS000000WEJOR           2005        M08                 3.2
JTS000000WEJOR           2005        M09                 3.2
JTS000000WEJOR           2005        M10                 3.2
JTS000000WEJOR           2005        M11                 3.4
JTS000000WEJOR           2005        M12                 3.3
JTS000000WEJOR           2006        M01                 3.4
JTS000000WEJOR           2006        M02                 3.3
JTS000000WEJOR           2006        M03                 3.6
JTS000000WEJOR           2006        M04                 3.7
JTS000000WEJOR           2006        M05                 3.3
JTS000000WEJOR           2006        M06                 3.3
JTS000000WEJOR           2006        M07                 3.1
JTS000000WEJOR           2006        M08                 3.4
JTS000000WEJOR           2006        M09                 3.5
JTS000000WEJOR           2006        M10                 3.3
JTS000000WEJOR           2006        M11                 3.5
JTS000000WEJOR           2006        M12                 3.3
JTS000000WEJOR           2007        M01                 3.6
JTS000000WEJOR           2007        M02                 3.4
JTS000000WEJOR           2007        M03                 3.6
JTS000000WEJOR           2007        M04                 3.7
JTS000000WEJOR           2007        M05                 3.4
JTS000000WEJOR           2007        M06                 3.7
JTS000000WEJOR           2007        M07                 3.5
JTS000000WEJOR           2007        M08                 3.6
JTS000000WEJOR           2007        M09                 3.7
JTS000000WEJOR           2007        M10                 3.4
JTS000000WEJOR           2007        M11                 3.3
JTS000000WEJOR           2007        M12                 3.4
JTS000000WEJOR           2008        M01                 3.2
JTS000000WEJOR           2008        M02                 3.1
JTS000000WEJOR           2008        M03                 3.1
JTS000000WEJOR           2008        M04                 3.1
JTS000000WEJOR           2008        M05                 3.1
JTS000000WEJOR           2008        M06                 2.6
JTS000000WEJOR           2008        M07                 2.8
JTS000000WEJOR           2008        M08                 2.7
JTS000000WEJOR           2008        M09                 2.3
JTS000000WEJOR           2008        M10                 2.2
JTS000000WEJOR           2008        M11                 2.2
JTS000000WEJOR           2008        M12                 1.8
JTS000000WEJOR           2009        M01                 2.0
JTS000000WEJOR           2009        M02                 2.0
JTS000000WEJOR           2009        M03                 1.8
JTS000000WEJOR           2009        M04                 1.8
JTS000000WEJOR           2009        M05                 2.0
JTS000000WEJOR           2009        M06                 1.9
JTS000000WEJOR           2009        M07                 1.6
JTS000000WEJOR           2009        M08                 1.8
JTS000000WEJOR           2009        M09                 1.9
JTS000000WEJOR           2009        M10                 2.0
JTS000000WEJOR           2009        M11                 1.8
JTS000000WEJOR           2009        M12                 1.9
JTS000000WEJOR           2010        M01                 2.3
JTS000000WEJOR           2010        M02                 2.3
JTS000000WEJOR           2010        M03                 2.2
JTS000000WEJOR           2010        M04                 2.8
JTS000000WEJOR           2010        M05                 2.4
JTS000000WEJOR           2010        M06                 2.0
JTS000000WEJOR           2010        M07                 2.4
JTS000000WEJOR           2010        M08                 2.3
JTS000000WEJOR           2010        M09                 2.3
JTS000000WEJOR           2010        M10                 2.4
JTS000000WEJOR           2010        M11                 2.5
JTS000000WEJOR           2010        M12                 2.5
JTS000000WEJOR           2011        M01                 2.3
JTS000000WEJOR           2011        M02                 2.5
JTS000000WEJOR           2011        M03                 2.6
JTS000000WEJOR           2011        M04                 2.6
JTS000000WEJOR           2011        M05                 2.5
JTS000000WEJOR           2011        M06                 2.7
JTS000000WEJOR           2011        M07                 2.8
JTS000000WEJOR           2011        M08                 2.4
JTS000000WEJOR           2011        M09                 2.7
JTS000000WEJOR           2011        M10                 2.7
JTS000000WEJOR           2011        M11                 2.3
JTS000000WEJOR           2011        M12                 2.3
JTS000000WEJOR           2012        M01                 2.4
JTS000000WEJOR           2012        M02                 2.3
JTS000000WEJOR           2012        M03                 2.5
JTS000000WEJOR           2012        M04                 2.5
JTS000000WEJOR           2012        M05                 2.5
JTS000000WEJOR           2012        M06                 2.7
JTS000000WEJOR           2012        M07                 2.5
JTS000000WEJOR           2012        M08                 2.5
JTS000000WEJOR           2012        M09                 2.6
JTS000000WEJOR           2012        M10                 2.5
JTS000000WEJOR           2012        M11                 2.5
JTS000000WEJOR           2012        M12                 2.5
JTS000000WEJOR           2013        M01                 2.6
JTS000000WEJOR           2013        M02                 2.9
JTS000000WEJOR           2013        M03                 2.7
JTS000000WEJOR           2013        M04                 2.8
JTS000000WEJOR           2013        M05                 2.7
JTS000000WEJOR           2013        M06                 2.6
JTS000000WEJOR           2013        M07                 2.8
JTS000000WEJOR           2013        M08                 2.8
JTS000000WEJOR           2013        M09                 2.8
JTS000000WEJOR           2013        M10                 2.9
JTS000000WEJOR           2013        M11                 2.8
JTS000000WEJOR           2013        M12                 2.8
JTS000000WEJOR           2014        M01                 3.0
JTS000000WEJOR           2014        M02                 3.0
JTS000000WEJOR           2014        M03                 2.9
JTS000000WEJOR           2014        M04                 3.1
JTS000000WEJOR           2014        M05                 3.2
JTS000000WEJOR           2014        M06                 3.3
JTS000000WEJOR           2014        M07                 3.3
JTS000000WEJOR           2014        M08                 3.5
JTS000000WEJOR           2014        M09                 3.2
JTS000000WEJOR           2014        M10                 3.6
JTS000000WEJOR           2014        M11                 3.3
JTS000000WEJOR           2014        M12                 3.3
JTS000000WEJOR           2015        M01                 3.6
JTS000000WEJOR           2015        M02                 3.7
JTS000000WEJOR           2015        M03                 3.7
JTS000000WEJOR           2015        M04                 4.0
JTS000000WEJOR           2015        M05                 3.9
JTS000000WEJOR           2015        M06                 3.5
JTS000000WEJOR           2015        M07                 3.9
JTS000000WEJOR           2015        M08                 3.6
JTS000000WEJOR           2015        M09                 3.7
JTS000000WEJOR           2015        M10                 3.5
JTS000000WEJOR           2015        M11                 3.3
JTS000000WEJOR           2015        M12                 3.8
JTS000000WEJOR           2016        M01                 4.0
JTS000000WEJOR           2016        M02                 3.8
JTS000000WEJOR           2016        M03                 4.0
JTS000000WEJOR           2016        M04                 3.9
JTS000000WEJOR           2016        M05                 3.8
JTS000000WEJOR           2016        M06                 3.8
JTS000000WEJOR           2016        M07                 4.2
JTS000000WEJOR           2016        M08                 3.9
JTS000000WEJOR           2016        M09                 3.9
JTS000000WEJOR           2016        M10                 3.9
JTS000000WEJOR           2016        M11                 3.9
JTS000000WEJOR           2016        M12                 3.8
JTS000000WEJOR           2017        M01                 3.7
JTS000000WEJOR           2017        M02                 3.6
JTS000000WEJOR           2017        M03                 3.6
JTS000000WEJOR           2017        M04                 3.6
JTS000000WEJOR           2017        M05                 3.7
JTS000000WEJOR           2017        M06                 3.9
JTS000000WEJOR           2017        M07                 4.0
JTS000000WEJOR           2017        M08                 3.9
JTS000000WEJOR           2017        M09                 3.9
JTS000000WEJOR           2017        M10                 3.8
JTS000000WEJOR           2017        M11                 3.8
JTS000000WEJOR           2017        M12                 3.9        p
JTS10000000JOL           2000        M12                4264
JTS10000000JOL           2001        M01                4887
JTS10000000JOL           2001        M02                4232
JTS10000000JOL           2001        M03                4084
JTS10000000JOL           2001        M04                4448
JTS10000000JOL           2001        M05                4043
JTS10000000JOL           2001        M06                3755
JTS10000000JOL           2001        M07                4009
JTS10000000JOL           2001        M08                3666
JTS10000000JOL           2001        M09                3593
JTS10000000JOL           2001        M10                3164
JTS10000000JOL           2001        M11                2960
JTS10000000JOL           2001        M12                3000
JTS10000000JOL           2002        M01                3381
JTS10000000JOL           2002        M02                2926
JTS10000000JOL           2002        M03                3112
JTS10000000JOL           2002        M04                3067
JTS10000000JOL           2002        M05                3123
JTS10000000JOL           2002        M06                2959
JTS10000000JOL           2002        M07                3000
JTS10000000JOL           2002        M08                3036
JTS10000000JOL           2002        M09                2918
JTS10000000JOL           2002        M10                3152
JTS10000000JOL           2002        M11                3011
JTS10000000JOL           2002        M12                2598
JTS10000000JOL           2003        M01                3424
JTS10000000JOL           2003        M02                2999
JTS10000000JOL           2003        M03                2685
JTS10000000JOL           2003        M04                2969
JTS10000000JOL           2003        M05                2905
JTS10000000JOL           2003        M06                2927
JTS10000000JOL           2003        M07                2920
JTS10000000JOL           2003        M08                2968
JTS10000000JOL           2003        M09                2768
JTS10000000JOL           2003        M10                2856
JTS10000000JOL           2003        M11                2850
JTS10000000JOL           2003        M12                2901
JTS10000000JOL           2004        M01                3153
JTS10000000JOL           2004        M02                3073
JTS10000000JOL           2004        M03                3012
JTS10000000JOL           2004        M04                3260
JTS10000000JOL           2004        M05                3293
JTS10000000JOL           2004        M06                3085
JTS10000000JOL           2004        M07                3603
JTS10000000JOL           2004        M08                3292
JTS10000000JOL           2004        M09                3392
JTS10000000JOL           2004        M10                3415
JTS10000000JOL           2004        M11                2888
JTS10000000JOL           2004        M12                3279
JTS10000000JOL           2005        M01                3358
JTS10000000JOL           2005        M02                3489
JTS10000000JOL           2005        M03                3467
JTS10000000JOL           2005        M04                3865
JTS10000000JOL           2005        M05                3506
JTS10000000JOL           2005        M06                3648
JTS10000000JOL           2005        M07                3910
JTS10000000JOL           2005        M08                3686
JTS10000000JOL           2005        M09                3833
JTS10000000JOL           2005        M10                3898
JTS10000000JOL           2005        M11                3863
JTS10000000JOL           2005        M12                3666
JTS10000000JOL           2006        M01                3928
JTS10000000JOL           2006        M02                3841
JTS10000000JOL           2006        M03                4063
JTS10000000JOL           2006        M04                4243
JTS10000000JOL           2006        M05                3976
JTS10000000JOL           2006        M06                3930
JTS10000000JOL           2006        M07                3652
JTS10000000JOL           2006        M08                4078
JTS10000000JOL           2006        M09                4048
JTS10000000JOL           2006        M10                4066
JTS10000000JOL           2006        M11                3917
JTS10000000JOL           2006        M12                3876
JTS10000000JOL           2007        M01                4194
JTS10000000JOL           2007        M02                4033
JTS10000000JOL           2007        M03                4210
JTS10000000JOL           2007        M04                4379
JTS10000000JOL           2007        M05                4117
JTS10000000JOL           2007        M06                4163
JTS10000000JOL           2007        M07                4038
JTS10000000JOL           2007        M08                4079
JTS10000000JOL           2007        M09                4072
JTS10000000JOL           2007        M10                3881
JTS10000000JOL           2007        M11                3730
JTS10000000JOL           2007        M12                3713
JTS10000000JOL           2008        M01                3858
JTS10000000JOL           2008        M02                3619
JTS10000000JOL           2008        M03                3574
JTS10000000JOL           2008        M04                3703
JTS10000000JOL           2008        M05                3486
JTS10000000JOL           2008        M06                3335
JTS10000000JOL           2008        M07                3412
JTS10000000JOL           2008        M08                3245
JTS10000000JOL           2008        M09                2854
JTS10000000JOL           2008        M10                2910
JTS10000000JOL           2008        M11                2594
JTS10000000JOL           2008        M12                2545
JTS10000000JOL           2009        M01                2387
JTS10000000JOL           2009        M02                2441
JTS10000000JOL           2009        M03                2131
JTS10000000JOL           2009        M04                1977
JTS10000000JOL           2009        M05                2135
JTS10000000JOL           2009        M06                2101
JTS10000000JOL           2009        M07                1917
JTS10000000JOL           2009        M08                1989
JTS10000000JOL           2009        M09                2208
JTS10000000JOL           2009        M10                1996
JTS10000000JOL           2009        M11                2010
JTS10000000JOL           2009        M12                2090
JTS10000000JOL           2010        M01                2251
JTS10000000JOL           2010        M02                2230
JTS10000000JOL           2010        M03                2251
JTS10000000JOL           2010        M04                2571
JTS10000000JOL           2010        M05                2511
JTS10000000JOL           2010        M06                2357
JTS10000000JOL           2010        M07                2645
JTS10000000JOL           2010        M08                2588
JTS10000000JOL           2010        M09                2457
JTS10000000JOL           2010        M10                2685
JTS10000000JOL           2010        M11                2617
JTS10000000JOL           2010        M12                2469
JTS10000000JOL           2011        M01                2611
JTS10000000JOL           2011        M02                2754
JTS10000000JOL           2011        M03                2797
JTS10000000JOL           2011        M04                2948
JTS10000000JOL           2011        M05                2826
JTS10000000JOL           2011        M06                2877
JTS10000000JOL           2011        M07                3161
JTS10000000JOL           2011        M08                2839
JTS10000000JOL           2011        M09                3108
JTS10000000JOL           2011        M10                3059
JTS10000000JOL           2011        M11                2820
JTS10000000JOL           2011        M12                3023
JTS10000000JOL           2012        M01                3381
JTS10000000JOL           2012        M02                3110
JTS10000000JOL           2012        M03                3425
JTS10000000JOL           2012        M04                3266
JTS10000000JOL           2012        M05                3325
JTS10000000JOL           2012        M06                3419
JTS10000000JOL           2012        M07                3326
JTS10000000JOL           2012        M08                3277
JTS10000000JOL           2012        M09                3156
JTS10000000JOL           2012        M10                3329
JTS10000000JOL           2012        M11                3178
JTS10000000JOL           2012        M12                3196
JTS10000000JOL           2013        M01                3390
JTS10000000JOL           2013        M02                3547
JTS10000000JOL           2013        M03                3479
JTS10000000JOL           2013        M04                3515
JTS10000000JOL           2013        M05                3453
JTS10000000JOL           2013        M06                3536
JTS10000000JOL           2013        M07                3519
JTS10000000JOL           2013        M08                3587
JTS10000000JOL           2013        M09                3582
JTS10000000JOL           2013        M10                3707
JTS10000000JOL           2013        M11                3476
JTS10000000JOL           2013        M12                3413
JTS10000000JOL           2014        M01                3612
JTS10000000JOL           2014        M02                3697
JTS10000000JOL           2014        M03                3716
JTS10000000JOL           2014        M04                4121
JTS10000000JOL           2014        M05                4138
JTS10000000JOL           2014        M06                4170
JTS10000000JOL           2014        M07                4188
JTS10000000JOL           2014        M08                4567
JTS10000000JOL           2014        M09                4154
JTS10000000JOL           2014        M10                4487
JTS10000000JOL           2014        M11                4241
JTS10000000JOL           2014        M12                4336
JTS10000000JOL           2015        M01                4592
JTS10000000JOL           2015        M02                4585
JTS10000000JOL           2015        M03                4597
JTS10000000JOL           2015        M04                5124
JTS10000000JOL           2015        M05                4878
JTS10000000JOL           2015        M06                4731
JTS10000000JOL           2015        M07                5372
JTS10000000JOL           2015        M08                4950
JTS10000000JOL           2015        M09                4947
JTS10000000JOL           2015        M10                5006
JTS10000000JOL           2015        M11                4757
JTS10000000JOL           2015        M12                4874
JTS10000000JOL           2016        M01                5214
JTS10000000JOL           2016        M02                5092
JTS10000000JOL           2016        M03                5338
JTS10000000JOL           2016        M04                5119
JTS10000000JOL           2016        M05                5044
JTS10000000JOL           2016        M06                4991
JTS10000000JOL           2016        M07                5416
JTS10000000JOL           2016        M08                4981
JTS10000000JOL           2016        M09                5133
JTS10000000JOL           2016        M10                5103
JTS10000000JOL           2016        M11                5056
JTS10000000JOL           2016        M12                5065
JTS10000000JOL           2017        M01                5133
JTS10000000JOL           2017        M02                5179
JTS10000000JOL           2017        M03                5244
JTS10000000JOL           2017        M04                5410
JTS10000000JOL           2017        M05                5171
JTS10000000JOL           2017        M06                5545
JTS10000000JOL           2017        M07                5625
JTS10000000JOL           2017        M08                5584
JTS10000000JOL           2017        M09                5650
JTS10000000JOL           2017        M10                5408
JTS10000000JOL           2017        M11                5466
JTS10000000JOL           2017        M12                5290        p
JTS10000000JOR           2000        M12                 3.7
JTS10000000JOR           2001        M01                 4.2
JTS10000000JOR           2001        M02                 3.6
JTS10000000JOR           2001        M03                 3.5
JTS10000000JOR           2001        M04                 3.8
JTS10000000JOR           2001        M05                 3.5
JTS10000000JOR           2001        M06                 3.3
JTS10000000JOR           2001        M07                 3.5
JTS10000000JOR           2001        M08                 3.2
JTS10000000JOR           2001        M09                 3.1
JTS10000000JOR           2001        M10                 2.8
JTS10000000JOR           2001        M11                 2.6
JTS10000000JOR           2001        M12                 2.7
JTS10000000JOR           2002        M01                 3.0
JTS10000000JOR           2002        M02                 2.6
JTS10000000JOR           2002        M03                 2.8
JTS10000000JOR           2002        M04                 2.7
JTS10000000JOR           2002        M05                 2.8
JTS10000000JOR           2002        M06                 2.6
JTS10000000JOR           2002        M07                 2.7
JTS10000000JOR           2002        M08                 2.7
JTS10000000JOR           2002        M09                 2.6
JTS10000000JOR           2002        M10                 2.8
JTS10000000JOR           2002        M11                 2.7
JTS10000000JOR           2002        M12                 2.3
JTS10000000JOR           2003        M01                 3.0
JTS10000000JOR           2003        M02                 2.7
JTS10000000JOR           2003        M03                 2.4
JTS10000000JOR           2003        M04                 2.7
JTS10000000JOR           2003        M05                 2.6
JTS10000000JOR           2003        M06                 2.6
JTS10000000JOR           2003        M07                 2.6
JTS10000000JOR           2003        M08                 2.7
JTS10000000JOR           2003        M09                 2.5
JTS10000000JOR           2003        M10                 2.6
JTS10000000JOR           2003        M11                 2.5
JTS10000000JOR           2003        M12                 2.6
JTS10000000JOR           2004        M01                 2.8
JTS10000000JOR           2004        M02                 2.7
JTS10000000JOR           2004        M03                 2.7
JTS10000000JOR           2004        M04                 2.9
JTS10000000JOR           2004        M05                 2.9
JTS10000000JOR           2004        M06                 2.7
JTS10000000JOR           2004        M07                 3.2
JTS10000000JOR           2004        M08                 2.9
JTS10000000JOR           2004        M09                 3.0
JTS10000000JOR           2004        M10                 3.0
JTS10000000JOR           2004        M11                 2.5
JTS10000000JOR           2004        M12                 2.9
JTS10000000JOR           2005        M01                 2.9
JTS10000000JOR           2005        M02                 3.0
JTS10000000JOR           2005        M03                 3.0
JTS10000000JOR           2005        M04                 3.3
JTS10000000JOR           2005        M05                 3.0
JTS10000000JOR           2005        M06                 3.1
JTS10000000JOR           2005        M07                 3.4
JTS10000000JOR           2005        M08                 3.2
JTS10000000JOR           2005        M09                 3.3
JTS10000000JOR           2005        M10                 3.3
JTS10000000JOR           2005        M11                 3.3
JTS10000000JOR           2005        M12                 3.1
JTS10000000JOR           2006        M01                 3.3
JTS10000000JOR           2006        M02                 3.3
JTS10000000JOR           2006        M03                 3.4
JTS10000000JOR           2006        M04                 3.6
JTS10000000JOR           2006        M05                 3.4
JTS10000000JOR           2006        M06                 3.3
JTS10000000JOR           2006        M07                 3.1
JTS10000000JOR           2006        M08                 3.4
JTS10000000JOR           2006        M09                 3.4
JTS10000000JOR           2006        M10                 3.4
JTS10000000JOR           2006        M11                 3.3
JTS10000000JOR           2006        M12                 3.3
JTS10000000JOR           2007        M01                 3.5
JTS10000000JOR           2007        M02                 3.4
JTS10000000JOR           2007        M03                 3.5
JTS10000000JOR           2007        M04                 3.6
JTS10000000JOR           2007        M05                 3.4
JTS10000000JOR           2007        M06                 3.5
JTS10000000JOR           2007        M07                 3.4
JTS10000000JOR           2007        M08                 3.4
JTS10000000JOR           2007        M09                 3.4
JTS10000000JOR           2007        M10                 3.2
JTS10000000JOR           2007        M11                 3.1
JTS10000000JOR           2007        M12                 3.1
JTS10000000JOR           2008        M01                 3.2
JTS10000000JOR           2008        M02                 3.0
JTS10000000JOR           2008        M03                 3.0
JTS10000000JOR           2008        M04                 3.1
JTS10000000JOR           2008        M05                 2.9
JTS10000000JOR           2008        M06                 2.8
JTS10000000JOR           2008        M07                 2.9
JTS10000000JOR           2008        M08                 2.8
JTS10000000JOR           2008        M09                 2.4
JTS10000000JOR           2008        M10                 2.5
JTS10000000JOR           2008        M11                 2.2
JTS10000000JOR           2008        M12                 2.2
JTS10000000JOR           2009        M01                 2.1
JTS10000000JOR           2009        M02                 2.2
JTS10000000JOR           2009        M03                 1.9
JTS10000000JOR           2009        M04                 1.8
JTS10000000JOR           2009        M05                 1.9
JTS10000000JOR           2009        M06                 1.9
JTS10000000JOR           2009        M07                 1.7
JTS10000000JOR           2009        M08                 1.8
JTS10000000JOR           2009        M09                 2.0
JTS10000000JOR           2009        M10                 1.8
JTS10000000JOR           2009        M11                 1.8
JTS10000000JOR           2009        M12                 1.9
JTS10000000JOR           2010        M01                 2.1
JTS10000000JOR           2010        M02                 2.0
JTS10000000JOR           2010        M03                 2.1
JTS10000000JOR           2010        M04                 2.3
JTS10000000JOR           2010        M05                 2.3
JTS10000000JOR           2010        M06                 2.1
JTS10000000JOR           2010        M07                 2.4
JTS10000000JOR           2010        M08                 2.3
JTS10000000JOR           2010        M09                 2.2
JTS10000000JOR           2010        M10                 2.4
JTS10000000JOR           2010        M11                 2.4
JTS10000000JOR           2010        M12                 2.2
JTS10000000JOR           2011        M01                 2.3
JTS10000000JOR           2011        M02                 2.5
JTS10000000JOR           2011        M03                 2.5
JTS10000000JOR           2011        M04                 2.6
JTS10000000JOR           2011        M05                 2.5
JTS10000000JOR           2011        M06                 2.6
JTS10000000JOR           2011        M07                 2.8
JTS10000000JOR           2011        M08                 2.5
JTS10000000JOR           2011        M09                 2.7
JTS10000000JOR           2011        M10                 2.7
JTS10000000JOR           2011        M11                 2.5
JTS10000000JOR           2011        M12                 2.7
JTS10000000JOR           2012        M01                 2.9
JTS10000000JOR           2012        M02                 2.7
JTS10000000JOR           2012        M03                 3.0
JTS10000000JOR           2012        M04                 2.8
JTS10000000JOR           2012        M05                 2.9
JTS10000000JOR           2012        M06                 3.0
JTS10000000JOR           2012        M07                 2.9
JTS10000000JOR           2012        M08                 2.8
JTS10000000JOR           2012        M09                 2.7
JTS10000000JOR           2012        M10                 2.9
JTS10000000JOR           2012        M11                 2.7
JTS10000000JOR           2012        M12                 2.7
JTS10000000JOR           2013        M01                 2.9
JTS10000000JOR           2013        M02                 3.0
JTS10000000JOR           2013        M03                 3.0
JTS10000000JOR           2013        M04                 3.0
JTS10000000JOR           2013        M05                 2.9
JTS10000000JOR           2013        M06                 3.0
JTS10000000JOR           2013        M07                 3.0
JTS10000000JOR           2013        M08                 3.0
JTS10000000JOR           2013        M09                 3.0
JTS10000000JOR           2013        M10                 3.1
JTS10000000JOR           2013        M11                 2.9
JTS10000000JOR           2013        M12                 2.9
JTS10000000JOR           2014        M01                 3.0
JTS10000000JOR           2014        M02                 3.1
JTS10000000JOR           2014        M03                 3.1
JTS10000000JOR           2014        M04                 3.4
JTS10000000JOR           2014        M05                 3.4
JTS10000000JOR           2014        M06                 3.4
JTS10000000JOR           2014        M07                 3.5
JTS10000000JOR           2014        M08                 3.7
JTS10000000JOR           2014        M09                 3.4
JTS10000000JOR           2014        M10                 3.7
JTS10000000JOR           2014        M11                 3.5
JTS10000000JOR           2014        M12                 3.5
JTS10000000JOR           2015        M01                 3.7
JTS10000000JOR           2015        M02                 3.7
JTS10000000JOR           2015        M03                 3.7
JTS10000000JOR           2015        M04                 4.1
JTS10000000JOR           2015        M05                 3.9
JTS10000000JOR           2015        M06                 3.8
JTS10000000JOR           2015        M07                 4.3
JTS10000000JOR           2015        M08                 4.0
JTS10000000JOR           2015        M09                 4.0
JTS10000000JOR           2015        M10                 4.0
JTS10000000JOR           2015        M11                 3.8
JTS10000000JOR           2015        M12                 3.9
JTS10000000JOR           2016        M01                 4.1
JTS10000000JOR           2016        M02                 4.0
JTS10000000JOR           2016        M03                 4.2
JTS10000000JOR           2016        M04                 4.0
JTS10000000JOR           2016        M05                 4.0
JTS10000000JOR           2016        M06                 3.9
JTS10000000JOR           2016        M07                 4.2
JTS10000000JOR           2016        M08                 3.9
JTS10000000JOR           2016        M09                 4.0
JTS10000000JOR           2016        M10                 4.0
JTS10000000JOR           2016        M11                 4.0
JTS10000000JOR           2016        M12                 4.0
JTS10000000JOR           2017        M01                 4.0
JTS10000000JOR           2017        M02                 4.0
JTS10000000JOR           2017        M03                 4.1
JTS10000000JOR           2017        M04                 4.2
JTS10000000JOR           2017        M05                 4.0
JTS10000000JOR           2017        M06                 4.3
JTS10000000JOR           2017        M07                 4.3
JTS10000000JOR           2017        M08                 4.3
JTS10000000JOR           2017        M09                 4.3
JTS10000000JOR           2017        M10                 4.2
JTS10000000JOR           2017        M11                 4.2
JTS10000000JOR           2017        M12                 4.1        p
JTS11009900JOL           2000        M12                   6
JTS11009900JOL           2001        M01                  11
JTS11009900JOL           2001        M02                   7
JTS11009900JOL           2001        M03                  18
JTS11009900JOL           2001        M04                  22
JTS11009900JOL           2001        M05                   7
JTS11009900JOL           2001        M06                  17
JTS11009900JOL           2001        M07                  17
JTS11009900JOL           2001        M08                  18
JTS11009900JOL           2001        M09                  11
JTS11009900JOL           2001        M10                  17
JTS11009900JOL           2001        M11                   5
JTS11009900JOL           2001        M12                  12
JTS11009900JOL           2002        M01                  16
JTS11009900JOL           2002        M02                  16
JTS11009900JOL           2002        M03                   4
JTS11009900JOL           2002        M04                   8
JTS11009900JOL           2002        M05                   4
JTS11009900JOL           2002        M06                   8
JTS11009900JOL           2002        M07                   6
JTS11009900JOL           2002        M08                  10
JTS11009900JOL           2002        M09                   6
JTS11009900JOL           2002        M10                   9
JTS11009900JOL           2002        M11                   6
JTS11009900JOL           2002        M12                   3
JTS11009900JOL           2003        M01                   5
JTS11009900JOL           2003        M02                   6
JTS11009900JOL           2003        M03                   4
JTS11009900JOL           2003        M04                   5
JTS11009900JOL           2003        M05                   6
JTS11009900JOL           2003        M06                   8
JTS11009900JOL           2003        M07                   9
JTS11009900JOL           2003        M08                   8
JTS11009900JOL           2003        M09                   7
JTS11009900JOL           2003        M10                   8
JTS11009900JOL           2003        M11                   8
JTS11009900JOL           2003        M12                   9
JTS11009900JOL           2004        M01                  12
JTS11009900JOL           2004        M02                   5
JTS11009900JOL           2004        M03                   9
JTS11009900JOL           2004        M04                   7
JTS11009900JOL           2004        M05                   7
JTS11009900JOL           2004        M06                  11
JTS11009900JOL           2004        M07                  12
JTS11009900JOL           2004        M08                   8
JTS11009900JOL           2004        M09                   9
JTS11009900JOL           2004        M10                   9
JTS11009900JOL           2004        M11                   9
JTS11009900JOL           2004        M12                  11
JTS11009900JOL           2005        M01                  13
JTS11009900JOL           2005        M02                  10
JTS11009900JOL           2005        M03                  16
JTS11009900JOL           2005        M04                  11
JTS11009900JOL           2005        M05                  11
JTS11009900JOL           2005        M06                  12
JTS11009900JOL           2005        M07                  14
JTS11009900JOL           2005        M08                  13
JTS11009900JOL           2005        M09                  18
JTS11009900JOL           2005        M10                  11
JTS11009900JOL           2005        M11                  11
JTS11009900JOL           2005        M12                  12
JTS11009900JOL           2006        M01                  15
JTS11009900JOL           2006        M02                  14
JTS11009900JOL           2006        M03                  20
JTS11009900JOL           2006        M04                  18
JTS11009900JOL           2006        M05                  16
JTS11009900JOL           2006        M06                  18
JTS11009900JOL           2006        M07                  16
JTS11009900JOL           2006        M08                  17
JTS11009900JOL           2006        M09                  18
JTS11009900JOL           2006        M10                  18
JTS11009900JOL           2006        M11                  15
JTS11009900JOL           2006        M12                  15
JTS11009900JOL           2007        M01                  16
JTS11009900JOL           2007        M02                  13
JTS11009900JOL           2007        M03                  15
JTS11009900JOL           2007        M04                  17
JTS11009900JOL           2007        M05                  15
JTS11009900JOL           2007        M06                  11
JTS11009900JOL           2007        M07                  15
JTS11009900JOL           2007        M08                   9
JTS11009900JOL           2007        M09                  12
JTS11009900JOL           2007        M10                  12
JTS11009900JOL           2007        M11                  17
JTS11009900JOL           2007        M12                  18
JTS11009900JOL           2008        M01                  19
JTS11009900JOL           2008        M02                  18
JTS11009900JOL           2008        M03                  18
JTS11009900JOL           2008        M04                  22
JTS11009900JOL           2008        M05                  19
JTS11009900JOL           2008        M06                  21
JTS11009900JOL           2008        M07                  31
JTS11009900JOL           2008        M08                  29
JTS11009900JOL           2008        M09                  17
JTS11009900JOL           2008        M10                  15
JTS11009900JOL           2008        M11                  12
JTS11009900JOL           2008        M12                  16
JTS11009900JOL           2009        M01                  16
JTS11009900JOL           2009        M02                   9
JTS11009900JOL           2009        M03                  10
JTS11009900JOL           2009        M04                   9
JTS11009900JOL           2009        M05                  10
JTS11009900JOL           2009        M06                   5
JTS11009900JOL           2009        M07                   4
JTS11009900JOL           2009        M08                   4
JTS11009900JOL           2009        M09                   7
JTS11009900JOL           2009        M10                   7
JTS11009900JOL           2009        M11                   6
JTS11009900JOL           2009        M12                   4
JTS11009900JOL           2010        M01                  11
JTS11009900JOL           2010        M02                  11
JTS11009900JOL           2010        M03                  11
JTS11009900JOL           2010        M04                  21
JTS11009900JOL           2010        M05                  17
JTS11009900JOL           2010        M06                  16
JTS11009900JOL           2010        M07                  14
JTS11009900JOL           2010        M08                  15
JTS11009900JOL           2010        M09                  16
JTS11009900JOL           2010        M10                  20
JTS11009900JOL           2010        M11                  20
JTS11009900JOL           2010        M12                  22
JTS11009900JOL           2011        M01                  30
JTS11009900JOL           2011        M02                  20
JTS11009900JOL           2011        M03                  33
JTS11009900JOL           2011        M04                  29
JTS11009900JOL           2011        M05                  18
JTS11009900JOL           2011        M06                  16
JTS11009900JOL           2011        M07                  30
JTS11009900JOL           2011        M08                  20
JTS11009900JOL           2011        M09                  29
JTS11009900JOL           2011        M10                  23
JTS11009900JOL           2011        M11                  25
JTS11009900JOL           2011        M12                  30
JTS11009900JOL           2012        M01                  28
JTS11009900JOL           2012        M02                  25
JTS11009900JOL           2012        M03                  15
JTS11009900JOL           2012        M04                  17
JTS11009900JOL           2012        M05                  21
JTS11009900JOL           2012        M06                  18
JTS11009900JOL           2012        M07                  13
JTS11009900JOL           2012        M08                  14
JTS11009900JOL           2012        M09                  14
JTS11009900JOL           2012        M10                  13
JTS11009900JOL           2012        M11                  16
JTS11009900JOL           2012        M12                  18
JTS11009900JOL           2013        M01                  18
JTS11009900JOL           2013        M02                  21
JTS11009900JOL           2013        M03                  15
JTS11009900JOL           2013        M04                  22
JTS11009900JOL           2013        M05                  20
JTS11009900JOL           2013        M06                  22
JTS11009900JOL           2013        M07                  23
JTS11009900JOL           2013        M08                  21
JTS11009900JOL           2013        M09                  16
JTS11009900JOL           2013        M10                  23
JTS11009900JOL           2013        M11                  16
JTS11009900JOL           2013        M12                  23
JTS11009900JOL           2014        M01                  30
JTS11009900JOL           2014        M02                  26
JTS11009900JOL           2014        M03                  32
JTS11009900JOL           2014        M04                  24
JTS11009900JOL           2014        M05                  32
JTS11009900JOL           2014        M06                  27
JTS11009900JOL           2014        M07                  30
JTS11009900JOL           2014        M08                  31
JTS11009900JOL           2014        M09                  30
JTS11009900JOL           2014        M10                  31
JTS11009900JOL           2014        M11                  26
JTS11009900JOL           2014        M12                  20
JTS11009900JOL           2015        M01                  17
JTS11009900JOL           2015        M02                  10
JTS11009900JOL           2015        M03                  16
JTS11009900JOL           2015        M04                  16
JTS11009900JOL           2015        M05                  15
JTS11009900JOL           2015        M06                  20
JTS11009900JOL           2015        M07                  21
JTS11009900JOL           2015        M08                  15
JTS11009900JOL           2015        M09                  17
JTS11009900JOL           2015        M10                  19
JTS11009900JOL           2015        M11                  16
JTS11009900JOL           2015        M12                  15
JTS11009900JOL           2016        M01                  13
JTS11009900JOL           2016        M02                   8
JTS11009900JOL           2016        M03                   8
JTS11009900JOL           2016        M04                  11
JTS11009900JOL           2016        M05                  10
JTS11009900JOL           2016        M06                  11
JTS11009900JOL           2016        M07                  13
JTS11009900JOL           2016        M08                  12
JTS11009900JOL           2016        M09                  18
JTS11009900JOL           2016        M10                  12
JTS11009900JOL           2016        M11                  16
JTS11009900JOL           2016        M12                  17
JTS11009900JOL           2017        M01                  25
JTS11009900JOL           2017        M02                  20
JTS11009900JOL           2017        M03                  25
JTS11009900JOL           2017        M04                  24
JTS11009900JOL           2017        M05                  15
JTS11009900JOL           2017        M06                  22
JTS11009900JOL           2017        M07                  24
JTS11009900JOL           2017        M08                  25
JTS11009900JOL           2017        M09                  20
JTS11009900JOL           2017        M10                  27
JTS11009900JOL           2017        M11                  20
JTS11009900JOL           2017        M12                  21        p
JTS11009900JOR           2000        M12                 1.1
JTS11009900JOR           2001        M01                 1.8
JTS11009900JOR           2001        M02                 1.2
JTS11009900JOR           2001        M03                 2.8
JTS11009900JOR           2001        M04                 3.5
JTS11009900JOR           2001        M05                 1.1
JTS11009900JOR           2001        M06                 2.6
JTS11009900JOR           2001        M07                 2.7
JTS11009900JOR           2001        M08                 2.8
JTS11009900JOR           2001        M09                 1.8
JTS11009900JOR           2001        M10                 2.7
JTS11009900JOR           2001        M11                 0.8
JTS11009900JOR           2001        M12                 2.0
JTS11009900JOR           2002        M01                 2.5
JTS11009900JOR           2002        M02                 2.6
JTS11009900JOR           2002        M03                 0.7
JTS11009900JOR           2002        M04                 1.4
JTS11009900JOR           2002        M05                 0.7
JTS11009900JOR           2002        M06                 1.4
JTS11009900JOR           2002        M07                 1.0
JTS11009900JOR           2002        M08                 1.8
JTS11009900JOR           2002        M09                 1.1
JTS11009900JOR           2002        M10                 1.5
JTS11009900JOR           2002        M11                 1.0
JTS11009900JOR           2002        M12                 0.5
JTS11009900JOR           2003        M01                 0.9
JTS11009900JOR           2003        M02                 1.0
JTS11009900JOR           2003        M03                 0.7
JTS11009900JOR           2003        M04                 0.9
JTS11009900JOR           2003        M05                 1.0
JTS11009900JOR           2003        M06                 1.3
JTS11009900JOR           2003        M07                 1.6
JTS11009900JOR           2003        M08                 1.4
JTS11009900JOR           2003        M09                 1.3
JTS11009900JOR           2003        M10                 1.3
JTS11009900JOR           2003        M11                 1.3
JTS11009900JOR           2003        M12                 1.6
JTS11009900JOR           2004        M01                 2.1
JTS11009900JOR           2004        M02                 0.9
JTS11009900JOR           2004        M03                 1.6
JTS11009900JOR           2004        M04                 1.2
JTS11009900JOR           2004        M05                 1.2
JTS11009900JOR           2004        M06                 1.8
JTS11009900JOR           2004        M07                 2.0
JTS11009900JOR           2004        M08                 1.3
JTS11009900JOR           2004        M09                 1.5
JTS11009900JOR           2004        M10                 1.5
JTS11009900JOR           2004        M11                 1.5
JTS11009900JOR           2004        M12                 1.8
JTS11009900JOR           2005        M01                 2.1
JTS11009900JOR           2005        M02                 1.7
JTS11009900JOR           2005        M03                 2.6
JTS11009900JOR           2005        M04                 1.7
JTS11009900JOR           2005        M05                 1.7
JTS11009900JOR           2005        M06                 2.0
JTS11009900JOR           2005        M07                 2.2
JTS11009900JOR           2005        M08                 2.0
JTS11009900JOR           2005        M09                 2.7
JTS11009900JOR           2005        M10                 1.7
JTS11009900JOR           2005        M11                 1.7
JTS11009900JOR           2005        M12                 1.8
JTS11009900JOR           2006        M01                 2.3
JTS11009900JOR           2006        M02                 2.1
JTS11009900JOR           2006        M03                 2.9
JTS11009900JOR           2006        M04                 2.5
JTS11009900JOR           2006        M05                 2.2
JTS11009900JOR           2006        M06                 2.6
JTS11009900JOR           2006        M07                 2.2
JTS11009900JOR           2006        M08                 2.4
JTS11009900JOR           2006        M09                 2.5
JTS11009900JOR           2006        M10                 2.5
JTS11009900JOR           2006        M11                 2.1
JTS11009900JOR           2006        M12                 2.1
JTS11009900JOR           2007        M01                 2.2
JTS11009900JOR           2007        M02                 1.8
JTS11009900JOR           2007        M03                 2.0
JTS11009900JOR           2007        M04                 2.3
JTS11009900JOR           2007        M05                 2.0
JTS11009900JOR           2007        M06                 1.5
JTS11009900JOR           2007        M07                 2.0
JTS11009900JOR           2007        M08                 1.2
JTS11009900JOR           2007        M09                 1.6
JTS11009900JOR           2007        M10                 1.6
JTS11009900JOR           2007        M11                 2.3
JTS11009900JOR           2007        M12                 2.4
JTS11009900JOR           2008        M01                 2.5
JTS11009900JOR           2008        M02                 2.3
JTS11009900JOR           2008        M03                 2.3
JTS11009900JOR           2008        M04                 2.8
JTS11009900JOR           2008        M05                 2.5
JTS11009900JOR           2008        M06                 2.6
JTS11009900JOR           2008        M07                 3.8
JTS11009900JOR           2008        M08                 3.6
JTS11009900JOR           2008        M09                 2.2
JTS11009900JOR           2008        M10                 1.9
JTS11009900JOR           2008        M11                 1.5
JTS11009900JOR           2008        M12                 2.1
JTS11009900JOR           2009        M01                 2.0
JTS11009900JOR           2009        M02                 1.2
JTS11009900JOR           2009        M03                 1.4
JTS11009900JOR           2009        M04                 1.3
JTS11009900JOR           2009        M05                 1.4
JTS11009900JOR           2009        M06                 0.7
JTS11009900JOR           2009        M07                 0.5
JTS11009900JOR           2009        M08                 0.6
JTS11009900JOR           2009        M09                 1.1
JTS11009900JOR           2009        M10                 1.0
JTS11009900JOR           2009        M11                 0.9
JTS11009900JOR           2009        M12                 0.6
JTS11009900JOR           2010        M01                 1.7
JTS11009900JOR           2010        M02                 1.6
JTS11009900JOR           2010        M03                 1.6
JTS11009900JOR           2010        M04                 3.0
JTS11009900JOR           2010        M05                 2.4
JTS11009900JOR           2010        M06                 2.2
JTS11009900JOR           2010        M07                 1.9
JTS11009900JOR           2010        M08                 2.0
JTS11009900JOR           2010        M09                 2.2
JTS11009900JOR           2010        M10                 2.6
JTS11009900JOR           2010        M11                 2.6
JTS11009900JOR           2010        M12                 2.9
JTS11009900JOR           2011        M01                 3.9
JTS11009900JOR           2011        M02                 2.6
JTS11009900JOR           2011        M03                 4.2
JTS11009900JOR           2011        M04                 3.7
JTS11009900JOR           2011        M05                 2.2
JTS11009900JOR           2011        M06                 2.0
JTS11009900JOR           2011        M07                 3.6
JTS11009900JOR           2011        M08                 2.5
JTS11009900JOR           2011        M09                 3.4
JTS11009900JOR           2011        M10                 2.7
JTS11009900JOR           2011        M11                 2.9
JTS11009900JOR           2011        M12                 3.5
JTS11009900JOR           2012        M01                 3.2
JTS11009900JOR           2012        M02                 2.9
JTS11009900JOR           2012        M03                 1.8
JTS11009900JOR           2012        M04                 2.0
JTS11009900JOR           2012        M05                 2.4
JTS11009900JOR           2012        M06                 2.0
JTS11009900JOR           2012        M07                 1.5
JTS11009900JOR           2012        M08                 1.7
JTS11009900JOR           2012        M09                 1.6
JTS11009900JOR           2012        M10                 1.5
JTS11009900JOR           2012        M11                 1.9
JTS11009900JOR           2012        M12                 2.0
JTS11009900JOR           2013        M01                 2.0
JTS11009900JOR           2013        M02                 2.4
JTS11009900JOR           2013        M03                 1.7
JTS11009900JOR           2013        M04                 2.5
JTS11009900JOR           2013        M05                 2.3
JTS11009900JOR           2013        M06                 2.5
JTS11009900JOR           2013        M07                 2.6
JTS11009900JOR           2013        M08                 2.3
JTS11009900JOR           2013        M09                 1.8
JTS11009900JOR           2013        M10                 2.6
JTS11009900JOR           2013        M11                 1.8
JTS11009900JOR           2013        M12                 2.6
JTS11009900JOR           2014        M01                 3.3
JTS11009900JOR           2014        M02                 2.9
JTS11009900JOR           2014        M03                 3.5
JTS11009900JOR           2014        M04                 2.7
JTS11009900JOR           2014        M05                 3.5
JTS11009900JOR           2014        M06                 2.9
JTS11009900JOR           2014        M07                 3.3
JTS11009900JOR           2014        M08                 3.3
JTS11009900JOR           2014        M09                 3.2
JTS11009900JOR           2014        M10                 3.4
JTS11009900JOR           2014        M11                 2.8
JTS11009900JOR           2014        M12                 2.1
JTS11009900JOR           2015        M01                 1.9
JTS11009900JOR           2015        M02                 1.2
JTS11009900JOR           2015        M03                 1.9
JTS11009900JOR           2015        M04                 1.8
JTS11009900JOR           2015        M05                 1.7
JTS11009900JOR           2015        M06                 2.4
JTS11009900JOR           2015        M07                 2.6
JTS11009900JOR           2015        M08                 1.8
JTS11009900JOR           2015        M09                 2.1
JTS11009900JOR           2015        M10                 2.4
JTS11009900JOR           2015        M11                 2.1
JTS11009900JOR           2015        M12                 2.0
JTS11009900JOR           2016        M01                 1.8
JTS11009900JOR           2016        M02                 1.1
JTS11009900JOR           2016        M03                 1.2
JTS11009900JOR           2016        M04                 1.6
JTS11009900JOR           2016        M05                 1.4
JTS11009900JOR           2016        M06                 1.6
JTS11009900JOR           2016        M07                 1.9
JTS11009900JOR           2016        M08                 1.8
JTS11009900JOR           2016        M09                 2.6
JTS11009900JOR           2016        M10                 1.7
JTS11009900JOR           2016        M11                 2.4
JTS11009900JOR           2016        M12                 2.5
JTS11009900JOR           2017        M01                 3.5
JTS11009900JOR           2017        M02                 2.9
JTS11009900JOR           2017        M03                 3.4
JTS11009900JOR           2017        M04                 3.3
JTS11009900JOR           2017        M05                 2.1
JTS11009900JOR           2017        M06                 3.0
JTS11009900JOR           2017        M07                 3.2
JTS11009900JOR           2017        M08                 3.4
JTS11009900JOR           2017        M09                 2.7
JTS11009900JOR           2017        M10                 3.6
JTS11009900JOR           2017        M11                 2.7
JTS11009900JOR           2017        M12                 2.8        p
JTS23000000JOL           2000        M12                 159
JTS23000000JOL           2001        M01                 175
JTS23000000JOL           2001        M02                 175
JTS23000000JOL           2001        M03                 197
JTS23000000JOL           2001        M04                 318
JTS23000000JOL           2001        M05                 276
JTS23000000JOL           2001        M06                 206
JTS23000000JOL           2001        M07                 207
JTS23000000JOL           2001        M08                 122
JTS23000000JOL           2001        M09                 157
JTS23000000JOL           2001        M10                 113
JTS23000000JOL           2001        M11                 104
JTS23000000JOL           2001        M12                  91
JTS23000000JOL           2002        M01                 116
JTS23000000JOL           2002        M02                  93
JTS23000000JOL           2002        M03                 135
JTS23000000JOL           2002        M04                 128
JTS23000000JOL           2002        M05                 141
JTS23000000JOL           2002        M06                 140
JTS23000000JOL           2002        M07                 107
JTS23000000JOL           2002        M08                 109
JTS23000000JOL           2002        M09                 139
JTS23000000JOL           2002        M10                 127
JTS23000000JOL           2002        M11                  99
JTS23000000JOL           2002        M12                  64
JTS23000000JOL           2003        M01                 120
JTS23000000JOL           2003        M02                  87
JTS23000000JOL           2003        M03                  91
JTS23000000JOL           2003        M04                 156
JTS23000000JOL           2003        M05                 111
JTS23000000JOL           2003        M06                 112
JTS23000000JOL           2003        M07                 145
JTS23000000JOL           2003        M08                 108
JTS23000000JOL           2003        M09                  79
JTS23000000JOL           2003        M10                  96
JTS23000000JOL           2003        M11                  78
JTS23000000JOL           2003        M12                  86
JTS23000000JOL           2004        M01                 148
JTS23000000JOL           2004        M02                 106
JTS23000000JOL           2004        M03                 126
JTS23000000JOL           2004        M04                 165
JTS23000000JOL           2004        M05                 153
JTS23000000JOL           2004        M06                 120
JTS23000000JOL           2004        M07                 136
JTS23000000JOL           2004        M08                 130
JTS23000000JOL           2004        M09                 113
JTS23000000JOL           2004        M10                 139
JTS23000000JOL           2004        M11                 104
JTS23000000JOL           2004        M12                 115
JTS23000000JOL           2005        M01                 138
JTS23000000JOL           2005        M02                 139
JTS23000000JOL           2005        M03                 147
JTS23000000JOL           2005        M04                 176
JTS23000000JOL           2005        M05                 158
JTS23000000JOL           2005        M06                 144
JTS23000000JOL           2005        M07                 182
JTS23000000JOL           2005        M08                 155
JTS23000000JOL           2005        M09                 160
JTS23000000JOL           2005        M10                 179
JTS23000000JOL           2005        M11                 155
JTS23000000JOL           2005        M12                 123
JTS23000000JOL           2006        M01                 138
JTS23000000JOL           2006        M02                 130
JTS23000000JOL           2006        M03                 199
JTS23000000JOL           2006        M04                 231
JTS23000000JOL           2006        M05                 197
JTS23000000JOL           2006        M06                 228
JTS23000000JOL           2006        M07                 245
JTS23000000JOL           2006        M08                 217
JTS23000000JOL           2006        M09                 177
JTS23000000JOL           2006        M10                 158
JTS23000000JOL           2006        M11                 104
JTS23000000JOL           2006        M12                  91
JTS23000000JOL           2007        M01                 256
JTS23000000JOL           2007        M02                 273
JTS23000000JOL           2007        M03                 209
JTS23000000JOL           2007        M04                 219
JTS23000000JOL           2007        M05                 210
JTS23000000JOL           2007        M06                 170
JTS23000000JOL           2007        M07                 207
JTS23000000JOL           2007        M08                 164
JTS23000000JOL           2007        M09                 121
JTS23000000JOL           2007        M10                 126
JTS23000000JOL           2007        M11                  87
JTS23000000JOL           2007        M12                  96
JTS23000000JOL           2008        M01                 132
JTS23000000JOL           2008        M02                 112
JTS23000000JOL           2008        M03                 100
JTS23000000JOL           2008        M04                 119
JTS23000000JOL           2008        M05                 170
JTS23000000JOL           2008        M06                 117
JTS23000000JOL           2008        M07                 121
JTS23000000JOL           2008        M08                  84
JTS23000000JOL           2008        M09                 120
JTS23000000JOL           2008        M10                  68
JTS23000000JOL           2008        M11                  45
JTS23000000JOL           2008        M12                  47
JTS23000000JOL           2009        M01                  42
JTS23000000JOL           2009        M02                  63
JTS23000000JOL           2009        M03                  46
JTS23000000JOL           2009        M04                  25
JTS23000000JOL           2009        M05                  41
JTS23000000JOL           2009        M06                  54
JTS23000000JOL           2009        M07                  57
JTS23000000JOL           2009        M08                  62
JTS23000000JOL           2009        M09                  66
JTS23000000JOL           2009        M10                  57
JTS23000000JOL           2009        M11                  48
JTS23000000JOL           2009        M12                  54
JTS23000000JOL           2010        M01                  50
JTS23000000JOL           2010        M02                  63
JTS23000000JOL           2010        M03                  77
JTS23000000JOL           2010        M04                 103
JTS23000000JOL           2010        M05                  84
JTS23000000JOL           2010        M06                  81
JTS23000000JOL           2010        M07                 118
JTS23000000JOL           2010        M08                  52
JTS23000000JOL           2010        M09                  73
JTS23000000JOL           2010        M10                  65
JTS23000000JOL           2010        M11                  67
JTS23000000JOL           2010        M12                  31
JTS23000000JOL           2011        M01                  62
JTS23000000JOL           2011        M02                  44
JTS23000000JOL           2011        M03                  66
JTS23000000JOL           2011        M04                 121
JTS23000000JOL           2011        M05                 120
JTS23000000JOL           2011        M06                  65
JTS23000000JOL           2011        M07                  88
JTS23000000JOL           2011        M08                  98
JTS23000000JOL           2011        M09                  83
JTS23000000JOL           2011        M10                  76
JTS23000000JOL           2011        M11                  62
JTS23000000JOL           2011        M12                  43
JTS23000000JOL           2012        M01                  79
JTS23000000JOL           2012        M02                  59
JTS23000000JOL           2012        M03                  91
JTS23000000JOL           2012        M04                 120
JTS23000000JOL           2012        M05                  84
JTS23000000JOL           2012        M06                  99
JTS23000000JOL           2012        M07                  83
JTS23000000JOL           2012        M08                 116
JTS23000000JOL           2012        M09                  83
JTS23000000JOL           2012        M10                 101
JTS23000000JOL           2012        M11                  69
JTS23000000JOL           2012        M12                  66
JTS23000000JOL           2013        M01                 116
JTS23000000JOL           2013        M02                 115
JTS23000000JOL           2013        M03                 105
JTS23000000JOL           2013        M04                 135
JTS23000000JOL           2013        M05                 125
JTS23000000JOL           2013        M06                 139
JTS23000000JOL           2013        M07                 119
JTS23000000JOL           2013        M08                 127
JTS23000000JOL           2013        M09                 116
JTS23000000JOL           2013        M10                 126
JTS23000000JOL           2013        M11                 103
JTS23000000JOL           2013        M12                  83
JTS23000000JOL           2014        M01                 126
JTS23000000JOL           2014        M02                 107
JTS23000000JOL           2014        M03                 123
JTS23000000JOL           2014        M04                 129
JTS23000000JOL           2014        M05                 151
JTS23000000JOL           2014        M06                 170
JTS23000000JOL           2014        M07                 159
JTS23000000JOL           2014        M08                 147
JTS23000000JOL           2014        M09                 107
JTS23000000JOL           2014        M10                 145
JTS23000000JOL           2014        M11                 106
JTS23000000JOL           2014        M12                  97
JTS23000000JOL           2015        M01                 140
JTS23000000JOL           2015        M02                 153
JTS23000000JOL           2015        M03                 173
JTS23000000JOL           2015        M04                 171
JTS23000000JOL           2015        M05                 171
JTS23000000JOL           2015        M06                 152
JTS23000000JOL           2015        M07                 156
JTS23000000JOL           2015        M08                 159
JTS23000000JOL           2015        M09                 106
JTS23000000JOL           2015        M10                 130
JTS23000000JOL           2015        M11                  84
JTS23000000JOL           2015        M12                 129
JTS23000000JOL           2016        M01                 158
JTS23000000JOL           2016        M02                 193
JTS23000000JOL           2016        M03                 209
JTS23000000JOL           2016        M04                 184
JTS23000000JOL           2016        M05                 187
JTS23000000JOL           2016        M06                 171
JTS23000000JOL           2016        M07                 238
JTS23000000JOL           2016        M08                 184
JTS23000000JOL           2016        M09                 237
JTS23000000JOL           2016        M10                 196
JTS23000000JOL           2016        M11                 178
JTS23000000JOL           2016        M12                 140
JTS23000000JOL           2017        M01                 142
JTS23000000JOL           2017        M02                 181
JTS23000000JOL           2017        M03                 161
JTS23000000JOL           2017        M04                 200
JTS23000000JOL           2017        M05                 163
JTS23000000JOL           2017        M06                 212
JTS23000000JOL           2017        M07                 237
JTS23000000JOL           2017        M08                 230
JTS23000000JOL           2017        M09                 179
JTS23000000JOL           2017        M10                 195
JTS23000000JOL           2017        M11                 210
JTS23000000JOL           2017        M12                 158        p
JTS23000000JOR           2000        M12                 2.3
JTS23000000JOR           2001        M01                 2.5
JTS23000000JOR           2001        M02                 2.5
JTS23000000JOR           2001        M03                 2.8
JTS23000000JOR           2001        M04                 4.4
JTS23000000JOR           2001        M05                 3.9
JTS23000000JOR           2001        M06                 2.9
JTS23000000JOR           2001        M07                 2.9
JTS23000000JOR           2001        M08                 1.8
JTS23000000JOR           2001        M09                 2.2
JTS23000000JOR           2001        M10                 1.6
JTS23000000JOR           2001        M11                 1.5
JTS23000000JOR           2001        M12                 1.3
JTS23000000JOR           2002        M01                 1.7
JTS23000000JOR           2002        M02                 1.4
JTS23000000JOR           2002        M03                 2.0
JTS23000000JOR           2002        M04                 1.9
JTS23000000JOR           2002        M05                 2.1
JTS23000000JOR           2002        M06                 2.0
JTS23000000JOR           2002        M07                 1.6
JTS23000000JOR           2002        M08                 1.6
JTS23000000JOR           2002        M09                 2.0
JTS23000000JOR           2002        M10                 1.9
JTS23000000JOR           2002        M11                 1.5
JTS23000000JOR           2002        M12                 0.9
JTS23000000JOR           2003        M01                 1.8
JTS23000000JOR           2003        M02                 1.3
JTS23000000JOR           2003        M03                 1.3
JTS23000000JOR           2003        M04                 2.3
JTS23000000JOR           2003        M05                 1.6
JTS23000000JOR           2003        M06                 1.6
JTS23000000JOR           2003        M07                 2.1
JTS23000000JOR           2003        M08                 1.6
JTS23000000JOR           2003        M09                 1.1
JTS23000000JOR           2003        M10                 1.4
JTS23000000JOR           2003        M11                 1.1
JTS23000000JOR           2003        M12                 1.2
JTS23000000JOR           2004        M01                 2.1
JTS23000000JOR           2004        M02                 1.5
JTS23000000JOR           2004        M03                 1.8
JTS23000000JOR           2004        M04                 2.3
JTS23000000JOR           2004        M05                 2.2
JTS23000000JOR           2004        M06                 1.7
JTS23000000JOR           2004        M07                 1.9
JTS23000000JOR           2004        M08                 1.8
JTS23000000JOR           2004        M09                 1.6
JTS23000000JOR           2004        M10                 1.9
JTS23000000JOR           2004        M11                 1.4
JTS23000000JOR           2004        M12                 1.6
JTS23000000JOR           2005        M01                 1.9
JTS23000000JOR           2005        M02                 1.9
JTS23000000JOR           2005        M03                 2.0
JTS23000000JOR           2005        M04                 2.4
JTS23000000JOR           2005        M05                 2.1
JTS23000000JOR           2005        M06                 1.9
JTS23000000JOR           2005        M07                 2.4
JTS23000000JOR           2005        M08                 2.1
JTS23000000JOR           2005        M09                 2.1
JTS23000000JOR           2005        M10                 2.3
JTS23000000JOR           2005        M11                 2.0
JTS23000000JOR           2005        M12                 1.6
JTS23000000JOR           2006        M01                 1.8
JTS23000000JOR           2006        M02                 1.7
JTS23000000JOR           2006        M03                 2.5
JTS23000000JOR           2006        M04                 2.9
JTS23000000JOR           2006        M05                 2.5
JTS23000000JOR           2006        M06                 2.9
JTS23000000JOR           2006        M07                 3.1
JTS23000000JOR           2006        M08                 2.7
JTS23000000JOR           2006        M09                 2.2
JTS23000000JOR           2006        M10                 2.0
JTS23000000JOR           2006        M11                 1.3
JTS23000000JOR           2006        M12                 1.2
JTS23000000JOR           2007        M01                 3.2
JTS23000000JOR           2007        M02                 3.5
JTS23000000JOR           2007        M03                 2.6
JTS23000000JOR           2007        M04                 2.8
JTS23000000JOR           2007        M05                 2.7
JTS23000000JOR           2007        M06                 2.2
JTS23000000JOR           2007        M07                 2.6
JTS23000000JOR           2007        M08                 2.1
JTS23000000JOR           2007        M09                 1.6
JTS23000000JOR           2007        M10                 1.6
JTS23000000JOR           2007        M11                 1.1
JTS23000000JOR           2007        M12                 1.3
JTS23000000JOR           2008        M01                 1.7
JTS23000000JOR           2008        M02                 1.5
JTS23000000JOR           2008        M03                 1.3
JTS23000000JOR           2008        M04                 1.6
JTS23000000JOR           2008        M05                 2.3
JTS23000000JOR           2008        M06                 1.6
JTS23000000JOR           2008        M07                 1.7
JTS23000000JOR           2008        M08                 1.2
JTS23000000JOR           2008        M09                 1.7
JTS23000000JOR           2008        M10                 1.0
JTS23000000JOR           2008        M11                 0.7
JTS23000000JOR           2008        M12                 0.7
JTS23000000JOR           2009        M01                 0.6
JTS23000000JOR           2009        M02                 1.0
JTS23000000JOR           2009        M03                 0.7
JTS23000000JOR           2009        M04                 0.4
JTS23000000JOR           2009        M05                 0.7
JTS23000000JOR           2009        M06                 0.9
JTS23000000JOR           2009        M07                 1.0
JTS23000000JOR           2009        M08                 1.0
JTS23000000JOR           2009        M09                 1.1
JTS23000000JOR           2009        M10                 1.0
JTS23000000JOR           2009        M11                 0.8
JTS23000000JOR           2009        M12                 1.0
JTS23000000JOR           2010        M01                 0.9
JTS23000000JOR           2010        M02                 1.1
JTS23000000JOR           2010        M03                 1.4
JTS23000000JOR           2010        M04                 1.8
JTS23000000JOR           2010        M05                 1.5
JTS23000000JOR           2010        M06                 1.5
JTS23000000JOR           2010        M07                 2.1
JTS23000000JOR           2010        M08                 0.9
JTS23000000JOR           2010        M09                 1.3
JTS23000000JOR           2010        M10                 1.2
JTS23000000JOR           2010        M11                 1.2
JTS23000000JOR           2010        M12                 0.6
JTS23000000JOR           2011        M01                 1.1
JTS23000000JOR           2011        M02                 0.8
JTS23000000JOR           2011        M03                 1.2
JTS23000000JOR           2011        M04                 2.2
JTS23000000JOR           2011        M05                 2.1
JTS23000000JOR           2011        M06                 1.2
JTS23000000JOR           2011        M07                 1.6
JTS23000000JOR           2011        M08                 1.7
JTS23000000JOR           2011        M09                 1.5
JTS23000000JOR           2011        M10                 1.3
JTS23000000JOR           2011        M11                 1.1
JTS23000000JOR           2011        M12                 0.8
JTS23000000JOR           2012        M01                 1.4
JTS23000000JOR           2012        M02                 1.0
JTS23000000JOR           2012        M03                 1.6
JTS23000000JOR           2012        M04                 2.1
JTS23000000JOR           2012        M05                 1.5
JTS23000000JOR           2012        M06                 1.7
JTS23000000JOR           2012        M07                 1.4
JTS23000000JOR           2012        M08                 2.0
JTS23000000JOR           2012        M09                 1.4
JTS23000000JOR           2012        M10                 1.8
JTS23000000JOR           2012        M11                 1.2
JTS23000000JOR           2012        M12                 1.1
JTS23000000JOR           2013        M01                 2.0
JTS23000000JOR           2013        M02                 1.9
JTS23000000JOR           2013        M03                 1.8
JTS23000000JOR           2013        M04                 2.3
JTS23000000JOR           2013        M05                 2.1
JTS23000000JOR           2013        M06                 2.3
JTS23000000JOR           2013        M07                 2.0
JTS23000000JOR           2013        M08                 2.1
JTS23000000JOR           2013        M09                 1.9
JTS23000000JOR           2013        M10                 2.1
JTS23000000JOR           2013        M11                 1.7
JTS23000000JOR           2013        M12                 1.4
JTS23000000JOR           2014        M01                 2.1
JTS23000000JOR           2014        M02                 1.7
JTS23000000JOR           2014        M03                 2.0
JTS23000000JOR           2014        M04                 2.1
JTS23000000JOR           2014        M05                 2.4
JTS23000000JOR           2014        M06                 2.7
JTS23000000JOR           2014        M07                 2.5
JTS23000000JOR           2014        M08                 2.3
JTS23000000JOR           2014        M09                 1.7
JTS23000000JOR           2014        M10                 2.3
JTS23000000JOR           2014        M11                 1.7
JTS23000000JOR           2014        M12                 1.5
JTS23000000JOR           2015        M01                 2.2
JTS23000000JOR           2015        M02                 2.4
JTS23000000JOR           2015        M03                 2.6
JTS23000000JOR           2015        M04                 2.6
JTS23000000JOR           2015        M05                 2.6
JTS23000000JOR           2015        M06                 2.3
JTS23000000JOR           2015        M07                 2.3
JTS23000000JOR           2015        M08                 2.4
JTS23000000JOR           2015        M09                 1.6
JTS23000000JOR           2015        M10                 2.0
JTS23000000JOR           2015        M11                 1.3
JTS23000000JOR           2015        M12                 1.9
JTS23000000JOR           2016        M01                 2.3
JTS23000000JOR           2016        M02                 2.8
JTS23000000JOR           2016        M03                 3.0
JTS23000000JOR           2016        M04                 2.7
JTS23000000JOR           2016        M05                 2.7
JTS23000000JOR           2016        M06                 2.5
JTS23000000JOR           2016        M07                 3.4
JTS23000000JOR           2016        M08                 2.7
JTS23000000JOR           2016        M09                 3.4
JTS23000000JOR           2016        M10                 2.8
JTS23000000JOR           2016        M11                 2.6
JTS23000000JOR           2016        M12                 2.0
JTS23000000JOR           2017        M01                 2.0
JTS23000000JOR           2017        M02                 2.6
JTS23000000JOR           2017        M03                 2.3
JTS23000000JOR           2017        M04                 2.8
JTS23000000JOR           2017        M05                 2.3
JTS23000000JOR           2017        M06                 3.0
JTS23000000JOR           2017        M07                 3.3
JTS23000000JOR           2017        M08                 3.2
JTS23000000JOR           2017        M09                 2.5
JTS23000000JOR           2017        M10                 2.7
JTS23000000JOR           2017        M11                 2.9
JTS23000000JOR           2017        M12                 2.2        p
JTS30000000JOL           2000        M12                 362
JTS30000000JOL           2001        M01                 496
JTS30000000JOL           2001        M02                 400
JTS30000000JOL           2001        M03                 360
JTS30000000JOL           2001        M04                 337
JTS30000000JOL           2001        M05                 312
JTS30000000JOL           2001        M06                 320
JTS30000000JOL           2001        M07                 326
JTS30000000JOL           2001        M08                 267
JTS30000000JOL           2001        M09                 313
JTS30000000JOL           2001        M10                 265
JTS30000000JOL           2001        M11                 176
JTS30000000JOL           2001        M12                 178
JTS30000000JOL           2002        M01                 280
JTS30000000JOL           2002        M02                 237
JTS30000000JOL           2002        M03                 226
JTS30000000JOL           2002        M04                 257
JTS30000000JOL           2002        M05                 252
JTS30000000JOL           2002        M06                 261
JTS30000000JOL           2002        M07                 277
JTS30000000JOL           2002        M08                 233
JTS30000000JOL           2002        M09                 247
JTS30000000JOL           2002        M10                 224
JTS30000000JOL           2002        M11                 185
JTS30000000JOL           2002        M12                 169
JTS30000000JOL           2003        M01                 232
JTS30000000JOL           2003        M02                 194
JTS30000000JOL           2003        M03                 183
JTS30000000JOL           2003        M04                 203
JTS30000000JOL           2003        M05                 208
JTS30000000JOL           2003        M06                 193
JTS30000000JOL           2003        M07                 207
JTS30000000JOL           2003        M08                 225
JTS30000000JOL           2003        M09                 189
JTS30000000JOL           2003        M10                 225
JTS30000000JOL           2003        M11                 196
JTS30000000JOL           2003        M12                 186
JTS30000000JOL           2004        M01                 251
JTS30000000JOL           2004        M02                 214
JTS30000000JOL           2004        M03                 238
JTS30000000JOL           2004        M04                 282
JTS30000000JOL           2004        M05                 305
JTS30000000JOL           2004        M06                 263
JTS30000000JOL           2004        M07                 299
JTS30000000JOL           2004        M08                 275
JTS30000000JOL           2004        M09                 267
JTS30000000JOL           2004        M10                 284
JTS30000000JOL           2004        M11                 198
JTS30000000JOL           2004        M12                 230
JTS30000000JOL           2005        M01                 296
JTS30000000JOL           2005        M02                 279
JTS30000000JOL           2005        M03                 271
JTS30000000JOL           2005        M04                 314
JTS30000000JOL           2005        M05                 280
JTS30000000JOL           2005        M06                 289
JTS30000000JOL           2005        M07                 348
JTS30000000JOL           2005        M08                 306
JTS30000000JOL           2005        M09                 341
JTS30000000JOL           2005        M10                 284
JTS30000000JOL           2005        M11                 323
JTS30000000JOL           2005        M12                 303
JTS30000000JOL           2006        M01                 329
JTS30000000JOL           2006        M02                 369
JTS30000000JOL           2006        M03                 361
JTS30000000JOL           2006        M04                 396
JTS30000000JOL           2006        M05                 320
JTS30000000JOL           2006        M06                 366
JTS30000000JOL           2006        M07                 344
JTS30000000JOL           2006        M08                 347
JTS30000000JOL           2006        M09                 361
JTS30000000JOL           2006        M10                 359
JTS30000000JOL           2006        M11                 289
JTS30000000JOL           2006        M12                 315
JTS30000000JOL           2007        M01                 365
JTS30000000JOL           2007        M02                 349
JTS30000000JOL           2007        M03                 362
JTS30000000JOL           2007        M04                 387
JTS30000000JOL           2007        M05                 367
JTS30000000JOL           2007        M06                 371
JTS30000000JOL           2007        M07                 387
JTS30000000JOL           2007        M08                 334
JTS30000000JOL           2007        M09                 323
JTS30000000JOL           2007        M10                 298
JTS30000000JOL           2007        M11                 270
JTS30000000JOL           2007        M12                 266
JTS30000000JOL           2008        M01                 293
JTS30000000JOL           2008        M02                 270
JTS30000000JOL           2008        M03                 248
JTS30000000JOL           2008        M04                 300
JTS30000000JOL           2008        M05                 291
JTS30000000JOL           2008        M06                 248
JTS30000000JOL           2008        M07                 256
JTS30000000JOL           2008        M08                 272
JTS30000000JOL           2008        M09                 214
JTS30000000JOL           2008        M10                 238
JTS30000000JOL           2008        M11                 147
JTS30000000JOL           2008        M12                 139
JTS30000000JOL           2009        M01                 113
JTS30000000JOL           2009        M02                 130
JTS30000000JOL           2009        M03                 114
JTS30000000JOL           2009        M04                 104
JTS30000000JOL           2009        M05                 101
JTS30000000JOL           2009        M06                  99
JTS30000000JOL           2009        M07                 109
JTS30000000JOL           2009        M08                 133
JTS30000000JOL           2009        M09                 131
JTS30000000JOL           2009        M10                 146
JTS30000000JOL           2009        M11                 128
JTS30000000JOL           2009        M12                 154
JTS30000000JOL           2010        M01                 138
JTS30000000JOL           2010        M02                 152
JTS30000000JOL           2010        M03                 146
JTS30000000JOL           2010        M04                 189
JTS30000000JOL           2010        M05                 196
JTS30000000JOL           2010        M06                 216
JTS30000000JOL           2010        M07                 223
JTS30000000JOL           2010        M08                 190
JTS30000000JOL           2010        M09                 196
JTS30000000JOL           2010        M10                 204
JTS30000000JOL           2010        M11                 196
JTS30000000JOL           2010        M12                 168
JTS30000000JOL           2011        M01                 228
JTS30000000JOL           2011        M02                 207
JTS30000000JOL           2011        M03                 220
JTS30000000JOL           2011        M04                 247
JTS30000000JOL           2011        M05                 239
JTS30000000JOL           2011        M06                 222
JTS30000000JOL           2011        M07                 258
JTS30000000JOL           2011        M08                 233
JTS30000000JOL           2011        M09                 244
JTS30000000JOL           2011        M10                 242
JTS30000000JOL           2011        M11                 210
JTS30000000JOL           2011        M12                 218
JTS30000000JOL           2012        M01                 255
JTS30000000JOL           2012        M02                 247
JTS30000000JOL           2012        M03                 313
JTS30000000JOL           2012        M04                 272
JTS30000000JOL           2012        M05                 312
JTS30000000JOL           2012        M06                 321
JTS30000000JOL           2012        M07                 305
JTS30000000JOL           2012        M08                 265
JTS30000000JOL           2012        M09                 259
JTS30000000JOL           2012        M10                 274
JTS30000000JOL           2012        M11                 221
JTS30000000JOL           2012        M12                 234
JTS30000000JOL           2013        M01                 264
JTS30000000JOL           2013        M02                 281
JTS30000000JOL           2013        M03                 269
JTS30000000JOL           2013        M04                 260
JTS30000000JOL           2013        M05                 240
JTS30000000JOL           2013        M06                 215
JTS30000000JOL           2013        M07                 261
JTS30000000JOL           2013        M08                 289
JTS30000000JOL           2013        M09                 267
JTS30000000JOL           2013        M10                 318
JTS30000000JOL           2013        M11                 245
JTS30000000JOL           2013        M12                 254
JTS30000000JOL           2014        M01                 256
JTS30000000JOL           2014        M02                 262
JTS30000000JOL           2014        M03                 272
JTS30000000JOL           2014        M04                 301
JTS30000000JOL           2014        M05                 306
JTS30000000JOL           2014        M06                 320
JTS30000000JOL           2014        M07                 319
JTS30000000JOL           2014        M08                 318
JTS30000000JOL           2014        M09                 302
JTS30000000JOL           2014        M10                 288
JTS30000000JOL           2014        M11                 296
JTS30000000JOL           2014        M12                 280
JTS30000000JOL           2015        M01                 304
JTS30000000JOL           2015        M02                 299
JTS30000000JOL           2015        M03                 310
JTS30000000JOL           2015        M04                 355
JTS30000000JOL           2015        M05                 337
JTS30000000JOL           2015        M06                 284
JTS30000000JOL           2015        M07                 372
JTS30000000JOL           2015        M08                 318
JTS30000000JOL           2015        M09                 309
JTS30000000JOL           2015        M10                 318
JTS30000000JOL           2015        M11                 240
JTS30000000JOL           2015        M12                 325
JTS30000000JOL           2016        M01                 348
JTS30000000JOL           2016        M02                 306
JTS30000000JOL           2016        M03                 342
JTS30000000JOL           2016        M04                 364
JTS30000000JOL           2016        M05                 344
JTS30000000JOL           2016        M06                 363
JTS30000000JOL           2016        M07                 394
JTS30000000JOL           2016        M08                 339
JTS30000000JOL           2016        M09                 326
JTS30000000JOL           2016        M10                 314
JTS30000000JOL           2016        M11                 319
JTS30000000JOL           2016        M12                 342
JTS30000000JOL           2017        M01                 361
JTS30000000JOL           2017        M02                 364
JTS30000000JOL           2017        M03                 404
JTS30000000JOL           2017        M04                 365
JTS30000000JOL           2017        M05                 350
JTS30000000JOL           2017        M06                 419
JTS30000000JOL           2017        M07                 414
JTS30000000JOL           2017        M08                 435
JTS30000000JOL           2017        M09                 435
JTS30000000JOL           2017        M10                 409
JTS30000000JOL           2017        M11                 404
JTS30000000JOL           2017        M12                 364        p
JTS30000000JOR           2000        M12                 2.1
JTS30000000JOR           2001        M01                 2.8
JTS30000000JOR           2001        M02                 2.3
JTS30000000JOR           2001        M03                 2.1
JTS30000000JOR           2001        M04                 2.0
JTS30000000JOR           2001        M05                 1.8
JTS30000000JOR           2001        M06                 1.9
JTS30000000JOR           2001        M07                 1.9
JTS30000000JOR           2001        M08                 1.6
JTS30000000JOR           2001        M09                 1.9
JTS30000000JOR           2001        M10                 1.6
JTS30000000JOR           2001        M11                 1.1
JTS30000000JOR           2001        M12                 1.1
JTS30000000JOR           2002        M01                 1.8
JTS30000000JOR           2002        M02                 1.5
JTS30000000JOR           2002        M03                 1.4
JTS30000000JOR           2002        M04                 1.6
JTS30000000JOR           2002        M05                 1.6
JTS30000000JOR           2002        M06                 1.7
JTS30000000JOR           2002        M07                 1.8
JTS30000000JOR           2002        M08                 1.5
JTS30000000JOR           2002        M09                 1.6
JTS30000000JOR           2002        M10                 1.5
JTS30000000JOR           2002        M11                 1.2
JTS30000000JOR           2002        M12                 1.1
JTS30000000JOR           2003        M01                 1.5
JTS30000000JOR           2003        M02                 1.3
JTS30000000JOR           2003        M03                 1.2
JTS30000000JOR           2003        M04                 1.4
JTS30000000JOR           2003        M05                 1.4
JTS30000000JOR           2003        M06                 1.3
JTS30000000JOR           2003        M07                 1.4
JTS30000000JOR           2003        M08                 1.5
JTS30000000JOR           2003        M09                 1.3
JTS30000000JOR           2003        M10                 1.5
JTS30000000JOR           2003        M11                 1.4
JTS30000000JOR           2003        M12                 1.3
JTS30000000JOR           2004        M01                 1.7
JTS30000000JOR           2004        M02                 1.5
JTS30000000JOR           2004        M03                 1.6
JTS30000000JOR           2004        M04                 1.9
JTS30000000JOR           2004        M05                 2.1
JTS30000000JOR           2004        M06                 1.8
JTS30000000JOR           2004        M07                 2.0
JTS30000000JOR           2004        M08                 1.9
JTS30000000JOR           2004        M09                 1.8
JTS30000000JOR           2004        M10                 1.9
JTS30000000JOR           2004        M11                 1.4
JTS30000000JOR           2004        M12                 1.6
JTS30000000JOR           2005        M01                 2.0
JTS30000000JOR           2005        M02                 1.9
JTS30000000JOR           2005        M03                 1.9
JTS30000000JOR           2005        M04                 2.2
JTS30000000JOR           2005        M05                 1.9
JTS30000000JOR           2005        M06                 2.0
JTS30000000JOR           2005        M07                 2.4
JTS30000000JOR           2005        M08                 2.1
JTS30000000JOR           2005        M09                 2.3
JTS30000000JOR           2005        M10                 2.0
JTS30000000JOR           2005        M11                 2.2
JTS30000000JOR           2005        M12                 2.1
JTS30000000JOR           2006        M01                 2.3
JTS30000000JOR           2006        M02                 2.5
JTS30000000JOR           2006        M03                 2.5
JTS30000000JOR           2006        M04                 2.7
JTS30000000JOR           2006        M05                 2.2
JTS30000000JOR           2006        M06                 2.5
JTS30000000JOR           2006        M07                 2.4
JTS30000000JOR           2006        M08                 2.4
JTS30000000JOR           2006        M09                 2.5
JTS30000000JOR           2006        M10                 2.5
JTS30000000JOR           2006        M11                 2.0
JTS30000000JOR           2006        M12                 2.2
JTS30000000JOR           2007        M01                 2.5
JTS30000000JOR           2007        M02                 2.4
JTS30000000JOR           2007        M03                 2.5
JTS30000000JOR           2007        M04                 2.7
JTS30000000JOR           2007        M05                 2.6
JTS30000000JOR           2007        M06                 2.6
JTS30000000JOR           2007        M07                 2.7
JTS30000000JOR           2007        M08                 2.4
JTS30000000JOR           2007        M09                 2.3
JTS30000000JOR           2007        M10                 2.1
JTS30000000JOR           2007        M11                 1.9
JTS30000000JOR           2007        M12                 1.9
JTS30000000JOR           2008        M01                 2.1
JTS30000000JOR           2008        M02                 1.9
JTS30000000JOR           2008        M03                 1.8
JTS30000000JOR           2008        M04                 2.2
JTS30000000JOR           2008        M05                 2.1
JTS30000000JOR           2008        M06                 1.8
JTS30000000JOR           2008        M07                 1.9
JTS30000000JOR           2008        M08                 2.0
JTS30000000JOR           2008        M09                 1.6
JTS30000000JOR           2008        M10                 1.8
JTS30000000JOR           2008        M11                 1.1
JTS30000000JOR           2008        M12                 1.1
JTS30000000JOR           2009        M01                 0.9
JTS30000000JOR           2009        M02                 1.0
JTS30000000JOR           2009        M03                 0.9
JTS30000000JOR           2009        M04                 0.9
JTS30000000JOR           2009        M05                 0.8
JTS30000000JOR           2009        M06                 0.8
JTS30000000JOR           2009        M07                 0.9
JTS30000000JOR           2009        M08                 1.1
JTS30000000JOR           2009        M09                 1.1
JTS30000000JOR           2009        M10                 1.3
JTS30000000JOR           2009        M11                 1.1
JTS30000000JOR           2009        M12                 1.3
JTS30000000JOR           2010        M01                 1.2
JTS30000000JOR           2010        M02                 1.3
JTS30000000JOR           2010        M03                 1.3
JTS30000000JOR           2010        M04                 1.6
JTS30000000JOR           2010        M05                 1.7
JTS30000000JOR           2010        M06                 1.8
JTS30000000JOR           2010        M07                 1.9
JTS30000000JOR           2010        M08                 1.6
JTS30000000JOR           2010        M09                 1.7
JTS30000000JOR           2010        M10                 1.7
JTS30000000JOR           2010        M11                 1.7
JTS30000000JOR           2010        M12                 1.4
JTS30000000JOR           2011        M01                 1.9
JTS30000000JOR           2011        M02                 1.7
JTS30000000JOR           2011        M03                 1.9
JTS30000000JOR           2011        M04                 2.1
JTS30000000JOR           2011        M05                 2.0
JTS30000000JOR           2011        M06                 1.9
JTS30000000JOR           2011        M07                 2.2
JTS30000000JOR           2011        M08                 1.9
JTS30000000JOR           2011        M09                 2.0
JTS30000000JOR           2011        M10                 2.0
JTS30000000JOR           2011        M11                 1.8
JTS30000000JOR           2011        M12                 1.8
JTS30000000JOR           2012        M01                 2.1
JTS30000000JOR           2012        M02                 2.0
JTS30000000JOR           2012        M03                 2.6
JTS30000000JOR           2012        M04                 2.2
JTS30000000JOR           2012        M05                 2.6
JTS30000000JOR           2012        M06                 2.6
JTS30000000JOR           2012        M07                 2.5
JTS30000000JOR           2012        M08                 2.2
JTS30000000JOR           2012        M09                 2.1
JTS30000000JOR           2012        M10                 2.2
JTS30000000JOR           2012        M11                 1.8
JTS30000000JOR           2012        M12                 1.9
JTS30000000JOR           2013        M01                 2.2
JTS30000000JOR           2013        M02                 2.3
JTS30000000JOR           2013        M03                 2.2
JTS30000000JOR           2013        M04                 2.1
JTS30000000JOR           2013        M05                 2.0
JTS30000000JOR           2013        M06                 1.8
JTS30000000JOR           2013        M07                 2.1
JTS30000000JOR           2013        M08                 2.3
JTS30000000JOR           2013        M09                 2.2
JTS30000000JOR           2013        M10                 2.6
JTS30000000JOR           2013        M11                 2.0
JTS30000000JOR           2013        M12                 2.1
JTS30000000JOR           2014        M01                 2.1
JTS30000000JOR           2014        M02                 2.1
JTS30000000JOR           2014        M03                 2.2
JTS30000000JOR           2014        M04                 2.4
JTS30000000JOR           2014        M05                 2.5
JTS30000000JOR           2014        M06                 2.6
JTS30000000JOR           2014        M07                 2.5
JTS30000000JOR           2014        M08                 2.5
JTS30000000JOR           2014        M09                 2.4
JTS30000000JOR           2014        M10                 2.3
JTS30000000JOR           2014        M11                 2.4
JTS30000000JOR           2014        M12                 2.2
JTS30000000JOR           2015        M01                 2.4
JTS30000000JOR           2015        M02                 2.4
JTS30000000JOR           2015        M03                 2.5
JTS30000000JOR           2015        M04                 2.8
JTS30000000JOR           2015        M05                 2.7
JTS30000000JOR           2015        M06                 2.2
JTS30000000JOR           2015        M07                 2.9
JTS30000000JOR           2015        M08                 2.5
JTS30000000JOR           2015        M09                 2.4
JTS30000000JOR           2015        M10                 2.5
JTS30000000JOR           2015        M11                 1.9
JTS30000000JOR           2015        M12                 2.6
JTS30000000JOR           2016        M01                 2.7
JTS30000000JOR           2016        M02                 2.4
JTS30000000JOR           2016        M03                 2.7
JTS30000000JOR           2016        M04                 2.9
JTS30000000JOR           2016        M05                 2.7
JTS30000000JOR           2016        M06                 2.9
JTS30000000JOR           2016        M07                 3.1
JTS30000000JOR           2016        M08                 2.7
JTS30000000JOR           2016        M09                 2.6
JTS30000000JOR           2016        M10                 2.5
JTS30000000JOR           2016        M11                 2.5
JTS30000000JOR           2016        M12                 2.7
JTS30000000JOR           2017        M01                 2.8
JTS30000000JOR           2017        M02                 2.9
JTS30000000JOR           2017        M03                 3.2
JTS30000000JOR           2017        M04                 2.9
JTS30000000JOR           2017        M05                 2.7
JTS30000000JOR           2017        M06                 3.3
JTS30000000JOR           2017        M07                 3.2
JTS30000000JOR           2017        M08                 3.4
JTS30000000JOR           2017        M09                 3.4
JTS30000000JOR           2017        M10                 3.2
JTS30000000JOR           2017        M11                 3.1
JTS30000000JOR           2017        M12                 2.8        p
JTS32000000JOL           2000        M12                 262
JTS32000000JOL           2001        M01                 363
JTS32000000JOL           2001        M02                 285
JTS32000000JOL           2001        M03                 220
JTS32000000JOL           2001        M04                 238
JTS32000000JOL           2001        M05                 204
JTS32000000JOL           2001        M06                 199
JTS32000000JOL           2001        M07                 200
JTS32000000JOL           2001        M08                 161
JTS32000000JOL           2001        M09                 186
JTS32000000JOL           2001        M10                 155
JTS32000000JOL           2001        M11                 104
JTS32000000JOL           2001        M12                 116
JTS32000000JOL           2002        M01                 166
JTS32000000JOL           2002        M02                 135
JTS32000000JOL           2002        M03                 130
JTS32000000JOL           2002        M04                 151
JTS32000000JOL           2002        M05                 156
JTS32000000JOL           2002        M06                 152
JTS32000000JOL           2002        M07                 178
JTS32000000JOL           2002        M08                 146
JTS32000000JOL           2002        M09                 144
JTS32000000JOL           2002        M10                 145
JTS32000000JOL           2002        M11                 115
JTS32000000JOL           2002        M12                 107
JTS32000000JOL           2003        M01                 136
JTS32000000JOL           2003        M02                 120
JTS32000000JOL           2003        M03                 121
JTS32000000JOL           2003        M04                 124
JTS32000000JOL           2003        M05                 120
JTS32000000JOL           2003        M06                 112
JTS32000000JOL           2003        M07                 119
JTS32000000JOL           2003        M08                 140
JTS32000000JOL           2003        M09                 113
JTS32000000JOL           2003        M10                 139
JTS32000000JOL           2003        M11                 135
JTS32000000JOL           2003        M12                 108
JTS32000000JOL           2004        M01                 153
JTS32000000JOL           2004        M02                 133
JTS32000000JOL           2004        M03                 150
JTS32000000JOL           2004        M04                 185
JTS32000000JOL           2004        M05                 191
JTS32000000JOL           2004        M06                 170
JTS32000000JOL           2004        M07                 181
JTS32000000JOL           2004        M08                 166
JTS32000000JOL           2004        M09                 171
JTS32000000JOL           2004        M10                 181
JTS32000000JOL           2004        M11                 138
JTS32000000JOL           2004        M12                 152
JTS32000000JOL           2005        M01                 204
JTS32000000JOL           2005        M02                 187
JTS32000000JOL           2005        M03                 180
JTS32000000JOL           2005        M04                 222
JTS32000000JOL           2005        M05                 195
JTS32000000JOL           2005        M06                 175
JTS32000000JOL           2005        M07                 222
JTS32000000JOL           2005        M08                 217
JTS32000000JOL           2005        M09                 234
JTS32000000JOL           2005        M10                 199
JTS32000000JOL           2005        M11                 218
JTS32000000JOL           2005        M12                 214
JTS32000000JOL           2006        M01                 232
JTS32000000JOL           2006        M02                 266
JTS32000000JOL           2006        M03                 244
JTS32000000JOL           2006        M04                 267
JTS32000000JOL           2006        M05                 213
JTS32000000JOL           2006        M06                 233
JTS32000000JOL           2006        M07                 229
JTS32000000JOL           2006        M08                 217
JTS32000000JOL           2006        M09                 232
JTS32000000JOL           2006        M10                 218
JTS32000000JOL           2006        M11                 192
JTS32000000JOL           2006        M12                 200
JTS32000000JOL           2007        M01                 223
JTS32000000JOL           2007        M02                 227
JTS32000000JOL           2007        M03                 236
JTS32000000JOL           2007        M04                 248
JTS32000000JOL           2007        M05                 225
JTS32000000JOL           2007        M06                 229
JTS32000000JOL           2007        M07                 244
JTS32000000JOL           2007        M08                 226
JTS32000000JOL           2007        M09                 189
JTS32000000JOL           2007        M10                 169
JTS32000000JOL           2007        M11                 166
JTS32000000JOL           2007        M12                 141
JTS32000000JOL           2008        M01                 176
JTS32000000JOL           2008        M02                 145
JTS32000000JOL           2008        M03                 146
JTS32000000JOL           2008        M04                 170
JTS32000000JOL           2008        M05                 171
JTS32000000JOL           2008        M06                 155
JTS32000000JOL           2008        M07                 147
JTS32000000JOL           2008        M08                 160
JTS32000000JOL           2008        M09                 123
JTS32000000JOL           2008        M10                 128
JTS32000000JOL           2008        M11                  85
JTS32000000JOL           2008        M12                  72
JTS32000000JOL           2009        M01                  49
JTS32000000JOL           2009        M02                  63
JTS32000000JOL           2009        M03                  59
JTS32000000JOL           2009        M04                  49
JTS32000000JOL           2009        M05                  57
JTS32000000JOL           2009        M06                  50
JTS32000000JOL           2009        M07                  61
JTS32000000JOL           2009        M08                  67
JTS32000000JOL           2009        M09                  67
JTS32000000JOL           2009        M10                  86
JTS32000000JOL           2009        M11                  61
JTS32000000JOL           2009        M12                  75
JTS32000000JOL           2010        M01                  77
JTS32000000JOL           2010        M02                  92
JTS32000000JOL           2010        M03                  94
JTS32000000JOL           2010        M04                 121
JTS32000000JOL           2010        M05                 129
JTS32000000JOL           2010        M06                 147
JTS32000000JOL           2010        M07                 144
JTS32000000JOL           2010        M08                 138
JTS32000000JOL           2010        M09                 139
JTS32000000JOL           2010        M10                 141
JTS32000000JOL           2010        M11                 137
JTS32000000JOL           2010        M12                 114
JTS32000000JOL           2011        M01                 151
JTS32000000JOL           2011        M02                 138
JTS32000000JOL           2011        M03                 156
JTS32000000JOL           2011        M04                 170
JTS32000000JOL           2011        M05                 152
JTS32000000JOL           2011        M06                 159
JTS32000000JOL           2011        M07                 179
JTS32000000JOL           2011        M08                 166
JTS32000000JOL           2011        M09                 167
JTS32000000JOL           2011        M10                 171
JTS32000000JOL           2011        M11                 144
JTS32000000JOL           2011        M12                 152
JTS32000000JOL           2012        M01                 186
JTS32000000JOL           2012        M02                 169
JTS32000000JOL           2012        M03                 202
JTS32000000JOL           2012        M04                 169
JTS32000000JOL           2012        M05                 218
JTS32000000JOL           2012        M06                 209
JTS32000000JOL           2012        M07                 200
JTS32000000JOL           2012        M08                 160
JTS32000000JOL           2012        M09                 145
JTS32000000JOL           2012        M10                 167
JTS32000000JOL           2012        M11                 148
JTS32000000JOL           2012        M12                 167
JTS32000000JOL           2013        M01                 164
JTS32000000JOL           2013        M02                 177
JTS32000000JOL           2013        M03                 187
JTS32000000JOL           2013        M04                 172
JTS32000000JOL           2013        M05                 147
JTS32000000JOL           2013        M06                 144
JTS32000000JOL           2013        M07                 152
JTS32000000JOL           2013        M08                 189
JTS32000000JOL           2013        M09                 173
JTS32000000JOL           2013        M10                 186
JTS32000000JOL           2013        M11                 149
JTS32000000JOL           2013        M12                 161
JTS32000000JOL           2014        M01                 158
JTS32000000JOL           2014        M02                 143
JTS32000000JOL           2014        M03                 168
JTS32000000JOL           2014        M04                 197
JTS32000000JOL           2014        M05                 175
JTS32000000JOL           2014        M06                 201
JTS32000000JOL           2014        M07                 207
JTS32000000JOL           2014        M08                 183
JTS32000000JOL           2014        M09                 179
JTS32000000JOL           2014        M10                 177
JTS32000000JOL           2014        M11                 184
JTS32000000JOL           2014        M12                 175
JTS32000000JOL           2015        M01                 187
JTS32000000JOL           2015        M02                 187
JTS32000000JOL           2015        M03                 197
JTS32000000JOL           2015        M04                 230
JTS32000000JOL           2015        M05                 201
JTS32000000JOL           2015        M06                 182
JTS32000000JOL           2015        M07                 219
JTS32000000JOL           2015        M08                 197
JTS32000000JOL           2015        M09                 190
JTS32000000JOL           2015        M10                 178
JTS32000000JOL           2015        M11                 143
JTS32000000JOL           2015        M12                 182
JTS32000000JOL           2016        M01                 190
JTS32000000JOL           2016        M02                 158
JTS32000000JOL           2016        M03                 175
JTS32000000JOL           2016        M04                 194
JTS32000000JOL           2016        M05                 187
JTS32000000JOL           2016        M06                 206
JTS32000000JOL           2016        M07                 231
JTS32000000JOL           2016        M08                 185
JTS32000000JOL           2016        M09                 197
JTS32000000JOL           2016        M10                 199
JTS32000000JOL           2016        M11                 186
JTS32000000JOL           2016        M12                 194
JTS32000000JOL           2017        M01                 206
JTS32000000JOL           2017        M02                 209
JTS32000000JOL           2017        M03                 230
JTS32000000JOL           2017        M04                 207
JTS32000000JOL           2017        M05                 201
JTS32000000JOL           2017        M06                 232
JTS32000000JOL           2017        M07                 207
JTS32000000JOL           2017        M08                 248
JTS32000000JOL           2017        M09                 262
JTS32000000JOL           2017        M10                 247
JTS32000000JOL           2017        M11                 248
JTS32000000JOL           2017        M12                 228        p
JTS32000000JOR           2000        M12                 2.4
JTS32000000JOR           2001        M01                 3.3
JTS32000000JOR           2001        M02                 2.6
JTS32000000JOR           2001        M03                 2.0
JTS32000000JOR           2001        M04                 2.2
JTS32000000JOR           2001        M05                 1.9
JTS32000000JOR           2001        M06                 1.9
JTS32000000JOR           2001        M07                 1.9
JTS32000000JOR           2001        M08                 1.6
JTS32000000JOR           2001        M09                 1.8
JTS32000000JOR           2001        M10                 1.5
JTS32000000JOR           2001        M11                 1.0
JTS32000000JOR           2001        M12                 1.2
JTS32000000JOR           2002        M01                 1.7
JTS32000000JOR           2002        M02                 1.4
JTS32000000JOR           2002        M03                 1.3
JTS32000000JOR           2002        M04                 1.6
JTS32000000JOR           2002        M05                 1.6
JTS32000000JOR           2002        M06                 1.6
JTS32000000JOR           2002        M07                 1.8
JTS32000000JOR           2002        M08                 1.5
JTS32000000JOR           2002        M09                 1.5
JTS32000000JOR           2002        M10                 1.5
JTS32000000JOR           2002        M11                 1.2
JTS32000000JOR           2002        M12                 1.1
JTS32000000JOR           2003        M01                 1.5
JTS32000000JOR           2003        M02                 1.3
JTS32000000JOR           2003        M03                 1.3
JTS32000000JOR           2003        M04                 1.4
JTS32000000JOR           2003        M05                 1.3
JTS32000000JOR           2003        M06                 1.2
JTS32000000JOR           2003        M07                 1.3
JTS32000000JOR           2003        M08                 1.6
JTS32000000JOR           2003        M09                 1.3
JTS32000000JOR           2003        M10                 1.5
JTS32000000JOR           2003        M11                 1.5
JTS32000000JOR           2003        M12                 1.2
JTS32000000JOR           2004        M01                 1.7
JTS32000000JOR           2004        M02                 1.5
JTS32000000JOR           2004        M03                 1.7
JTS32000000JOR           2004        M04                 2.0
JTS32000000JOR           2004        M05                 2.1
JTS32000000JOR           2004        M06                 1.9
JTS32000000JOR           2004        M07                 2.0
JTS32000000JOR           2004        M08                 1.8
JTS32000000JOR           2004        M09                 1.9
JTS32000000JOR           2004        M10                 2.0
JTS32000000JOR           2004        M11                 1.5
JTS32000000JOR           2004        M12                 1.7
JTS32000000JOR           2005        M01                 2.2
JTS32000000JOR           2005        M02                 2.0
JTS32000000JOR           2005        M03                 2.0
JTS32000000JOR           2005        M04                 2.4
JTS32000000JOR           2005        M05                 2.1
JTS32000000JOR           2005        M06                 1.9
JTS32000000JOR           2005        M07                 2.4
JTS32000000JOR           2005        M08                 2.4
JTS32000000JOR           2005        M09                 2.5
JTS32000000JOR           2005        M10                 2.2
JTS32000000JOR           2005        M11                 2.4
JTS32000000JOR           2005        M12                 2.3
JTS32000000JOR           2006        M01                 2.5
JTS32000000JOR           2006        M02                 2.9
JTS32000000JOR           2006        M03                 2.6
JTS32000000JOR           2006        M04                 2.9
JTS32000000JOR           2006        M05                 2.3
JTS32000000JOR           2006        M06                 2.5
JTS32000000JOR           2006        M07                 2.5
JTS32000000JOR           2006        M08                 2.4
JTS32000000JOR           2006        M09                 2.5
JTS32000000JOR           2006        M10                 2.4
JTS32000000JOR           2006        M11                 2.1
JTS32000000JOR           2006        M12                 2.2
JTS32000000JOR           2007        M01                 2.4
JTS32000000JOR           2007        M02                 2.5
JTS32000000JOR           2007        M03                 2.6
JTS32000000JOR           2007        M04                 2.7
JTS32000000JOR           2007        M05                 2.5
JTS32000000JOR           2007        M06                 2.5
JTS32000000JOR           2007        M07                 2.7
JTS32000000JOR           2007        M08                 2.5
JTS32000000JOR           2007        M09                 2.1
JTS32000000JOR           2007        M10                 1.9
JTS32000000JOR           2007        M11                 1.9
JTS32000000JOR           2007        M12                 1.6
JTS32000000JOR           2008        M01                 2.0
JTS32000000JOR           2008        M02                 1.6
JTS32000000JOR           2008        M03                 1.7
JTS32000000JOR           2008        M04                 1.9
JTS32000000JOR           2008        M05                 2.0
JTS32000000JOR           2008        M06                 1.8
JTS32000000JOR           2008        M07                 1.7
JTS32000000JOR           2008        M08                 1.9
JTS32000000JOR           2008        M09                 1.4
JTS32000000JOR           2008        M10                 1.5
JTS32000000JOR           2008        M11                 1.0
JTS32000000JOR           2008        M12                 0.9
JTS32000000JOR           2009        M01                 0.6
JTS32000000JOR           2009        M02                 0.8
JTS32000000JOR           2009        M03                 0.8
JTS32000000JOR           2009        M04                 0.7
JTS32000000JOR           2009        M05                 0.8
JTS32000000JOR           2009        M06                 0.7
JTS32000000JOR           2009        M07                 0.8
JTS32000000JOR           2009        M08                 0.9
JTS32000000JOR           2009        M09                 0.9
JTS32000000JOR           2009        M10                 1.2
JTS32000000JOR           2009        M11                 0.9
JTS32000000JOR           2009        M12                 1.1
JTS32000000JOR           2010        M01                 1.1
JTS32000000JOR           2010        M02                 1.3
JTS32000000JOR           2010        M03                 1.3
JTS32000000JOR           2010        M04                 1.7
JTS32000000JOR           2010        M05                 1.8
JTS32000000JOR           2010        M06                 2.0
JTS32000000JOR           2010        M07                 2.0
JTS32000000JOR           2010        M08                 1.9
JTS32000000JOR           2010        M09                 1.9
JTS32000000JOR           2010        M10                 1.9
JTS32000000JOR           2010        M11                 1.9
JTS32000000JOR           2010        M12                 1.6
JTS32000000JOR           2011        M01                 2.1
JTS32000000JOR           2011        M02                 1.9
JTS32000000JOR           2011        M03                 2.1
JTS32000000JOR           2011        M04                 2.3
JTS32000000JOR           2011        M05                 2.1
JTS32000000JOR           2011        M06                 2.1
JTS32000000JOR           2011        M07                 2.4
JTS32000000JOR           2011        M08                 2.2
JTS32000000JOR           2011        M09                 2.2
JTS32000000JOR           2011        M10                 2.3
JTS32000000JOR           2011        M11                 1.9
JTS32000000JOR           2011        M12                 2.0
JTS32000000JOR           2012        M01                 2.4
JTS32000000JOR           2012        M02                 2.2
JTS32000000JOR           2012        M03                 2.6
JTS32000000JOR           2012        M04                 2.2
JTS32000000JOR           2012        M05                 2.8
JTS32000000JOR           2012        M06                 2.7
JTS32000000JOR           2012        M07                 2.6
JTS32000000JOR           2012        M08                 2.1
JTS32000000JOR           2012        M09                 1.9
JTS32000000JOR           2012        M10                 2.2
JTS32000000JOR           2012        M11                 1.9
JTS32000000JOR           2012        M12                 2.2
JTS32000000JOR           2013        M01                 2.1
JTS32000000JOR           2013        M02                 2.3
JTS32000000JOR           2013        M03                 2.4
JTS32000000JOR           2013        M04                 2.2
JTS32000000JOR           2013        M05                 1.9
JTS32000000JOR           2013        M06                 1.9
JTS32000000JOR           2013        M07                 2.0
JTS32000000JOR           2013        M08                 2.4
JTS32000000JOR           2013        M09                 2.2
JTS32000000JOR           2013        M10                 2.4
JTS32000000JOR           2013        M11                 1.9
JTS32000000JOR           2013        M12                 2.1
JTS32000000JOR           2014        M01                 2.0
JTS32000000JOR           2014        M02                 1.8
JTS32000000JOR           2014        M03                 2.2
JTS32000000JOR           2014        M04                 2.5
JTS32000000JOR           2014        M05                 2.2
JTS32000000JOR           2014        M06                 2.6
JTS32000000JOR           2014        M07                 2.6
JTS32000000JOR           2014        M08                 2.3
JTS32000000JOR           2014        M09                 2.3
JTS32000000JOR           2014        M10                 2.2
JTS32000000JOR           2014        M11                 2.3
JTS32000000JOR           2014        M12                 2.2
JTS32000000JOR           2015        M01                 2.4
JTS32000000JOR           2015        M02                 2.4
JTS32000000JOR           2015        M03                 2.5
JTS32000000JOR           2015        M04                 2.9
JTS32000000JOR           2015        M05                 2.5
JTS32000000JOR           2015        M06                 2.3
JTS32000000JOR           2015        M07                 2.7
JTS32000000JOR           2015        M08                 2.5
JTS32000000JOR           2015        M09                 2.4
JTS32000000JOR           2015        M10                 2.2
JTS32000000JOR           2015        M11                 1.8
JTS32000000JOR           2015        M12                 2.3
JTS32000000JOR           2016        M01                 2.4
JTS32000000JOR           2016        M02                 2.0
JTS32000000JOR           2016        M03                 2.2
JTS32000000JOR           2016        M04                 2.4
JTS32000000JOR           2016        M05                 2.4
JTS32000000JOR           2016        M06                 2.6
JTS32000000JOR           2016        M07                 2.9
JTS32000000JOR           2016        M08                 2.3
JTS32000000JOR           2016        M09                 2.5
JTS32000000JOR           2016        M10                 2.5
JTS32000000JOR           2016        M11                 2.4
JTS32000000JOR           2016        M12                 2.5
JTS32000000JOR           2017        M01                 2.6
JTS32000000JOR           2017        M02                 2.6
JTS32000000JOR           2017        M03                 2.9
JTS32000000JOR           2017        M04                 2.6
JTS32000000JOR           2017        M05                 2.5
JTS32000000JOR           2017        M06                 2.9
JTS32000000JOR           2017        M07                 2.6
JTS32000000JOR           2017        M08                 3.1
JTS32000000JOR           2017        M09                 3.3
JTS32000000JOR           2017        M10                 3.1
JTS32000000JOR           2017        M11                 3.1
JTS32000000JOR           2017        M12                 2.8        p
JTS34000000JOL           2000        M12                 100
JTS34000000JOL           2001        M01                 133
JTS34000000JOL           2001        M02                 115
JTS34000000JOL           2001        M03                 140
JTS34000000JOL           2001        M04                  99
JTS34000000JOL           2001        M05                 109
JTS34000000JOL           2001        M06                 121
JTS34000000JOL           2001        M07                 125
JTS34000000JOL           2001        M08                 106
JTS34000000JOL           2001        M09                 126
JTS34000000JOL           2001        M10                 110
JTS34000000JOL           2001        M11                  72
JTS34000000JOL           2001        M12                  62
JTS34000000JOL           2002        M01                 114
JTS34000000JOL           2002        M02                 101
JTS34000000JOL           2002        M03                  95
JTS34000000JOL           2002        M04                 106
JTS34000000JOL           2002        M05                  95
JTS34000000JOL           2002        M06                 108
JTS34000000JOL           2002        M07                  99
JTS34000000JOL           2002        M08                  87
JTS34000000JOL           2002        M09                 103
JTS34000000JOL           2002        M10                  79
JTS34000000JOL           2002        M11                  70
JTS34000000JOL           2002        M12                  61
JTS34000000JOL           2003        M01                  97
JTS34000000JOL           2003        M02                  74
JTS34000000JOL           2003        M03                  63
JTS34000000JOL           2003        M04                  79
JTS34000000JOL           2003        M05                  88
JTS34000000JOL           2003        M06                  81
JTS34000000JOL           2003        M07                  88
JTS34000000JOL           2003        M08                  85
JTS34000000JOL           2003        M09                  76
JTS34000000JOL           2003        M10                  86
JTS34000000JOL           2003        M11                  62
JTS34000000JOL           2003        M12                  78
JTS34000000JOL           2004        M01                  97
JTS34000000JOL           2004        M02                  81
JTS34000000JOL           2004        M03                  88
JTS34000000JOL           2004        M04                  97
JTS34000000JOL           2004        M05                 114
JTS34000000JOL           2004        M06                  94
JTS34000000JOL           2004        M07                 119
JTS34000000JOL           2004        M08                 109
JTS34000000JOL           2004        M09                  96
JTS34000000JOL           2004        M10                 102
JTS34000000JOL           2004        M11                  60
JTS34000000JOL           2004        M12                  78
JTS34000000JOL           2005        M01                  93
JTS34000000JOL           2005        M02                  92
JTS34000000JOL           2005        M03                  91
JTS34000000JOL           2005        M04                  92
JTS34000000JOL           2005        M05                  84
JTS34000000JOL           2005        M06                 114
JTS34000000JOL           2005        M07                 126
JTS34000000JOL           2005        M08                  88
JTS34000000JOL           2005        M09                 108
JTS34000000JOL           2005        M10                  85
JTS34000000JOL           2005        M11                 105
JTS34000000JOL           2005        M12                  89
JTS34000000JOL           2006        M01                  96
JTS34000000JOL           2006        M02                 104
JTS34000000JOL           2006        M03                 117
JTS34000000JOL           2006        M04                 128
JTS34000000JOL           2006        M05                 107
JTS34000000JOL           2006        M06                 133
JTS34000000JOL           2006        M07                 115
JTS34000000JOL           2006        M08                 130
JTS34000000JOL           2006        M09                 129
JTS34000000JOL           2006        M10                 141
JTS34000000JOL           2006        M11                  97
JTS34000000JOL           2006        M12                 115
JTS34000000JOL           2007        M01                 142
JTS34000000JOL           2007        M02                 122
JTS34000000JOL           2007        M03                 127
JTS34000000JOL           2007        M04                 139
JTS34000000JOL           2007        M05                 142
JTS34000000JOL           2007        M06                 142
JTS34000000JOL           2007        M07                 143
JTS34000000JOL           2007        M08                 108
JTS34000000JOL           2007        M09                 134
JTS34000000JOL           2007        M10                 130
JTS34000000JOL           2007        M11                 105
JTS34000000JOL           2007        M12                 125
JTS34000000JOL           2008        M01                 118
JTS34000000JOL           2008        M02                 126
JTS34000000JOL           2008        M03                 101
JTS34000000JOL           2008        M04                 130
JTS34000000JOL           2008        M05                 120
JTS34000000JOL           2008        M06                  93
JTS34000000JOL           2008        M07                 109
JTS34000000JOL           2008        M08                 112
JTS34000000JOL           2008        M09                  91
JTS34000000JOL           2008        M10                 110
JTS34000000JOL           2008        M11                  62
JTS34000000JOL           2008        M12                  67
JTS34000000JOL           2009        M01                  64
JTS34000000JOL           2009        M02                  67
JTS34000000JOL           2009        M03                  55
JTS34000000JOL           2009        M04                  55
JTS34000000JOL           2009        M05                  43
JTS34000000JOL           2009        M06                  50
JTS34000000JOL           2009        M07                  48
JTS34000000JOL           2009        M08                  66
JTS34000000JOL           2009        M09                  63
JTS34000000JOL           2009        M10                  60
JTS34000000JOL           2009        M11                  67
JTS34000000JOL           2009        M12                  79
JTS34000000JOL           2010        M01                  61
JTS34000000JOL           2010        M02                  60
JTS34000000JOL           2010        M03                  52
JTS34000000JOL           2010        M04                  68
JTS34000000JOL           2010        M05                  68
JTS34000000JOL           2010        M06                  69
JTS34000000JOL           2010        M07                  78
JTS34000000JOL           2010        M08                  52
JTS34000000JOL           2010        M09                  57
JTS34000000JOL           2010        M10                  63
JTS34000000JOL           2010        M11                  59
JTS34000000JOL           2010        M12                  55
JTS34000000JOL           2011        M01                  77
JTS34000000JOL           2011        M02                  69
JTS34000000JOL           2011        M03                  64
JTS34000000JOL           2011        M04                  77
JTS34000000JOL           2011        M05                  86
JTS34000000JOL           2011        M06                  63
JTS34000000JOL           2011        M07                  79
JTS34000000JOL           2011        M08                  68
JTS34000000JOL           2011        M09                  77
JTS34000000JOL           2011        M10                  71
JTS34000000JOL           2011        M11                  66
JTS34000000JOL           2011        M12                  67
JTS34000000JOL           2012        M01                  69
JTS34000000JOL           2012        M02                  78
JTS34000000JOL           2012        M03                 111
JTS34000000JOL           2012        M04                 103
JTS34000000JOL           2012        M05                  94
JTS34000000JOL           2012        M06                 112
JTS34000000JOL           2012        M07                 105
JTS34000000JOL           2012        M08                 105
JTS34000000JOL           2012        M09                 114
JTS34000000JOL           2012        M10                 107
JTS34000000JOL           2012        M11                  72
JTS34000000JOL           2012        M12                  66
JTS34000000JOL           2013        M01                 100
JTS34000000JOL           2013        M02                 103
JTS34000000JOL           2013        M03                  82
JTS34000000JOL           2013        M04                  88
JTS34000000JOL           2013        M05                  94
JTS34000000JOL           2013        M06                  71
JTS34000000JOL           2013        M07                 109
JTS34000000JOL           2013        M08                  99
JTS34000000JOL           2013        M09                  94
JTS34000000JOL           2013        M10                 132
JTS34000000JOL           2013        M11                  96
JTS34000000JOL           2013        M12                  94
JTS34000000JOL           2014        M01                  98
JTS34000000JOL           2014        M02                 119
JTS34000000JOL           2014        M03                 103
JTS34000000JOL           2014        M04                 104
JTS34000000JOL           2014        M05                 131
JTS34000000JOL           2014        M06                 119
JTS34000000JOL           2014        M07                 111
JTS34000000JOL           2014        M08                 134
JTS34000000JOL           2014        M09                 122
JTS34000000JOL           2014        M10                 111
JTS34000000JOL           2014        M11                 112
JTS34000000JOL           2014        M12                 106
JTS34000000JOL           2015        M01                 117
JTS34000000JOL           2015        M02                 112
JTS34000000JOL           2015        M03                 113
JTS34000000JOL           2015        M04                 126
JTS34000000JOL           2015        M05                 137
JTS34000000JOL           2015        M06                 102
JTS34000000JOL           2015        M07                 152
JTS34000000JOL           2015        M08                 121
JTS34000000JOL           2015        M09                 120
JTS34000000JOL           2015        M10                 140
JTS34000000JOL           2015        M11                  97
JTS34000000JOL           2015        M12                 143
JTS34000000JOL           2016        M01                 159
JTS34000000JOL           2016        M02                 148
JTS34000000JOL           2016        M03                 167
JTS34000000JOL           2016        M04                 169
JTS34000000JOL           2016        M05                 157
JTS34000000JOL           2016        M06                 158
JTS34000000JOL           2016        M07                 162
JTS34000000JOL           2016        M08                 154
JTS34000000JOL           2016        M09                 129
JTS34000000JOL           2016        M10                 115
JTS34000000JOL           2016        M11                 133
JTS34000000JOL           2016        M12                 148
JTS34000000JOL           2017        M01                 155
JTS34000000JOL           2017        M02                 155
JTS34000000JOL           2017        M03                 174
JTS34000000JOL           2017        M04                 158
JTS34000000JOL           2017        M05                 149
JTS34000000JOL           2017        M06                 187
JTS34000000JOL           2017        M07                 207
JTS34000000JOL           2017        M08                 187
JTS34000000JOL           2017        M09                 173
JTS34000000JOL           2017        M10                 162
JTS34000000JOL           2017        M11                 156
JTS34000000JOL           2017        M12                 136        p
JTS34000000JOR           2000        M12                 1.6
JTS34000000JOR           2001        M01                 2.1
JTS34000000JOR           2001        M02                 1.8
JTS34000000JOR           2001        M03                 2.2
JTS34000000JOR           2001        M04                 1.6
JTS34000000JOR           2001        M05                 1.7
JTS34000000JOR           2001        M06                 1.9
JTS34000000JOR           2001        M07                 2.0
JTS34000000JOR           2001        M08                 1.7
JTS34000000JOR           2001        M09                 2.1
JTS34000000JOR           2001        M10                 1.8
JTS34000000JOR           2001        M11                 1.2
JTS34000000JOR           2001        M12                 1.0
JTS34000000JOR           2002        M01                 1.9
JTS34000000JOR           2002        M02                 1.7
JTS34000000JOR           2002        M03                 1.6
JTS34000000JOR           2002        M04                 1.8
JTS34000000JOR           2002        M05                 1.6
JTS34000000JOR           2002        M06                 1.8
JTS34000000JOR           2002        M07                 1.7
JTS34000000JOR           2002        M08                 1.5
JTS34000000JOR           2002        M09                 1.8
JTS34000000JOR           2002        M10                 1.4
JTS34000000JOR           2002        M11                 1.2
JTS34000000JOR           2002        M12                 1.1
JTS34000000JOR           2003        M01                 1.7
JTS34000000JOR           2003        M02                 1.3
JTS34000000JOR           2003        M03                 1.1
JTS34000000JOR           2003        M04                 1.4
JTS34000000JOR           2003        M05                 1.6
JTS34000000JOR           2003        M06                 1.4
JTS34000000JOR           2003        M07                 1.6
JTS34000000JOR           2003        M08                 1.5
JTS34000000JOR           2003        M09                 1.4
JTS34000000JOR           2003        M10                 1.5
JTS34000000JOR           2003        M11                 1.1
JTS34000000JOR           2003        M12                 1.4
JTS34000000JOR           2004        M01                 1.8
JTS34000000JOR           2004        M02                 1.5
JTS34000000JOR           2004        M03                 1.6
JTS34000000JOR           2004        M04                 1.8
JTS34000000JOR           2004        M05                 2.1
JTS34000000JOR           2004        M06                 1.7
JTS34000000JOR           2004        M07                 2.2
JTS34000000JOR           2004        M08                 2.0
JTS34000000JOR           2004        M09                 1.8
JTS34000000JOR           2004        M10                 1.9
JTS34000000JOR           2004        M11                 1.1
JTS34000000JOR           2004        M12                 1.4
JTS34000000JOR           2005        M01                 1.7
JTS34000000JOR           2005        M02                 1.7
JTS34000000JOR           2005        M03                 1.7
JTS34000000JOR           2005        M04                 1.7
JTS34000000JOR           2005        M05                 1.6
JTS34000000JOR           2005        M06                 2.1
JTS34000000JOR           2005        M07                 2.3
JTS34000000JOR           2005        M08                 1.7
JTS34000000JOR           2005        M09                 2.0
JTS34000000JOR           2005        M10                 1.6
JTS34000000JOR           2005        M11                 2.0
JTS34000000JOR           2005        M12                 1.7
JTS34000000JOR           2006        M01                 1.8
JTS34000000JOR           2006        M02                 1.9
JTS34000000JOR           2006        M03                 2.2
JTS34000000JOR           2006        M04                 2.4
JTS34000000JOR           2006        M05                 2.0
JTS34000000JOR           2006        M06                 2.5
JTS34000000JOR           2006        M07                 2.2
JTS34000000JOR           2006        M08                 2.4
JTS34000000JOR           2006        M09                 2.4
JTS34000000JOR           2006        M10                 2.7
JTS34000000JOR           2006        M11                 1.8
JTS34000000JOR           2006        M12                 2.2
JTS34000000JOR           2007        M01                 2.7
JTS34000000JOR           2007        M02                 2.3
JTS34000000JOR           2007        M03                 2.4
JTS34000000JOR           2007        M04                 2.7
JTS34000000JOR           2007        M05                 2.7
JTS34000000JOR           2007        M06                 2.7
JTS34000000JOR           2007        M07                 2.7
JTS34000000JOR           2007        M08                 2.1
JTS34000000JOR           2007        M09                 2.6
JTS34000000JOR           2007        M10                 2.5
JTS34000000JOR           2007        M11                 2.0
JTS34000000JOR           2007        M12                 2.4
JTS34000000JOR           2008        M01                 2.3
JTS34000000JOR           2008        M02                 2.4
JTS34000000JOR           2008        M03                 2.0
JTS34000000JOR           2008        M04                 2.5
JTS34000000JOR           2008        M05                 2.4
JTS34000000JOR           2008        M06                 1.8
JTS34000000JOR           2008        M07                 2.2
JTS34000000JOR           2008        M08                 2.2
JTS34000000JOR           2008        M09                 1.8
JTS34000000JOR           2008        M10                 2.2
JTS34000000JOR           2008        M11                 1.3
JTS34000000JOR           2008        M12                 1.4
JTS34000000JOR           2009        M01                 1.3
JTS34000000JOR           2009        M02                 1.4
JTS34000000JOR           2009        M03                 1.2
JTS34000000JOR           2009        M04                 1.2
JTS34000000JOR           2009        M05                 0.9
JTS34000000JOR           2009        M06                 1.1
JTS34000000JOR           2009        M07                 1.1
JTS34000000JOR           2009        M08                 1.4
JTS34000000JOR           2009        M09                 1.4
JTS34000000JOR           2009        M10                 1.3
JTS34000000JOR           2009        M11                 1.5
JTS34000000JOR           2009        M12                 1.7
JTS34000000JOR           2010        M01                 1.3
JTS34000000JOR           2010        M02                 1.3
JTS34000000JOR           2010        M03                 1.1
JTS34000000JOR           2010        M04                 1.5
JTS34000000JOR           2010        M05                 1.5
JTS34000000JOR           2010        M06                 1.5
JTS34000000JOR           2010        M07                 1.7
JTS34000000JOR           2010        M08                 1.1
JTS34000000JOR           2010        M09                 1.3
JTS34000000JOR           2010        M10                 1.4
JTS34000000JOR           2010        M11                 1.3
JTS34000000JOR           2010        M12                 1.2
JTS34000000JOR           2011        M01                 1.7
JTS34000000JOR           2011        M02                 1.5
JTS34000000JOR           2011        M03                 1.4
JTS34000000JOR           2011        M04                 1.7
JTS34000000JOR           2011        M05                 1.9
JTS34000000JOR           2011        M06                 1.4
JTS34000000JOR           2011        M07                 1.7
JTS34000000JOR           2011        M08                 1.5
JTS34000000JOR           2011        M09                 1.7
JTS34000000JOR           2011        M10                 1.6
JTS34000000JOR           2011        M11                 1.5
JTS34000000JOR           2011        M12                 1.5
JTS34000000JOR           2012        M01                 1.5
JTS34000000JOR           2012        M02                 1.7
JTS34000000JOR           2012        M03                 2.4
JTS34000000JOR           2012        M04                 2.3
JTS34000000JOR           2012        M05                 2.1
JTS34000000JOR           2012        M06                 2.5
JTS34000000JOR           2012        M07                 2.3
JTS34000000JOR           2012        M08                 2.3
JTS34000000JOR           2012        M09                 2.5
JTS34000000JOR           2012        M10                 2.3
JTS34000000JOR           2012        M11                 1.6
JTS34000000JOR           2012        M12                 1.5
JTS34000000JOR           2013        M01                 2.2
JTS34000000JOR           2013        M02                 2.3
JTS34000000JOR           2013        M03                 1.8
JTS34000000JOR           2013        M04                 1.9
JTS34000000JOR           2013        M05                 2.1
JTS34000000JOR           2013        M06                 1.6
JTS34000000JOR           2013        M07                 2.4
JTS34000000JOR           2013        M08                 2.2
JTS34000000JOR           2013        M09                 2.1
JTS34000000JOR           2013        M10                 2.9
JTS34000000JOR           2013        M11                 2.1
JTS34000000JOR           2013        M12                 2.0
JTS34000000JOR           2014        M01                 2.1
JTS34000000JOR           2014        M02                 2.6
JTS34000000JOR           2014        M03                 2.2
JTS34000000JOR           2014        M04                 2.3
JTS34000000JOR           2014        M05                 2.8
JTS34000000JOR           2014        M06                 2.6
JTS34000000JOR           2014        M07                 2.4
JTS34000000JOR           2014        M08                 2.9
JTS34000000JOR           2014        M09                 2.6
JTS34000000JOR           2014        M10                 2.4
JTS34000000JOR           2014        M11                 2.4
JTS34000000JOR           2014        M12                 2.3
JTS34000000JOR           2015        M01                 2.5
JTS34000000JOR           2015        M02                 2.4
JTS34000000JOR           2015        M03                 2.4
JTS34000000JOR           2015        M04                 2.7
JTS34000000JOR           2015        M05                 2.9
JTS34000000JOR           2015        M06                 2.2
JTS34000000JOR           2015        M07                 3.2
JTS34000000JOR           2015        M08                 2.6
JTS34000000JOR           2015        M09                 2.5
JTS34000000JOR           2015        M10                 3.0
JTS34000000JOR           2015        M11                 2.1
JTS34000000JOR           2015        M12                 3.0
JTS34000000JOR           2016        M01                 3.3
JTS34000000JOR           2016        M02                 3.1
JTS34000000JOR           2016        M03                 3.5
JTS34000000JOR           2016        M04                 3.5
JTS34000000JOR           2016        M05                 3.3
JTS34000000JOR           2016        M06                 3.3
JTS34000000JOR           2016        M07                 3.4
JTS34000000JOR           2016        M08                 3.2
JTS34000000JOR           2016        M09                 2.7
JTS34000000JOR           2016        M10                 2.4
JTS34000000JOR           2016        M11                 2.8
JTS34000000JOR           2016        M12                 3.1
JTS34000000JOR           2017        M01                 3.2
JTS34000000JOR           2017        M02                 3.2
JTS34000000JOR           2017        M03                 3.6
JTS34000000JOR           2017        M04                 3.3
JTS34000000JOR           2017        M05                 3.1
JTS34000000JOR           2017        M06                 3.9
JTS34000000JOR           2017        M07                 4.2
JTS34000000JOR           2017        M08                 3.8
JTS34000000JOR           2017        M09                 3.6
JTS34000000JOR           2017        M10                 3.3
JTS34000000JOR           2017        M11                 3.2
JTS34000000JOR           2017        M12                 2.8        p
JTS40000000JOL           2000        M12                 707
JTS40000000JOL           2001        M01                 969
JTS40000000JOL           2001        M02                 834
JTS40000000JOL           2001        M03                 658
JTS40000000JOL           2001        M04                 849
JTS40000000JOL           2001        M05                 682
JTS40000000JOL           2001        M06                 686
JTS40000000JOL           2001        M07                 719
JTS40000000JOL           2001        M08                 594
JTS40000000JOL           2001        M09                 545
JTS40000000JOL           2001        M10                 565
JTS40000000JOL           2001        M11                 533
JTS40000000JOL           2001        M12                 543
JTS40000000JOL           2002        M01                 607
JTS40000000JOL           2002        M02                 512
JTS40000000JOL           2002        M03                 560
JTS40000000JOL           2002        M04                 536
JTS40000000JOL           2002        M05                 542
JTS40000000JOL           2002        M06                 552
JTS40000000JOL           2002        M07                 556
JTS40000000JOL           2002        M08                 537
JTS40000000JOL           2002        M09                 515
JTS40000000JOL           2002        M10                 598
JTS40000000JOL           2002        M11                 501
JTS40000000JOL           2002        M12                 431
JTS40000000JOL           2003        M01                 559
JTS40000000JOL           2003        M02                 548
JTS40000000JOL           2003        M03                 467
JTS40000000JOL           2003        M04                 528
JTS40000000JOL           2003        M05                 506
JTS40000000JOL           2003        M06                 533
JTS40000000JOL           2003        M07                 494
JTS40000000JOL           2003        M08                 541
JTS40000000JOL           2003        M09                 516
JTS40000000JOL           2003        M10                 518
JTS40000000JOL           2003        M11                 526
JTS40000000JOL           2003        M12                 552
JTS40000000JOL           2004        M01                 571
JTS40000000JOL           2004        M02                 529
JTS40000000JOL           2004        M03                 602
JTS40000000JOL           2004        M04                 604
JTS40000000JOL           2004        M05                 613
JTS40000000JOL           2004        M06                 622
JTS40000000JOL           2004        M07                 732
JTS40000000JOL           2004        M08                 617
JTS40000000JOL           2004        M09                 700
JTS40000000JOL           2004        M10                 640
JTS40000000JOL           2004        M11                 516
JTS40000000JOL           2004        M12                 601
JTS40000000JOL           2005        M01                 628
JTS40000000JOL           2005        M02                 695
JTS40000000JOL           2005        M03                 682
JTS40000000JOL           2005        M04                 731
JTS40000000JOL           2005        M05                 692
JTS40000000JOL           2005        M06                 682
JTS40000000JOL           2005        M07                 716
JTS40000000JOL           2005        M08                 700
JTS40000000JOL           2005        M09                 701
JTS40000000JOL           2005        M10                 759
JTS40000000JOL           2005        M11                 763
JTS40000000JOL           2005        M12                 661
JTS40000000JOL           2006        M01                 635
JTS40000000JOL           2006        M02                 706
JTS40000000JOL           2006        M03                 723
JTS40000000JOL           2006        M04                 767
JTS40000000JOL           2006        M05                 781
JTS40000000JOL           2006        M06                 699
JTS40000000JOL           2006        M07                 695
JTS40000000JOL           2006        M08                 755
JTS40000000JOL           2006        M09                 842
JTS40000000JOL           2006        M10                 800
JTS40000000JOL           2006        M11                 726
JTS40000000JOL           2006        M12                 797
JTS40000000JOL           2007        M01                 870
JTS40000000JOL           2007        M02                 729
JTS40000000JOL           2007        M03                 821
JTS40000000JOL           2007        M04                 902
JTS40000000JOL           2007        M05                 735
JTS40000000JOL           2007        M06                 798
JTS40000000JOL           2007        M07                 816
JTS40000000JOL           2007        M08                 793
JTS40000000JOL           2007        M09                 792
JTS40000000JOL           2007        M10                 728
JTS40000000JOL           2007        M11                 716
JTS40000000JOL           2007        M12                 724
JTS40000000JOL           2008        M01                 752
JTS40000000JOL           2008        M02                 670
JTS40000000JOL           2008        M03                 628
JTS40000000JOL           2008        M04                 652
JTS40000000JOL           2008        M05                 619
JTS40000000JOL           2008        M06                 543
JTS40000000JOL           2008        M07                 626
JTS40000000JOL           2008        M08                 584
JTS40000000JOL           2008        M09                 488
JTS40000000JOL           2008        M10                 556
JTS40000000JOL           2008        M11                 478
JTS40000000JOL           2008        M12                 413
JTS40000000JOL           2009        M01                 448
JTS40000000JOL           2009        M02                 429
JTS40000000JOL           2009        M03                 392
JTS40000000JOL           2009        M04                 336
JTS40000000JOL           2009        M05                 450
JTS40000000JOL           2009        M06                 415
JTS40000000JOL           2009        M07                 272
JTS40000000JOL           2009        M08                 410
JTS40000000JOL           2009        M09                 412
JTS40000000JOL           2009        M10                 296
JTS40000000JOL           2009        M11                 321
JTS40000000JOL           2009        M12                 355
JTS40000000JOL           2010        M01                 368
JTS40000000JOL           2010        M02                 431
JTS40000000JOL           2010        M03                 497
JTS40000000JOL           2010        M04                 434
JTS40000000JOL           2010        M05                 428
JTS40000000JOL           2010        M06                 417
JTS40000000JOL           2010        M07                 410
JTS40000000JOL           2010        M08                 404
JTS40000000JOL           2010        M09                 419
JTS40000000JOL           2010        M10                 436
JTS40000000JOL           2010        M11                 402
JTS40000000JOL           2010        M12                 445
JTS40000000JOL           2011        M01                 510
JTS40000000JOL           2011        M02                 518
JTS40000000JOL           2011        M03                 513
JTS40000000JOL           2011        M04                 577
JTS40000000JOL           2011        M05                 534
JTS40000000JOL           2011        M06                 546
JTS40000000JOL           2011        M07                 599
JTS40000000JOL           2011        M08                 509
JTS40000000JOL           2011        M09                 577
JTS40000000JOL           2011        M10                 600
JTS40000000JOL           2011        M11                 550
JTS40000000JOL           2011        M12                 548
JTS40000000JOL           2012        M01                 637
JTS40000000JOL           2012        M02                 602
JTS40000000JOL           2012        M03                 614
JTS40000000JOL           2012        M04                 577
JTS40000000JOL           2012        M05                 596
JTS40000000JOL           2012        M06                 576
JTS40000000JOL           2012        M07                 588
JTS40000000JOL           2012        M08                 596
JTS40000000JOL           2012        M09                 605
JTS40000000JOL           2012        M10                 614
JTS40000000JOL           2012        M11                 659
JTS40000000JOL           2012        M12                 635
JTS40000000JOL           2013        M01                 718
JTS40000000JOL           2013        M02                 623
JTS40000000JOL           2013        M03                 647
JTS40000000JOL           2013        M04                 725
JTS40000000JOL           2013        M05                 743
JTS40000000JOL           2013        M06                 816
JTS40000000JOL           2013        M07                 748
JTS40000000JOL           2013        M08                 723
JTS40000000JOL           2013        M09                 781
JTS40000000JOL           2013        M10                 695
JTS40000000JOL           2013        M11                 718
JTS40000000JOL           2013        M12                 694
JTS40000000JOL           2014        M01                 737
JTS40000000JOL           2014        M02                 698
JTS40000000JOL           2014        M03                 772
JTS40000000JOL           2014        M04                 871
JTS40000000JOL           2014        M05                 768
JTS40000000JOL           2014        M06                 790
JTS40000000JOL           2014        M07                 816
JTS40000000JOL           2014        M08                 855
JTS40000000JOL           2014        M09                 805
JTS40000000JOL           2014        M10                 852
JTS40000000JOL           2014        M11                 831
JTS40000000JOL           2014        M12                 821
JTS40000000JOL           2015        M01                 894
JTS40000000JOL           2015        M02                 878
JTS40000000JOL           2015        M03                 874
JTS40000000JOL           2015        M04                 971
JTS40000000JOL           2015        M05                 988
JTS40000000JOL           2015        M06                 929
JTS40000000JOL           2015        M07                1051
JTS40000000JOL           2015        M08                 966
JTS40000000JOL           2015        M09                1019
JTS40000000JOL           2015        M10                 960
JTS40000000JOL           2015        M11                 880
JTS40000000JOL           2015        M12                 818
JTS40000000JOL           2016        M01                1015
JTS40000000JOL           2016        M02                 988
JTS40000000JOL           2016        M03                 974
JTS40000000JOL           2016        M04                1040
JTS40000000JOL           2016        M05                 949
JTS40000000JOL           2016        M06                 990
JTS40000000JOL           2016        M07                1046
JTS40000000JOL           2016        M08                 997
JTS40000000JOL           2016        M09                1005
JTS40000000JOL           2016        M10                1021
JTS40000000JOL           2016        M11                1017
JTS40000000JOL           2016        M12                1014
JTS40000000JOL           2017        M01                 959
JTS40000000JOL           2017        M02                 928
JTS40000000JOL           2017        M03                 948
JTS40000000JOL           2017        M04                 967
JTS40000000JOL           2017        M05                 999
JTS40000000JOL           2017        M06                1027
JTS40000000JOL           2017        M07                1074
JTS40000000JOL           2017        M08                1116
JTS40000000JOL           2017        M09                1147
JTS40000000JOL           2017        M10                 967
JTS40000000JOL           2017        M11                1138
JTS40000000JOL           2017        M12                1084        p
JTS40000000JOR           2000        M12                 2.6
JTS40000000JOR           2001        M01                 3.6
JTS40000000JOR           2001        M02                 3.1
JTS40000000JOR           2001        M03                 2.4
JTS40000000JOR           2001        M04                 3.2
JTS40000000JOR           2001        M05                 2.6
JTS40000000JOR           2001        M06                 2.6
JTS40000000JOR           2001        M07                 2.7
JTS40000000JOR           2001        M08                 2.2
JTS40000000JOR           2001        M09                 2.1
JTS40000000JOR           2001        M10                 2.1
JTS40000000JOR           2001        M11                 2.0
JTS40000000JOR           2001        M12                 2.1
JTS40000000JOR           2002        M01                 2.3
JTS40000000JOR           2002        M02                 2.0
JTS40000000JOR           2002        M03                 2.1
JTS40000000JOR           2002        M04                 2.1
JTS40000000JOR           2002        M05                 2.1
JTS40000000JOR           2002        M06                 2.1
JTS40000000JOR           2002        M07                 2.1
JTS40000000JOR           2002        M08                 2.1
JTS40000000JOR           2002        M09                 2.0
JTS40000000JOR           2002        M10                 2.3
JTS40000000JOR           2002        M11                 1.9
JTS40000000JOR           2002        M12                 1.7
JTS40000000JOR           2003        M01                 2.2
JTS40000000JOR           2003        M02                 2.1
JTS40000000JOR           2003        M03                 1.8
JTS40000000JOR           2003        M04                 2.0
JTS40000000JOR           2003        M05                 2.0
JTS40000000JOR           2003        M06                 2.1
JTS40000000JOR           2003        M07                 1.9
JTS40000000JOR           2003        M08                 2.1
JTS40000000JOR           2003        M09                 2.0
JTS40000000JOR           2003        M10                 2.0
JTS40000000JOR           2003        M11                 2.0
JTS40000000JOR           2003        M12                 2.1
JTS40000000JOR           2004        M01                 2.2
JTS40000000JOR           2004        M02                 2.0
JTS40000000JOR           2004        M03                 2.3
JTS40000000JOR           2004        M04                 2.3
JTS40000000JOR           2004        M05                 2.3
JTS40000000JOR           2004        M06                 2.4
JTS40000000JOR           2004        M07                 2.8
JTS40000000JOR           2004        M08                 2.4
JTS40000000JOR           2004        M09                 2.7
JTS40000000JOR           2004        M10                 2.4
JTS40000000JOR           2004        M11                 2.0
JTS40000000JOR           2004        M12                 2.3
JTS40000000JOR           2005        M01                 2.4
JTS40000000JOR           2005        M02                 2.6
JTS40000000JOR           2005        M03                 2.6
JTS40000000JOR           2005        M04                 2.7
JTS40000000JOR           2005        M05                 2.6
JTS40000000JOR           2005        M06                 2.6
JTS40000000JOR           2005        M07                 2.7
JTS40000000JOR           2005        M08                 2.6
JTS40000000JOR           2005        M09                 2.6
JTS40000000JOR           2005        M10                 2.8
JTS40000000JOR           2005        M11                 2.8
JTS40000000JOR           2005        M12                 2.5
JTS40000000JOR           2006        M01                 2.4
JTS40000000JOR           2006        M02                 2.6
JTS40000000JOR           2006        M03                 2.7
JTS40000000JOR           2006        M04                 2.8
JTS40000000JOR           2006        M05                 2.9
JTS40000000JOR           2006        M06                 2.6
JTS40000000JOR           2006        M07                 2.6
JTS40000000JOR           2006        M08                 2.8
JTS40000000JOR           2006        M09                 3.1
JTS40000000JOR           2006        M10                 2.9
JTS40000000JOR           2006        M11                 2.7
JTS40000000JOR           2006        M12                 2.9
JTS40000000JOR           2007        M01                 3.2
JTS40000000JOR           2007        M02                 2.7
JTS40000000JOR           2007        M03                 3.0
JTS40000000JOR           2007        M04                 3.3
JTS40000000JOR           2007        M05                 2.7
JTS40000000JOR           2007        M06                 2.9
JTS40000000JOR           2007        M07                 3.0
JTS40000000JOR           2007        M08                 2.9
JTS40000000JOR           2007        M09                 2.9
JTS40000000JOR           2007        M10                 2.7
JTS40000000JOR           2007        M11                 2.6
JTS40000000JOR           2007        M12                 2.6
JTS40000000JOR           2008        M01                 2.7
JTS40000000JOR           2008        M02                 2.5
JTS40000000JOR           2008        M03                 2.3
JTS40000000JOR           2008        M04                 2.4
JTS40000000JOR           2008        M05                 2.3
JTS40000000JOR           2008        M06                 2.0
JTS40000000JOR           2008        M07                 2.3
JTS40000000JOR           2008        M08                 2.2
JTS40000000JOR           2008        M09                 1.8
JTS40000000JOR           2008        M10                 2.1
JTS40000000JOR           2008        M11                 1.8
JTS40000000JOR           2008        M12                 1.6
JTS40000000JOR           2009        M01                 1.7
JTS40000000JOR           2009        M02                 1.7
JTS40000000JOR           2009        M03                 1.5
JTS40000000JOR           2009        M04                 1.3
JTS40000000JOR           2009        M05                 1.8
JTS40000000JOR           2009        M06                 1.6
JTS40000000JOR           2009        M07                 1.1
JTS40000000JOR           2009        M08                 1.6
JTS40000000JOR           2009        M09                 1.6
JTS40000000JOR           2009        M10                 1.2
JTS40000000JOR           2009        M11                 1.3
JTS40000000JOR           2009        M12                 1.4
JTS40000000JOR           2010        M01                 1.5
JTS40000000JOR           2010        M02                 1.7
JTS40000000JOR           2010        M03                 2.0
JTS40000000JOR           2010        M04                 1.7
JTS40000000JOR           2010        M05                 1.7
JTS40000000JOR           2010        M06                 1.7
JTS40000000JOR           2010        M07                 1.6
JTS40000000JOR           2010        M08                 1.6
JTS40000000JOR           2010        M09                 1.7
JTS40000000JOR           2010        M10                 1.7
JTS40000000JOR           2010        M11                 1.6
JTS40000000JOR           2010        M12                 1.8
JTS40000000JOR           2011        M01                 2.0
JTS40000000JOR           2011        M02                 2.0
JTS40000000JOR           2011        M03                 2.0
JTS40000000JOR           2011        M04                 2.3
JTS40000000JOR           2011        M05                 2.1
JTS40000000JOR           2011        M06                 2.1
JTS40000000JOR           2011        M07                 2.3
JTS40000000JOR           2011        M08                 2.0
JTS40000000JOR           2011        M09                 2.2
JTS40000000JOR           2011        M10                 2.3
JTS40000000JOR           2011        M11                 2.1
JTS40000000JOR           2011        M12                 2.1
JTS40000000JOR           2012        M01                 2.5
JTS40000000JOR           2012        M02                 2.3
JTS40000000JOR           2012        M03                 2.4
JTS40000000JOR           2012        M04                 2.2
JTS40000000JOR           2012        M05                 2.3
JTS40000000JOR           2012        M06                 2.2
JTS40000000JOR           2012        M07                 2.3
JTS40000000JOR           2012        M08                 2.3
JTS40000000JOR           2012        M09                 2.3
JTS40000000JOR           2012        M10                 2.3
JTS40000000JOR           2012        M11                 2.5
JTS40000000JOR           2012        M12                 2.4
JTS40000000JOR           2013        M01                 2.7
JTS40000000JOR           2013        M02                 2.4
JTS40000000JOR           2013        M03                 2.5
JTS40000000JOR           2013        M04                 2.7
JTS40000000JOR           2013        M05                 2.8
JTS40000000JOR           2013        M06                 3.1
JTS40000000JOR           2013        M07                 2.8
JTS40000000JOR           2013        M08                 2.7
JTS40000000JOR           2013        M09                 2.9
JTS40000000JOR           2013        M10                 2.6
JTS40000000JOR           2013        M11                 2.7
JTS40000000JOR           2013        M12                 2.6
JTS40000000JOR           2014        M01                 2.7
JTS40000000JOR           2014        M02                 2.6
JTS40000000JOR           2014        M03                 2.9
JTS40000000JOR           2014        M04                 3.2
JTS40000000JOR           2014        M05                 2.8
JTS40000000JOR           2014        M06                 2.9
JTS40000000JOR           2014        M07                 3.0
JTS40000000JOR           2014        M08                 3.1
JTS40000000JOR           2014        M09                 2.9
JTS40000000JOR           2014        M10                 3.1
JTS40000000JOR           2014        M11                 3.0
JTS40000000JOR           2014        M12                 3.0
JTS40000000JOR           2015        M01                 3.2
JTS40000000JOR           2015        M02                 3.2
JTS40000000JOR           2015        M03                 3.2
JTS40000000JOR           2015        M04                 3.5
JTS40000000JOR           2015        M05                 3.5
JTS40000000JOR           2015        M06                 3.3
JTS40000000JOR           2015        M07                 3.8
JTS40000000JOR           2015        M08                 3.5
JTS40000000JOR           2015        M09                 3.6
JTS40000000JOR           2015        M10                 3.4
JTS40000000JOR           2015        M11                 3.2
JTS40000000JOR           2015        M12                 2.9
JTS40000000JOR           2016        M01                 3.6
JTS40000000JOR           2016        M02                 3.5
JTS40000000JOR           2016        M03                 3.5
JTS40000000JOR           2016        M04                 3.7
JTS40000000JOR           2016        M05                 3.4
JTS40000000JOR           2016        M06                 3.5
JTS40000000JOR           2016        M07                 3.7
JTS40000000JOR           2016        M08                 3.5
JTS40000000JOR           2016        M09                 3.5
JTS40000000JOR           2016        M10                 3.6
JTS40000000JOR           2016        M11                 3.6
JTS40000000JOR           2016        M12                 3.6
JTS40000000JOR           2017        M01                 3.4
JTS40000000JOR           2017        M02                 3.3
JTS40000000JOR           2017        M03                 3.3
JTS40000000JOR           2017        M04                 3.4
JTS40000000JOR           2017        M05                 3.5
JTS40000000JOR           2017        M06                 3.6
JTS40000000JOR           2017        M07                 3.8
JTS40000000JOR           2017        M08                 3.9
JTS40000000JOR           2017        M09                 4.0
JTS40000000JOR           2017        M10                 3.4
JTS40000000JOR           2017        M11                 4.0
JTS40000000JOR           2017        M12                 3.8        p
JTS42000000JOL           2000        M12                 167
JTS42000000JOL           2001        M01                 311
JTS42000000JOL           2001        M02                 207
JTS42000000JOL           2001        M03                 124
JTS42000000JOL           2001        M04                 223
JTS42000000JOL           2001        M05                 111
JTS42000000JOL           2001        M06                 144
JTS42000000JOL           2001        M07                 148
JTS42000000JOL           2001        M08                  99
JTS42000000JOL           2001        M09                  94
JTS42000000JOL           2001        M10                  83
JTS42000000JOL           2001        M11                  76
JTS42000000JOL           2001        M12                  65
JTS42000000JOL           2002        M01                 133
JTS42000000JOL           2002        M02                 106
JTS42000000JOL           2002        M03                 137
JTS42000000JOL           2002        M04                 132
JTS42000000JOL           2002        M05                 100
JTS42000000JOL           2002        M06                 121
JTS42000000JOL           2002        M07                 115
JTS42000000JOL           2002        M08                 101
JTS42000000JOL           2002        M09                  97
JTS42000000JOL           2002        M10                  89
JTS42000000JOL           2002        M11                  84
JTS42000000JOL           2002        M12                  74
JTS42000000JOL           2003        M01                 120
JTS42000000JOL           2003        M02                  89
JTS42000000JOL           2003        M03                  76
JTS42000000JOL           2003        M04                  99
JTS42000000JOL           2003        M05                 101
JTS42000000JOL           2003        M06                  92
JTS42000000JOL           2003        M07                  97
JTS42000000JOL           2003        M08                 116
JTS42000000JOL           2003        M09                  83
JTS42000000JOL           2003        M10                  88
JTS42000000JOL           2003        M11                  95
JTS42000000JOL           2003        M12                 111
JTS42000000JOL           2004        M01                 141
JTS42000000JOL           2004        M02                  85
JTS42000000JOL           2004        M03                 102
JTS42000000JOL           2004        M04                 149
JTS42000000JOL           2004        M05                 131
JTS42000000JOL           2004        M06                 146
JTS42000000JOL           2004        M07                 180
JTS42000000JOL           2004        M08                 115
JTS42000000JOL           2004        M09                 134
JTS42000000JOL           2004        M10                 105
JTS42000000JOL           2004        M11                 111
JTS42000000JOL           2004        M12                 142
JTS42000000JOL           2005        M01                 121
JTS42000000JOL           2005        M02                 161
JTS42000000JOL           2005        M03                 134
JTS42000000JOL           2005        M04                 161
JTS42000000JOL           2005        M05                 156
JTS42000000JOL           2005        M06                 131
JTS42000000JOL           2005        M07                 164
JTS42000000JOL           2005        M08                 138
JTS42000000JOL           2005        M09                 137
JTS42000000JOL           2005        M10                 152
JTS42000000JOL           2005        M11                 116
JTS42000000JOL           2005        M12                 128
JTS42000000JOL           2006        M01                 173
JTS42000000JOL           2006        M02                 188
JTS42000000JOL           2006        M03                 188
JTS42000000JOL           2006        M04                 186
JTS42000000JOL           2006        M05                 186
JTS42000000JOL           2006        M06                 146
JTS42000000JOL           2006        M07                 171
JTS42000000JOL           2006        M08                 155
JTS42000000JOL           2006        M09                 218
JTS42000000JOL           2006        M10                 163
JTS42000000JOL           2006        M11                 142
JTS42000000JOL           2006        M12                 175
JTS42000000JOL           2007        M01                 232
JTS42000000JOL           2007        M02                 144
JTS42000000JOL           2007        M03                 218
JTS42000000JOL           2007        M04                 306
JTS42000000JOL           2007        M05                 215
JTS42000000JOL           2007        M06                 210
JTS42000000JOL           2007        M07                 208
JTS42000000JOL           2007        M08                 219
JTS42000000JOL           2007        M09                 186
JTS42000000JOL           2007        M10                 191
JTS42000000JOL           2007        M11                 112
JTS42000000JOL           2007        M12                 219
JTS42000000JOL           2008        M01                 205
JTS42000000JOL           2008        M02                 179
JTS42000000JOL           2008        M03                 131
JTS42000000JOL           2008        M04                 147
JTS42000000JOL           2008        M05                 129
JTS42000000JOL           2008        M06                 125
JTS42000000JOL           2008        M07                 114
JTS42000000JOL           2008        M08                 111
JTS42000000JOL           2008        M09                  97
JTS42000000JOL           2008        M10                  75
JTS42000000JOL           2008        M11                  54
JTS42000000JOL           2008        M12                  64
JTS42000000JOL           2009        M01                  54
JTS42000000JOL           2009        M02                  88
JTS42000000JOL           2009        M03                  74
JTS42000000JOL           2009        M04                  65
JTS42000000JOL           2009        M05                  70
JTS42000000JOL           2009        M06                  83
JTS42000000JOL           2009        M07                  70
JTS42000000JOL           2009        M08                  97
JTS42000000JOL           2009        M09                  68
JTS42000000JOL           2009        M10                  60
JTS42000000JOL           2009        M11                  45
JTS42000000JOL           2009        M12                  77
JTS42000000JOL           2010        M01                  90
JTS42000000JOL           2010        M02                  73
JTS42000000JOL           2010        M03                  94
JTS42000000JOL           2010        M04                  87
JTS42000000JOL           2010        M05                 105
JTS42000000JOL           2010        M06                  74
JTS42000000JOL           2010        M07                  91
JTS42000000JOL           2010        M08                  82
JTS42000000JOL           2010        M09                  80
JTS42000000JOL           2010        M10                  75
JTS42000000JOL           2010        M11                  77
JTS42000000JOL           2010        M12                  64
JTS42000000JOL           2011        M01                 133
JTS42000000JOL           2011        M02                 132
JTS42000000JOL           2011        M03                 123
JTS42000000JOL           2011        M04                 118
JTS42000000JOL           2011        M05                 100
JTS42000000JOL           2011        M06                  97
JTS42000000JOL           2011        M07                 132
JTS42000000JOL           2011        M08                  75
JTS42000000JOL           2011        M09                 134
JTS42000000JOL           2011        M10                 144
JTS42000000JOL           2011        M11                 113
JTS42000000JOL           2011        M12                 109
JTS42000000JOL           2012        M01                 163
JTS42000000JOL           2012        M02                 114
JTS42000000JOL           2012        M03                 120
JTS42000000JOL           2012        M04                 137
JTS42000000JOL           2012        M05                 133
JTS42000000JOL           2012        M06                 145
JTS42000000JOL           2012        M07                 153
JTS42000000JOL           2012        M08                 128
JTS42000000JOL           2012        M09                 122
JTS42000000JOL           2012        M10                 125
JTS42000000JOL           2012        M11                 113
JTS42000000JOL           2012        M12                 119
JTS42000000JOL           2013        M01                 156
JTS42000000JOL           2013        M02                  96
JTS42000000JOL           2013        M03                 128
JTS42000000JOL           2013        M04                 141
JTS42000000JOL           2013        M05                 118
JTS42000000JOL           2013        M06                 100
JTS42000000JOL           2013        M07                 164
JTS42000000JOL           2013        M08                 130
JTS42000000JOL           2013        M09                 122
JTS42000000JOL           2013        M10                 109
JTS42000000JOL           2013        M11                 138
JTS42000000JOL           2013        M12                 146
JTS42000000JOL           2014        M01                 141
JTS42000000JOL           2014        M02                 127
JTS42000000JOL           2014        M03                 117
JTS42000000JOL           2014        M04                 167
JTS42000000JOL           2014        M05                 151
JTS42000000JOL           2014        M06                 150
JTS42000000JOL           2014        M07                 175
JTS42000000JOL           2014        M08                 146
JTS42000000JOL           2014        M09                 132
JTS42000000JOL           2014        M10                 161
JTS42000000JOL           2014        M11                 160
JTS42000000JOL           2014        M12                 147
JTS42000000JOL           2015        M01                 166
JTS42000000JOL           2015        M02                 161
JTS42000000JOL           2015        M03                 141
JTS42000000JOL           2015        M04                 174
JTS42000000JOL           2015        M05                 166
JTS42000000JOL           2015        M06                 147
JTS42000000JOL           2015        M07                 213
JTS42000000JOL           2015        M08                 165
JTS42000000JOL           2015        M09                 159
JTS42000000JOL           2015        M10                 183
JTS42000000JOL           2015        M11                 128
JTS42000000JOL           2015        M12                 134
JTS42000000JOL           2016        M01                 198
JTS42000000JOL           2016        M02                 197
JTS42000000JOL           2016        M03                 178
JTS42000000JOL           2016        M04                 235
JTS42000000JOL           2016        M05                 154
JTS42000000JOL           2016        M06                 172
JTS42000000JOL           2016        M07                 168
JTS42000000JOL           2016        M08                 169
JTS42000000JOL           2016        M09                 169
JTS42000000JOL           2016        M10                 185
JTS42000000JOL           2016        M11                 203
JTS42000000JOL           2016        M12                 182
JTS42000000JOL           2017        M01                 201
JTS42000000JOL           2017        M02                 175
JTS42000000JOL           2017        M03                 183
JTS42000000JOL           2017        M04                 210
JTS42000000JOL           2017        M05                 185
JTS42000000JOL           2017        M06                 229
JTS42000000JOL           2017        M07                 230
JTS42000000JOL           2017        M08                 207
JTS42000000JOL           2017        M09                 219
JTS42000000JOL           2017        M10                 135
JTS42000000JOL           2017        M11                 177
JTS42000000JOL           2017        M12                 207        p
JTS42000000JOR           2000        M12                 2.8
JTS42000000JOR           2001        M01                 5.0
JTS42000000JOR           2001        M02                 3.4
JTS42000000JOR           2001        M03                 2.1
JTS42000000JOR           2001        M04                 3.7
JTS42000000JOR           2001        M05                 1.9
JTS42000000JOR           2001        M06                 2.4
JTS42000000JOR           2001        M07                 2.5
JTS42000000JOR           2001        M08                 1.7
JTS42000000JOR           2001        M09                 1.6
JTS42000000JOR           2001        M10                 1.4
JTS42000000JOR           2001        M11                 1.3
JTS42000000JOR           2001        M12                 1.1
JTS42000000JOR           2002        M01                 2.3
JTS42000000JOR           2002        M02                 1.8
JTS42000000JOR           2002        M03                 2.4
JTS42000000JOR           2002        M04                 2.3
JTS42000000JOR           2002        M05                 1.7
JTS42000000JOR           2002        M06                 2.1
JTS42000000JOR           2002        M07                 2.0
JTS42000000JOR           2002        M08                 1.8
JTS42000000JOR           2002        M09                 1.7
JTS42000000JOR           2002        M10                 1.6
JTS42000000JOR           2002        M11                 1.5
JTS42000000JOR           2002        M12                 1.3
JTS42000000JOR           2003        M01                 2.1
JTS42000000JOR           2003        M02                 1.6
JTS42000000JOR           2003        M03                 1.3
JTS42000000JOR           2003        M04                 1.7
JTS42000000JOR           2003        M05                 1.8
JTS42000000JOR           2003        M06                 1.6
JTS42000000JOR           2003        M07                 1.7
JTS42000000JOR           2003        M08                 2.0
JTS42000000JOR           2003        M09                 1.5
JTS42000000JOR           2003        M10                 1.5
JTS42000000JOR           2003        M11                 1.7
JTS42000000JOR           2003        M12                 1.9
JTS42000000JOR           2004        M01                 2.4
JTS42000000JOR           2004        M02                 1.5
JTS42000000JOR           2004        M03                 1.8
JTS42000000JOR           2004        M04                 2.6
JTS42000000JOR           2004        M05                 2.3
JTS42000000JOR           2004        M06                 2.5
JTS42000000JOR           2004        M07                 3.1
JTS42000000JOR           2004        M08                 2.0
JTS42000000JOR           2004        M09                 2.3
JTS42000000JOR           2004        M10                 1.8
JTS42000000JOR           2004        M11                 1.9
JTS42000000JOR           2004        M12                 2.4
JTS42000000JOR           2005        M01                 2.1
JTS42000000JOR           2005        M02                 2.7
JTS42000000JOR           2005        M03                 2.3
JTS42000000JOR           2005        M04                 2.7
JTS42000000JOR           2005        M05                 2.6
JTS42000000JOR           2005        M06                 2.2
JTS42000000JOR           2005        M07                 2.8
JTS42000000JOR           2005        M08                 2.3
JTS42000000JOR           2005        M09                 2.3
JTS42000000JOR           2005        M10                 2.6
JTS42000000JOR           2005        M11                 2.0
JTS42000000JOR           2005        M12                 2.2
JTS42000000JOR           2006        M01                 2.9
JTS42000000JOR           2006        M02                 3.1
JTS42000000JOR           2006        M03                 3.1
JTS42000000JOR           2006        M04                 3.1
JTS42000000JOR           2006        M05                 3.1
JTS42000000JOR           2006        M06                 2.4
JTS42000000JOR           2006        M07                 2.8
JTS42000000JOR           2006        M08                 2.6
JTS42000000JOR           2006        M09                 3.5
JTS42000000JOR           2006        M10                 2.7
JTS42000000JOR           2006        M11                 2.3
JTS42000000JOR           2006        M12                 2.8
JTS42000000JOR           2007        M01                 3.7
JTS42000000JOR           2007        M02                 2.3
JTS42000000JOR           2007        M03                 3.5
JTS42000000JOR           2007        M04                 4.8
JTS42000000JOR           2007        M05                 3.4
JTS42000000JOR           2007        M06                 3.4
JTS42000000JOR           2007        M07                 3.3
JTS42000000JOR           2007        M08                 3.5
JTS42000000JOR           2007        M09                 3.0
JTS42000000JOR           2007        M10                 3.1
JTS42000000JOR           2007        M11                 1.8
JTS42000000JOR           2007        M12                 3.5
JTS42000000JOR           2008        M01                 3.3
JTS42000000JOR           2008        M02                 2.9
JTS42000000JOR           2008        M03                 2.1
JTS42000000JOR           2008        M04                 2.4
JTS42000000JOR           2008        M05                 2.1
JTS42000000JOR           2008        M06                 2.0
JTS42000000JOR           2008        M07                 1.9
JTS42000000JOR           2008        M08                 1.8
JTS42000000JOR           2008        M09                 1.6
JTS42000000JOR           2008        M10                 1.3
JTS42000000JOR           2008        M11                 0.9
JTS42000000JOR           2008        M12                 1.1
JTS42000000JOR           2009        M01                 0.9
JTS42000000JOR           2009        M02                 1.5
JTS42000000JOR           2009        M03                 1.3
JTS42000000JOR           2009        M04                 1.2
JTS42000000JOR           2009        M05                 1.2
JTS42000000JOR           2009        M06                 1.5
JTS42000000JOR           2009        M07                 1.3
JTS42000000JOR           2009        M08                 1.7
JTS42000000JOR           2009        M09                 1.2
JTS42000000JOR           2009        M10                 1.1
JTS42000000JOR           2009        M11                 0.8
JTS42000000JOR           2009        M12                 1.4
JTS42000000JOR           2010        M01                 1.6
JTS42000000JOR           2010        M02                 1.3
JTS42000000JOR           2010        M03                 1.7
JTS42000000JOR           2010        M04                 1.6
JTS42000000JOR           2010        M05                 1.9
JTS42000000JOR           2010        M06                 1.3
JTS42000000JOR           2010        M07                 1.6
JTS42000000JOR           2010        M08                 1.5
JTS42000000JOR           2010        M09                 1.5
JTS42000000JOR           2010        M10                 1.3
JTS42000000JOR           2010        M11                 1.4
JTS42000000JOR           2010        M12                 1.2
JTS42000000JOR           2011        M01                 2.4
JTS42000000JOR           2011        M02                 2.3
JTS42000000JOR           2011        M03                 2.2
JTS42000000JOR           2011        M04                 2.1
JTS42000000JOR           2011        M05                 1.8
JTS42000000JOR           2011        M06                 1.7
JTS42000000JOR           2011        M07                 2.3
JTS42000000JOR           2011        M08                 1.3
JTS42000000JOR           2011        M09                 2.3
JTS42000000JOR           2011        M10                 2.5
JTS42000000JOR           2011        M11                 2.0
JTS42000000JOR           2011        M12                 1.9
JTS42000000JOR           2012        M01                 2.8
JTS42000000JOR           2012        M02                 2.0
JTS42000000JOR           2012        M03                 2.1
JTS42000000JOR           2012        M04                 2.4
JTS42000000JOR           2012        M05                 2.3
JTS42000000JOR           2012        M06                 2.5
JTS42000000JOR           2012        M07                 2.6
JTS42000000JOR           2012        M08                 2.2
JTS42000000JOR           2012        M09                 2.1
JTS42000000JOR           2012        M10                 2.1
JTS42000000JOR           2012        M11                 2.0
JTS42000000JOR           2012        M12                 2.0
JTS42000000JOR           2013        M01                 2.7
JTS42000000JOR           2013        M02                 1.7
JTS42000000JOR           2013        M03                 2.2
JTS42000000JOR           2013        M04                 2.4
JTS42000000JOR           2013        M05                 2.0
JTS42000000JOR           2013        M06                 1.7
JTS42000000JOR           2013        M07                 2.8
JTS42000000JOR           2013        M08                 2.2
JTS42000000JOR           2013        M09                 2.1
JTS42000000JOR           2013        M10                 1.9
JTS42000000JOR           2013        M11                 2.3
JTS42000000JOR           2013        M12                 2.5
JTS42000000JOR           2014        M01                 2.4
JTS42000000JOR           2014        M02                 2.1
JTS42000000JOR           2014        M03                 2.0
JTS42000000JOR           2014        M04                 2.8
JTS42000000JOR           2014        M05                 2.5
JTS42000000JOR           2014        M06                 2.5
JTS42000000JOR           2014        M07                 2.9
JTS42000000JOR           2014        M08                 2.5
JTS42000000JOR           2014        M09                 2.2
JTS42000000JOR           2014        M10                 2.7
JTS42000000JOR           2014        M11                 2.7
JTS42000000JOR           2014        M12                 2.5
JTS42000000JOR           2015        M01                 2.8
JTS42000000JOR           2015        M02                 2.7
JTS42000000JOR           2015        M03                 2.3
JTS42000000JOR           2015        M04                 2.9
JTS42000000JOR           2015        M05                 2.7
JTS42000000JOR           2015        M06                 2.5
JTS42000000JOR           2015        M07                 3.5
JTS42000000JOR           2015        M08                 2.7
JTS42000000JOR           2015        M09                 2.6
JTS42000000JOR           2015        M10                 3.0
JTS42000000JOR           2015        M11                 2.1
JTS42000000JOR           2015        M12                 2.2
JTS42000000JOR           2016        M01                 3.3
JTS42000000JOR           2016        M02                 3.3
JTS42000000JOR           2016        M03                 2.9
JTS42000000JOR           2016        M04                 3.9
JTS42000000JOR           2016        M05                 2.6
JTS42000000JOR           2016        M06                 2.9
JTS42000000JOR           2016        M07                 2.8
JTS42000000JOR           2016        M08                 2.8
JTS42000000JOR           2016        M09                 2.8
JTS42000000JOR           2016        M10                 3.0
JTS42000000JOR           2016        M11                 3.3
JTS42000000JOR           2016        M12                 3.0
JTS42000000JOR           2017        M01                 3.3
JTS42000000JOR           2017        M02                 2.9
JTS42000000JOR           2017        M03                 3.0
JTS42000000JOR           2017        M04                 3.4
JTS42000000JOR           2017        M05                 3.0
JTS42000000JOR           2017        M06                 3.7
JTS42000000JOR           2017        M07                 3.7
JTS42000000JOR           2017        M08                 3.4
JTS42000000JOR           2017        M09                 3.6
JTS42000000JOR           2017        M10                 2.2
JTS42000000JOR           2017        M11                 2.9
JTS42000000JOR           2017        M12                 3.4        p
JTS44000000JOL           2000        M12                 453
JTS44000000JOL           2001        M01                 491
JTS44000000JOL           2001        M02                 490
JTS44000000JOL           2001        M03                 419
JTS44000000JOL           2001        M04                 466
JTS44000000JOL           2001        M05                 463
JTS44000000JOL           2001        M06                 430
JTS44000000JOL           2001        M07                 414
JTS44000000JOL           2001        M08                 376
JTS44000000JOL           2001        M09                 352
JTS44000000JOL           2001        M10                 349
JTS44000000JOL           2001        M11                 352
JTS44000000JOL           2001        M12                 391
JTS44000000JOL           2002        M01                 375
JTS44000000JOL           2002        M02                 328
JTS44000000JOL           2002        M03                 345
JTS44000000JOL           2002        M04                 283
JTS44000000JOL           2002        M05                 334
JTS44000000JOL           2002        M06                 342
JTS44000000JOL           2002        M07                 355
JTS44000000JOL           2002        M08                 322
JTS44000000JOL           2002        M09                 354
JTS44000000JOL           2002        M10                 418
JTS44000000JOL           2002        M11                 323
JTS44000000JOL           2002        M12                 275
JTS44000000JOL           2003        M01                 323
JTS44000000JOL           2003        M02                 359
JTS44000000JOL           2003        M03                 312
JTS44000000JOL           2003        M04                 350
JTS44000000JOL           2003        M05                 323
JTS44000000JOL           2003        M06                 342
JTS44000000JOL           2003        M07                 303
JTS44000000JOL           2003        M08                 335
JTS44000000JOL           2003        M09                 346
JTS44000000JOL           2003        M10                 334
JTS44000000JOL           2003        M11                 348
JTS44000000JOL           2003        M12                 363
JTS44000000JOL           2004        M01                 343
JTS44000000JOL           2004        M02                 362
JTS44000000JOL           2004        M03                 385
JTS44000000JOL           2004        M04                 363
JTS44000000JOL           2004        M05                 394
JTS44000000JOL           2004        M06                 390
JTS44000000JOL           2004        M07                 427
JTS44000000JOL           2004        M08                 419
JTS44000000JOL           2004        M09                 496
JTS44000000JOL           2004        M10                 441
JTS44000000JOL           2004        M11                 322
JTS44000000JOL           2004        M12                 385
JTS44000000JOL           2005        M01                 413
JTS44000000JOL           2005        M02                 424
JTS44000000JOL           2005        M03                 454
JTS44000000JOL           2005        M04                 464
JTS44000000JOL           2005        M05                 429
JTS44000000JOL           2005        M06                 418
JTS44000000JOL           2005        M07                 425
JTS44000000JOL           2005        M08                 446
JTS44000000JOL           2005        M09                 425
JTS44000000JOL           2005        M10                 462
JTS44000000JOL           2005        M11                 525
JTS44000000JOL           2005        M12                 431
JTS44000000JOL           2006        M01                 374
JTS44000000JOL           2006        M02                 414
JTS44000000JOL           2006        M03                 419
JTS44000000JOL           2006        M04                 414
JTS44000000JOL           2006        M05                 439
JTS44000000JOL           2006        M06                 404
JTS44000000JOL           2006        M07                 377
JTS44000000JOL           2006        M08                 453
JTS44000000JOL           2006        M09                 444
JTS44000000JOL           2006        M10                 445
JTS44000000JOL           2006        M11                 432
JTS44000000JOL           2006        M12                 497
JTS44000000JOL           2007        M01                 464
JTS44000000JOL           2007        M02                 441
JTS44000000JOL           2007        M03                 434
JTS44000000JOL           2007        M04                 420
JTS44000000JOL           2007        M05                 374
JTS44000000JOL           2007        M06                 450
JTS44000000JOL           2007        M07                 445
JTS44000000JOL           2007        M08                 401
JTS44000000JOL           2007        M09                 410
JTS44000000JOL           2007        M10                 360
JTS44000000JOL           2007        M11                 427
JTS44000000JOL           2007        M12                 393
JTS44000000JOL           2008        M01                 379
JTS44000000JOL           2008        M02                 362
JTS44000000JOL           2008        M03                 386
JTS44000000JOL           2008        M04                 394
JTS44000000JOL           2008        M05                 380
JTS44000000JOL           2008        M06                 301
JTS44000000JOL           2008        M07                 382
JTS44000000JOL           2008        M08                 360
JTS44000000JOL           2008        M09                 267
JTS44000000JOL           2008        M10                 372
JTS44000000JOL           2008        M11                 354
JTS44000000JOL           2008        M12                 287
JTS44000000JOL           2009        M01                 325
JTS44000000JOL           2009        M02                 305
JTS44000000JOL           2009        M03                 255
JTS44000000JOL           2009        M04                 208
JTS44000000JOL           2009        M05                 314
JTS44000000JOL           2009        M06                 262
JTS44000000JOL           2009        M07                 157
JTS44000000JOL           2009        M08                 233
JTS44000000JOL           2009        M09                 281
JTS44000000JOL           2009        M10                 188
JTS44000000JOL           2009        M11                 228
JTS44000000JOL           2009        M12                 249
JTS44000000JOL           2010        M01                 236
JTS44000000JOL           2010        M02                 285
JTS44000000JOL           2010        M03                 342
JTS44000000JOL           2010        M04                 267
JTS44000000JOL           2010        M05                 259
JTS44000000JOL           2010        M06                 258
JTS44000000JOL           2010        M07                 247
JTS44000000JOL           2010        M08                 240
JTS44000000JOL           2010        M09                 220
JTS44000000JOL           2010        M10                 258
JTS44000000JOL           2010        M11                 262
JTS44000000JOL           2010        M12                 290
JTS44000000JOL           2011        M01                 288
JTS44000000JOL           2011        M02                 270
JTS44000000JOL           2011        M03                 272
JTS44000000JOL           2011        M04                 326
JTS44000000JOL           2011        M05                 311
JTS44000000JOL           2011        M06                 353
JTS44000000JOL           2011        M07                 340
JTS44000000JOL           2011        M08                 328
JTS44000000JOL           2011        M09                 325
JTS44000000JOL           2011        M10                 345
JTS44000000JOL           2011        M11                 324
JTS44000000JOL           2011        M12                 334
JTS44000000JOL           2012        M01                 360
JTS44000000JOL           2012        M02                 355
JTS44000000JOL           2012        M03                 375
JTS44000000JOL           2012        M04                 329
JTS44000000JOL           2012        M05                 352
JTS44000000JOL           2012        M06                 328
JTS44000000JOL           2012        M07                 324
JTS44000000JOL           2012        M08                 365
JTS44000000JOL           2012        M09                 362
JTS44000000JOL           2012        M10                 380
JTS44000000JOL           2012        M11                 456
JTS44000000JOL           2012        M12                 391
JTS44000000JOL           2013        M01                 420
JTS44000000JOL           2013        M02                 394
JTS44000000JOL           2013        M03                 413
JTS44000000JOL           2013        M04                 444
JTS44000000JOL           2013        M05                 486
JTS44000000JOL           2013        M06                 588
JTS44000000JOL           2013        M07                 464
JTS44000000JOL           2013        M08                 445
JTS44000000JOL           2013        M09                 482
JTS44000000JOL           2013        M10                 444
JTS44000000JOL           2013        M11                 442
JTS44000000JOL           2013        M12                 431
JTS44000000JOL           2014        M01                 429
JTS44000000JOL           2014        M02                 447
JTS44000000JOL           2014        M03                 498
JTS44000000JOL           2014        M04                 540
JTS44000000JOL           2014        M05                 445
JTS44000000JOL           2014        M06                 471
JTS44000000JOL           2014        M07                 444
JTS44000000JOL           2014        M08                 520
JTS44000000JOL           2014        M09                 476
JTS44000000JOL           2014        M10                 497
JTS44000000JOL           2014        M11                 508
JTS44000000JOL           2014        M12                 540
JTS44000000JOL           2015        M01                 507
JTS44000000JOL           2015        M02                 532
JTS44000000JOL           2015        M03                 514
JTS44000000JOL           2015        M04                 547
JTS44000000JOL           2015        M05                 562
JTS44000000JOL           2015        M06                 552
JTS44000000JOL           2015        M07                 621
JTS44000000JOL           2015        M08                 592
JTS44000000JOL           2015        M09                 659
JTS44000000JOL           2015        M10                 568
JTS44000000JOL           2015        M11                 512
JTS44000000JOL           2015        M12                 510
JTS44000000JOL           2016        M01                 633
JTS44000000JOL           2016        M02                 612
JTS44000000JOL           2016        M03                 603
JTS44000000JOL           2016        M04                 591
JTS44000000JOL           2016        M05                 594
JTS44000000JOL           2016        M06                 600
JTS44000000JOL           2016        M07                 626
JTS44000000JOL           2016        M08                 614
JTS44000000JOL           2016        M09                 633
JTS44000000JOL           2016        M10                 650
JTS44000000JOL           2016        M11                 636
JTS44000000JOL           2016        M12                 650
JTS44000000JOL           2017        M01                 581
JTS44000000JOL           2017        M02                 579
JTS44000000JOL           2017        M03                 593
JTS44000000JOL           2017        M04                 566
JTS44000000JOL           2017        M05                 666
JTS44000000JOL           2017        M06                 615
JTS44000000JOL           2017        M07                 618
JTS44000000JOL           2017        M08                 643
JTS44000000JOL           2017        M09                 691
JTS44000000JOL           2017        M10                 623
JTS44000000JOL           2017        M11                 788
JTS44000000JOL           2017        M12                 703        p
JTS44000000JOR           2000        M12                 2.9
JTS44000000JOR           2001        M01                 3.1
JTS44000000JOR           2001        M02                 3.1
JTS44000000JOR           2001        M03                 2.7
JTS44000000JOR           2001        M04                 3.0
JTS44000000JOR           2001        M05                 2.9
JTS44000000JOR           2001        M06                 2.7
JTS44000000JOR           2001        M07                 2.7
JTS44000000JOR           2001        M08                 2.4
JTS44000000JOR           2001        M09                 2.3
JTS44000000JOR           2001        M10                 2.2
JTS44000000JOR           2001        M11                 2.3
JTS44000000JOR           2001        M12                 2.5
JTS44000000JOR           2002        M01                 2.4
JTS44000000JOR           2002        M02                 2.1
JTS44000000JOR           2002        M03                 2.2
JTS44000000JOR           2002        M04                 1.8
JTS44000000JOR           2002        M05                 2.2
JTS44000000JOR           2002        M06                 2.2
JTS44000000JOR           2002        M07                 2.3
JTS44000000JOR           2002        M08                 2.1
JTS44000000JOR           2002        M09                 2.3
JTS44000000JOR           2002        M10                 2.7
JTS44000000JOR           2002        M11                 2.1
JTS44000000JOR           2002        M12                 1.8
JTS44000000JOR           2003        M01                 2.1
JTS44000000JOR           2003        M02                 2.4
JTS44000000JOR           2003        M03                 2.1
JTS44000000JOR           2003        M04                 2.3
JTS44000000JOR           2003        M05                 2.1
JTS44000000JOR           2003        M06                 2.2
JTS44000000JOR           2003        M07                 2.0
JTS44000000JOR           2003        M08                 2.2
JTS44000000JOR           2003        M09                 2.3
JTS44000000JOR           2003        M10                 2.2
JTS44000000JOR           2003        M11                 2.3
JTS44000000JOR           2003        M12                 2.4
JTS44000000JOR           2004        M01                 2.2
JTS44000000JOR           2004        M02                 2.4
JTS44000000JOR           2004        M03                 2.5
JTS44000000JOR           2004        M04                 2.4
JTS44000000JOR           2004        M05                 2.5
JTS44000000JOR           2004        M06                 2.5
JTS44000000JOR           2004        M07                 2.8
JTS44000000JOR           2004        M08                 2.7
JTS44000000JOR           2004        M09                 3.2
JTS44000000JOR           2004        M10                 2.8
JTS44000000JOR           2004        M11                 2.1
JTS44000000JOR           2004        M12                 2.5
JTS44000000JOR           2005        M01                 2.7
JTS44000000JOR           2005        M02                 2.7
JTS44000000JOR           2005        M03                 2.9
JTS44000000JOR           2005        M04                 3.0
JTS44000000JOR           2005        M05                 2.7
JTS44000000JOR           2005        M06                 2.7
JTS44000000JOR           2005        M07                 2.7
JTS44000000JOR           2005        M08                 2.8
JTS44000000JOR           2005        M09                 2.7
JTS44000000JOR           2005        M10                 2.9
JTS44000000JOR           2005        M11                 3.3
JTS44000000JOR           2005        M12                 2.7
JTS44000000JOR           2006        M01                 2.4
JTS44000000JOR           2006        M02                 2.6
JTS44000000JOR           2006        M03                 2.7
JTS44000000JOR           2006        M04                 2.6
JTS44000000JOR           2006        M05                 2.8
JTS44000000JOR           2006        M06                 2.6
JTS44000000JOR           2006        M07                 2.4
JTS44000000JOR           2006        M08                 2.9
JTS44000000JOR           2006        M09                 2.8
JTS44000000JOR           2006        M10                 2.8
JTS44000000JOR           2006        M11                 2.7
JTS44000000JOR           2006        M12                 3.1
JTS44000000JOR           2007        M01                 2.9
JTS44000000JOR           2007        M02                 2.8
JTS44000000JOR           2007        M03                 2.7
JTS44000000JOR           2007        M04                 2.6
JTS44000000JOR           2007        M05                 2.3
JTS44000000JOR           2007        M06                 2.8
JTS44000000JOR           2007        M07                 2.8
JTS44000000JOR           2007        M08                 2.5
JTS44000000JOR           2007        M09                 2.6
JTS44000000JOR           2007        M10                 2.3
JTS44000000JOR           2007        M11                 2.7
JTS44000000JOR           2007        M12                 2.5
JTS44000000JOR           2008        M01                 2.4
JTS44000000JOR           2008        M02                 2.3
JTS44000000JOR           2008        M03                 2.4
JTS44000000JOR           2008        M04                 2.5
JTS44000000JOR           2008        M05                 2.4
JTS44000000JOR           2008        M06                 1.9
JTS44000000JOR           2008        M07                 2.4
JTS44000000JOR           2008        M08                 2.3
JTS44000000JOR           2008        M09                 1.7
JTS44000000JOR           2008        M10                 2.4
JTS44000000JOR           2008        M11                 2.3
JTS44000000JOR           2008        M12                 1.9
JTS44000000JOR           2009        M01                 2.2
JTS44000000JOR           2009        M02                 2.0
JTS44000000JOR           2009        M03                 1.7
JTS44000000JOR           2009        M04                 1.4
JTS44000000JOR           2009        M05                 2.1
JTS44000000JOR           2009        M06                 1.8
JTS44000000JOR           2009        M07                 1.1
JTS44000000JOR           2009        M08                 1.6
JTS44000000JOR           2009        M09                 1.9
JTS44000000JOR           2009        M10                 1.3
JTS44000000JOR           2009        M11                 1.6
JTS44000000JOR           2009        M12                 1.7
JTS44000000JOR           2010        M01                 1.6
JTS44000000JOR           2010        M02                 1.9
JTS44000000JOR           2010        M03                 2.3
JTS44000000JOR           2010        M04                 1.8
JTS44000000JOR           2010        M05                 1.8
JTS44000000JOR           2010        M06                 1.8
JTS44000000JOR           2010        M07                 1.7
JTS44000000JOR           2010        M08                 1.6
JTS44000000JOR           2010        M09                 1.5
JTS44000000JOR           2010        M10                 1.7
JTS44000000JOR           2010        M11                 1.8
JTS44000000JOR           2010        M12                 2.0
JTS44000000JOR           2011        M01                 1.9
JTS44000000JOR           2011        M02                 1.8
JTS44000000JOR           2011        M03                 1.8
JTS44000000JOR           2011        M04                 2.2
JTS44000000JOR           2011        M05                 2.1
JTS44000000JOR           2011        M06                 2.3
JTS44000000JOR           2011        M07                 2.3
JTS44000000JOR           2011        M08                 2.2
JTS44000000JOR           2011        M09                 2.2
JTS44000000JOR           2011        M10                 2.3
JTS44000000JOR           2011        M11                 2.1
JTS44000000JOR           2011        M12                 2.2
JTS44000000JOR           2012        M01                 2.4
JTS44000000JOR           2012        M02                 2.3
JTS44000000JOR           2012        M03                 2.5
JTS44000000JOR           2012        M04                 2.2
JTS44000000JOR           2012        M05                 2.3
JTS44000000JOR           2012        M06                 2.2
JTS44000000JOR           2012        M07                 2.1
JTS44000000JOR           2012        M08                 2.4
JTS44000000JOR           2012        M09                 2.4
JTS44000000JOR           2012        M10                 2.5
JTS44000000JOR           2012        M11                 3.0
JTS44000000JOR           2012        M12                 2.6
JTS44000000JOR           2013        M01                 2.7
JTS44000000JOR           2013        M02                 2.6
JTS44000000JOR           2013        M03                 2.7
JTS44000000JOR           2013        M04                 2.9
JTS44000000JOR           2013        M05                 3.1
JTS44000000JOR           2013        M06                 3.8
JTS44000000JOR           2013        M07                 3.0
JTS44000000JOR           2013        M08                 2.9
JTS44000000JOR           2013        M09                 3.1
JTS44000000JOR           2013        M10                 2.8
JTS44000000JOR           2013        M11                 2.8
JTS44000000JOR           2013        M12                 2.7
JTS44000000JOR           2014        M01                 2.7
JTS44000000JOR           2014        M02                 2.9
JTS44000000JOR           2014        M03                 3.2
JTS44000000JOR           2014        M04                 3.4
JTS44000000JOR           2014        M05                 2.8
JTS44000000JOR           2014        M06                 3.0
JTS44000000JOR           2014        M07                 2.8
JTS44000000JOR           2014        M08                 3.3
JTS44000000JOR           2014        M09                 3.0
JTS44000000JOR           2014        M10                 3.1
JTS44000000JOR           2014        M11                 3.2
JTS44000000JOR           2014        M12                 3.4
JTS44000000JOR           2015        M01                 3.2
JTS44000000JOR           2015        M02                 3.3
JTS44000000JOR           2015        M03                 3.2
JTS44000000JOR           2015        M04                 3.4
JTS44000000JOR           2015        M05                 3.5
JTS44000000JOR           2015        M06                 3.4
JTS44000000JOR           2015        M07                 3.8
JTS44000000JOR           2015        M08                 3.7
JTS44000000JOR           2015        M09                 4.0
JTS44000000JOR           2015        M10                 3.5
JTS44000000JOR           2015        M11                 3.2
JTS44000000JOR           2015        M12                 3.2
JTS44000000JOR           2016        M01                 3.9
JTS44000000JOR           2016        M02                 3.7
JTS44000000JOR           2016        M03                 3.7
JTS44000000JOR           2016        M04                 3.6
JTS44000000JOR           2016        M05                 3.6
JTS44000000JOR           2016        M06                 3.7
JTS44000000JOR           2016        M07                 3.8
JTS44000000JOR           2016        M08                 3.7
JTS44000000JOR           2016        M09                 3.8
JTS44000000JOR           2016        M10                 3.9
JTS44000000JOR           2016        M11                 3.9
JTS44000000JOR           2016        M12                 3.9
JTS44000000JOR           2017        M01                 3.5
JTS44000000JOR           2017        M02                 3.5
JTS44000000JOR           2017        M03                 3.6
JTS44000000JOR           2017        M04                 3.5
JTS44000000JOR           2017        M05                 4.0
JTS44000000JOR           2017        M06                 3.7
JTS44000000JOR           2017        M07                 3.8
JTS44000000JOR           2017        M08                 3.9
JTS44000000JOR           2017        M09                 4.2
JTS44000000JOR           2017        M10                 3.8
JTS44000000JOR           2017        M11                 4.7
JTS44000000JOR           2017        M12                 4.3        p
JTS48009900JOL           2000        M12                  87
JTS48009900JOL           2001        M01                 166
JTS48009900JOL           2001        M02                 137
JTS48009900JOL           2001        M03                 114
JTS48009900JOL           2001        M04                 160
JTS48009900JOL           2001        M05                 109
JTS48009900JOL           2001        M06                 112
JTS48009900JOL           2001        M07                 158
JTS48009900JOL           2001        M08                 119
JTS48009900JOL           2001        M09                  99
JTS48009900JOL           2001        M10                 133
JTS48009900JOL           2001        M11                 105
JTS48009900JOL           2001        M12                  87
JTS48009900JOL           2002        M01                  99
JTS48009900JOL           2002        M02                  78
JTS48009900JOL           2002        M03                  78
JTS48009900JOL           2002        M04                 121
JTS48009900JOL           2002        M05                 108
JTS48009900JOL           2002        M06                  89
JTS48009900JOL           2002        M07                  85
JTS48009900JOL           2002        M08                 114
JTS48009900JOL           2002        M09                  64
JTS48009900JOL           2002        M10                  91
JTS48009900JOL           2002        M11                  94
JTS48009900JOL           2002        M12                  82
JTS48009900JOL           2003        M01                 116
JTS48009900JOL           2003        M02                 100
JTS48009900JOL           2003        M03                  79
JTS48009900JOL           2003        M04                  79
JTS48009900JOL           2003        M05                  82
JTS48009900JOL           2003        M06                  99
JTS48009900JOL           2003        M07                  94
JTS48009900JOL           2003        M08                  90
JTS48009900JOL           2003        M09                  86
JTS48009900JOL           2003        M10                  97
JTS48009900JOL           2003        M11                  84
JTS48009900JOL           2003        M12                  79
JTS48009900JOL           2004        M01                  87
JTS48009900JOL           2004        M02                  83
JTS48009900JOL           2004        M03                 115
JTS48009900JOL           2004        M04                  93
JTS48009900JOL           2004        M05                  88
JTS48009900JOL           2004        M06                  86
JTS48009900JOL           2004        M07                 125
JTS48009900JOL           2004        M08                  83
JTS48009900JOL           2004        M09                  70
JTS48009900JOL           2004        M10                  94
JTS48009900JOL           2004        M11                  83
JTS48009900JOL           2004        M12                  73
JTS48009900JOL           2005        M01                  94
JTS48009900JOL           2005        M02                 109
JTS48009900JOL           2005        M03                  94
JTS48009900JOL           2005        M04                 107
JTS48009900JOL           2005        M05                 107
JTS48009900JOL           2005        M06                 133
JTS48009900JOL           2005        M07                 127
JTS48009900JOL           2005        M08                 116
JTS48009900JOL           2005        M09                 138
JTS48009900JOL           2005        M10                 146
JTS48009900JOL           2005        M11                 122
JTS48009900JOL           2005        M12                 102
JTS48009900JOL           2006        M01                  89
JTS48009900JOL           2006        M02                 104
JTS48009900JOL           2006        M03                 116
JTS48009900JOL           2006        M04                 167
JTS48009900JOL           2006        M05                 156
JTS48009900JOL           2006        M06                 149
JTS48009900JOL           2006        M07                 147
JTS48009900JOL           2006        M08                 147
JTS48009900JOL           2006        M09                 180
JTS48009900JOL           2006        M10                 193
JTS48009900JOL           2006        M11                 152
JTS48009900JOL           2006        M12                 124
JTS48009900JOL           2007        M01                 173
JTS48009900JOL           2007        M02                 144
JTS48009900JOL           2007        M03                 169
JTS48009900JOL           2007        M04                 175
JTS48009900JOL           2007        M05                 147
JTS48009900JOL           2007        M06                 139
JTS48009900JOL           2007        M07                 164
JTS48009900JOL           2007        M08                 173
JTS48009900JOL           2007        M09                 197
JTS48009900JOL           2007        M10                 177
JTS48009900JOL           2007        M11                 176
JTS48009900JOL           2007        M12                 112
JTS48009900JOL           2008        M01                 167
JTS48009900JOL           2008        M02                 129
JTS48009900JOL           2008        M03                 111
JTS48009900JOL           2008        M04                 111
JTS48009900JOL           2008        M05                 109
JTS48009900JOL           2008        M06                 117
JTS48009900JOL           2008        M07                 129
JTS48009900JOL           2008        M08                 113
JTS48009900JOL           2008        M09                 125
JTS48009900JOL           2008        M10                 110
JTS48009900JOL           2008        M11                  70
JTS48009900JOL           2008        M12                  61
JTS48009900JOL           2009        M01                  69
JTS48009900JOL           2009        M02                  36
JTS48009900JOL           2009        M03                  64
JTS48009900JOL           2009        M04                  62
JTS48009900JOL           2009        M05                  66
JTS48009900JOL           2009        M06                  70
JTS48009900JOL           2009        M07                  45
JTS48009900JOL           2009        M08                  80
JTS48009900JOL           2009        M09                  63
JTS48009900JOL           2009        M10                  48
JTS48009900JOL           2009        M11                  48
JTS48009900JOL           2009        M12                  29
JTS48009900JOL           2010        M01                  42
JTS48009900JOL           2010        M02                  74
JTS48009900JOL           2010        M03                  62
JTS48009900JOL           2010        M04                  80
JTS48009900JOL           2010        M05                  64
JTS48009900JOL           2010        M06                  85
JTS48009900JOL           2010        M07                  71
JTS48009900JOL           2010        M08                  81
JTS48009900JOL           2010        M09                 118
JTS48009900JOL           2010        M10                 104
JTS48009900JOL           2010        M11                  64
JTS48009900JOL           2010        M12                  91
JTS48009900JOL           2011        M01                  89
JTS48009900JOL           2011        M02                 116
JTS48009900JOL           2011        M03                 119
JTS48009900JOL           2011        M04                 133
JTS48009900JOL           2011        M05                 123
JTS48009900JOL           2011        M06                  96
JTS48009900JOL           2011        M07                 126
JTS48009900JOL           2011        M08                 106
JTS48009900JOL           2011        M09                 118
JTS48009900JOL           2011        M10                 111
JTS48009900JOL           2011        M11                 113
JTS48009900JOL           2011        M12                 105
JTS48009900JOL           2012        M01                 114
JTS48009900JOL           2012        M02                 133
JTS48009900JOL           2012        M03                 118
JTS48009900JOL           2012        M04                 111
JTS48009900JOL           2012        M05                 111
JTS48009900JOL           2012        M06                 103
JTS48009900JOL           2012        M07                 111
JTS48009900JOL           2012        M08                 104
JTS48009900JOL           2012        M09                 121
JTS48009900JOL           2012        M10                 109
JTS48009900JOL           2012        M11                  90
JTS48009900JOL           2012        M12                 125
JTS48009900JOL           2013        M01                 143
JTS48009900JOL           2013        M02                 133
JTS48009900JOL           2013        M03                 107
JTS48009900JOL           2013        M04                 141
JTS48009900JOL           2013        M05                 140
JTS48009900JOL           2013        M06                 128
JTS48009900JOL           2013        M07                 121
JTS48009900JOL           2013        M08                 148
JTS48009900JOL           2013        M09                 177
JTS48009900JOL           2013        M10                 142
JTS48009900JOL           2013        M11                 138
JTS48009900JOL           2013        M12                 117
JTS48009900JOL           2014        M01                 167
JTS48009900JOL           2014        M02                 123
JTS48009900JOL           2014        M03                 158
JTS48009900JOL           2014        M04                 163
JTS48009900JOL           2014        M05                 171
JTS48009900JOL           2014        M06                 169
JTS48009900JOL           2014        M07                 198
JTS48009900JOL           2014        M08                 189
JTS48009900JOL           2014        M09                 197
JTS48009900JOL           2014        M10                 194
JTS48009900JOL           2014        M11                 163
JTS48009900JOL           2014        M12                 134
JTS48009900JOL           2015        M01                 220
JTS48009900JOL           2015        M02                 184
JTS48009900JOL           2015        M03                 219
JTS48009900JOL           2015        M04                 250
JTS48009900JOL           2015        M05                 260
JTS48009900JOL           2015        M06                 229
JTS48009900JOL           2015        M07                 217
JTS48009900JOL           2015        M08                 209
JTS48009900JOL           2015        M09                 202
JTS48009900JOL           2015        M10                 209
JTS48009900JOL           2015        M11                 240
JTS48009900JOL           2015        M12                 173
JTS48009900JOL           2016        M01                 183
JTS48009900JOL           2016        M02                 180
JTS48009900JOL           2016        M03                 192
JTS48009900JOL           2016        M04                 214
JTS48009900JOL           2016        M05                 202
JTS48009900JOL           2016        M06                 218
JTS48009900JOL           2016        M07                 252
JTS48009900JOL           2016        M08                 215
JTS48009900JOL           2016        M09                 202
JTS48009900JOL           2016        M10                 186
JTS48009900JOL           2016        M11                 178
JTS48009900JOL           2016        M12                 182
JTS48009900JOL           2017        M01                 177
JTS48009900JOL           2017        M02                 174
JTS48009900JOL           2017        M03                 172
JTS48009900JOL           2017        M04                 190
JTS48009900JOL           2017        M05                 149
JTS48009900JOL           2017        M06                 183
JTS48009900JOL           2017        M07                 226
JTS48009900JOL           2017        M08                 266
JTS48009900JOL           2017        M09                 238
JTS48009900JOL           2017        M10                 210
JTS48009900JOL           2017        M11                 173
JTS48009900JOL           2017        M12                 174        p
JTS48009900JOR           2000        M12                 1.7
JTS48009900JOR           2001        M01                 3.2
JTS48009900JOR           2001        M02                 2.6
JTS48009900JOR           2001        M03                 2.2
JTS48009900JOR           2001        M04                 3.1
JTS48009900JOR           2001        M05                 2.1
JTS48009900JOR           2001        M06                 2.2
JTS48009900JOR           2001        M07                 3.1
JTS48009900JOR           2001        M08                 2.3
JTS48009900JOR           2001        M09                 2.0
JTS48009900JOR           2001        M10                 2.6
JTS48009900JOR           2001        M11                 2.1
JTS48009900JOR           2001        M12                 1.8
JTS48009900JOR           2002        M01                 2.0
JTS48009900JOR           2002        M02                 1.6
JTS48009900JOR           2002        M03                 1.6
JTS48009900JOR           2002        M04                 2.4
JTS48009900JOR           2002        M05                 2.2
JTS48009900JOR           2002        M06                 1.8
JTS48009900JOR           2002        M07                 1.7
JTS48009900JOR           2002        M08                 2.3
JTS48009900JOR           2002        M09                 1.3
JTS48009900JOR           2002        M10                 1.9
JTS48009900JOR           2002        M11                 1.9
JTS48009900JOR           2002        M12                 1.7
JTS48009900JOR           2003        M01                 2.4
JTS48009900JOR           2003        M02                 2.0
JTS48009900JOR           2003        M03                 1.6
JTS48009900JOR           2003        M04                 1.6
JTS48009900JOR           2003        M05                 1.7
JTS48009900JOR           2003        M06                 2.0
JTS48009900JOR           2003        M07                 1.9
JTS48009900JOR           2003        M08                 1.9
JTS48009900JOR           2003        M09                 1.8
JTS48009900JOR           2003        M10                 2.0
JTS48009900JOR           2003        M11                 1.7
JTS48009900JOR           2003        M12                 1.6
JTS48009900JOR           2004        M01                 1.8
JTS48009900JOR           2004        M02                 1.7
JTS48009900JOR           2004        M03                 2.4
JTS48009900JOR           2004        M04                 1.9
JTS48009900JOR           2004        M05                 1.8
JTS48009900JOR           2004        M06                 1.7
JTS48009900JOR           2004        M07                 2.5
JTS48009900JOR           2004        M08                 1.7
JTS48009900JOR           2004        M09                 1.4
JTS48009900JOR           2004        M10                 1.9
JTS48009900JOR           2004        M11                 1.7
JTS48009900JOR           2004        M12                 1.5
JTS48009900JOR           2005        M01                 1.9
JTS48009900JOR           2005        M02                 2.2
JTS48009900JOR           2005        M03                 1.9
JTS48009900JOR           2005        M04                 2.1
JTS48009900JOR           2005        M05                 2.1
JTS48009900JOR           2005        M06                 2.6
JTS48009900JOR           2005        M07                 2.5
JTS48009900JOR           2005        M08                 2.3
JTS48009900JOR           2005        M09                 2.7
JTS48009900JOR           2005        M10                 2.9
JTS48009900JOR           2005        M11                 2.4
JTS48009900JOR           2005        M12                 2.0
JTS48009900JOR           2006        M01                 1.8
JTS48009900JOR           2006        M02                 2.1
JTS48009900JOR           2006        M03                 2.3
JTS48009900JOR           2006        M04                 3.2
JTS48009900JOR           2006        M05                 3.0
JTS48009900JOR           2006        M06                 2.9
JTS48009900JOR           2006        M07                 2.8
JTS48009900JOR           2006        M08                 2.8
JTS48009900JOR           2006        M09                 3.4
JTS48009900JOR           2006        M10                 3.7
JTS48009900JOR           2006        M11                 2.9
JTS48009900JOR           2006        M12                 2.4
JTS48009900JOR           2007        M01                 3.3
JTS48009900JOR           2007        M02                 2.8
JTS48009900JOR           2007        M03                 3.2
JTS48009900JOR           2007        M04                 3.3
JTS48009900JOR           2007        M05                 2.8
JTS48009900JOR           2007        M06                 2.7
JTS48009900JOR           2007        M07                 3.1
JTS48009900JOR           2007        M08                 3.3
JTS48009900JOR           2007        M09                 3.7
JTS48009900JOR           2007        M10                 3.3
JTS48009900JOR           2007        M11                 3.3
JTS48009900JOR           2007        M12                 2.2
JTS48009900JOR           2008        M01                 3.2
JTS48009900JOR           2008        M02                 2.5
JTS48009900JOR           2008        M03                 2.1
JTS48009900JOR           2008        M04                 2.1
JTS48009900JOR           2008        M05                 2.1
JTS48009900JOR           2008        M06                 2.2
JTS48009900JOR           2008        M07                 2.5
JTS48009900JOR           2008        M08                 2.2
JTS48009900JOR           2008        M09                 2.4
JTS48009900JOR           2008        M10                 2.1
JTS48009900JOR           2008        M11                 1.4
JTS48009900JOR           2008        M12                 1.2
JTS48009900JOR           2009        M01                 1.4
JTS48009900JOR           2009        M02                 0.7
JTS48009900JOR           2009        M03                 1.3
JTS48009900JOR           2009        M04                 1.3
JTS48009900JOR           2009        M05                 1.4
JTS48009900JOR           2009        M06                 1.4
JTS48009900JOR           2009        M07                 0.9
JTS48009900JOR           2009        M08                 1.7
JTS48009900JOR           2009        M09                 1.3
JTS48009900JOR           2009        M10                 1.0
JTS48009900JOR           2009        M11                 1.0
JTS48009900JOR           2009        M12                 0.6
JTS48009900JOR           2010        M01                 0.9
JTS48009900JOR           2010        M02                 1.5
JTS48009900JOR           2010        M03                 1.3
JTS48009900JOR           2010        M04                 1.7
JTS48009900JOR           2010        M05                 1.3
JTS48009900JOR           2010        M06                 1.8
JTS48009900JOR           2010        M07                 1.5
JTS48009900JOR           2010        M08                 1.7
JTS48009900JOR           2010        M09                 2.4
JTS48009900JOR           2010        M10                 2.1
JTS48009900JOR           2010        M11                 1.3
JTS48009900JOR           2010        M12                 1.9
JTS48009900JOR           2011        M01                 1.8
JTS48009900JOR           2011        M02                 2.4
JTS48009900JOR           2011        M03                 2.4
JTS48009900JOR           2011        M04                 2.7
JTS48009900JOR           2011        M05                 2.5
JTS48009900JOR           2011        M06                 1.9
JTS48009900JOR           2011        M07                 2.5
JTS48009900JOR           2011        M08                 2.1
JTS48009900JOR           2011        M09                 2.4
JTS48009900JOR           2011        M10                 2.2
JTS48009900JOR           2011        M11                 2.3
JTS48009900JOR           2011        M12                 2.1
JTS48009900JOR           2012        M01                 2.3
JTS48009900JOR           2012        M02                 2.6
JTS48009900JOR           2012        M03                 2.3
JTS48009900JOR           2012        M04                 2.2
JTS48009900JOR           2012        M05                 2.2
JTS48009900JOR           2012        M06                 2.0
JTS48009900JOR           2012        M07                 2.2
JTS48009900JOR           2012        M08                 2.0
JTS48009900JOR           2012        M09                 2.4
JTS48009900JOR           2012        M10                 2.1
JTS48009900JOR           2012        M11                 1.8
JTS48009900JOR           2012        M12                 2.4
JTS48009900JOR           2013        M01                 2.8
JTS48009900JOR           2013        M02                 2.6
JTS48009900JOR           2013        M03                 2.1
JTS48009900JOR           2013        M04                 2.7
JTS48009900JOR           2013        M05                 2.7
JTS48009900JOR           2013        M06                 2.5
JTS48009900JOR           2013        M07                 2.3
JTS48009900JOR           2013        M08                 2.9
JTS48009900JOR           2013        M09                 3.4
JTS48009900JOR           2013        M10                 2.7
JTS48009900JOR           2013        M11                 2.6
JTS48009900JOR           2013        M12                 2.2
JTS48009900JOR           2014        M01                 3.2
JTS48009900JOR           2014        M02                 2.4
JTS48009900JOR           2014        M03                 3.0
JTS48009900JOR           2014        M04                 3.1
JTS48009900JOR           2014        M05                 3.2
JTS48009900JOR           2014        M06                 3.2
JTS48009900JOR           2014        M07                 3.7
JTS48009900JOR           2014        M08                 3.5
JTS48009900JOR           2014        M09                 3.6
JTS48009900JOR           2014        M10                 3.6
JTS48009900JOR           2014        M11                 3.0
JTS48009900JOR           2014        M12                 2.5
JTS48009900JOR           2015        M01                 4.0
JTS48009900JOR           2015        M02                 3.3
JTS48009900JOR           2015        M03                 3.9
JTS48009900JOR           2015        M04                 4.4
JTS48009900JOR           2015        M05                 4.6
JTS48009900JOR           2015        M06                 4.1
JTS48009900JOR           2015        M07                 3.8
JTS48009900JOR           2015        M08                 3.7
JTS48009900JOR           2015        M09                 3.6
JTS48009900JOR           2015        M10                 3.7
JTS48009900JOR           2015        M11                 4.2
JTS48009900JOR           2015        M12                 3.0
JTS48009900JOR           2016        M01                 3.2
JTS48009900JOR           2016        M02                 3.2
JTS48009900JOR           2016        M03                 3.4
JTS48009900JOR           2016        M04                 3.7
JTS48009900JOR           2016        M05                 3.5
JTS48009900JOR           2016        M06                 3.8
JTS48009900JOR           2016        M07                 4.3
JTS48009900JOR           2016        M08                 3.7
JTS48009900JOR           2016        M09                 3.5
JTS48009900JOR           2016        M10                 3.2
JTS48009900JOR           2016        M11                 3.1
JTS48009900JOR           2016        M12                 3.1
JTS48009900JOR           2017        M01                 3.1
JTS48009900JOR           2017        M02                 3.0
JTS48009900JOR           2017        M03                 3.0
JTS48009900JOR           2017        M04                 3.3
JTS48009900JOR           2017        M05                 2.6
JTS48009900JOR           2017        M06                 3.1
JTS48009900JOR           2017        M07                 3.9
JTS48009900JOR           2017        M08                 4.5
JTS48009900JOR           2017        M09                 4.0
JTS48009900JOR           2017        M10                 3.6
JTS48009900JOR           2017        M11                 3.0
JTS48009900JOR           2017        M12                 3.0        p
JTS51000000JOL           2000        M12                 169
JTS51000000JOL           2001        M01                 308
JTS51000000JOL           2001        M02                 156
JTS51000000JOL           2001        M03                 167
JTS51000000JOL           2001        M04                 211
JTS51000000JOL           2001        M05                  97
JTS51000000JOL           2001        M06                  87
JTS51000000JOL           2001        M07                 124
JTS51000000JOL           2001        M08                 117
JTS51000000JOL           2001        M09                  68
JTS51000000JOL           2001        M10                  65
JTS51000000JOL           2001        M11                  77
JTS51000000JOL           2001        M12                  89
JTS51000000JOL           2002        M01                 144
JTS51000000JOL           2002        M02                  93
JTS51000000JOL           2002        M03                  84
JTS51000000JOL           2002        M04                  85
JTS51000000JOL           2002        M05                  78
JTS51000000JOL           2002        M06                  53
JTS51000000JOL           2002        M07                 102
JTS51000000JOL           2002        M08                  74
JTS51000000JOL           2002        M09                  69
JTS51000000JOL           2002        M10                  94
JTS51000000JOL           2002        M11                  59
JTS51000000JOL           2002        M12                  47
JTS51000000JOL           2003        M01                 147
JTS51000000JOL           2003        M02                  58
JTS51000000JOL           2003        M03                  54
JTS51000000JOL           2003        M04                  52
JTS51000000JOL           2003        M05                  50
JTS51000000JOL           2003        M06                  59
JTS51000000JOL           2003        M07                  72
JTS51000000JOL           2003        M08                  52
JTS51000000JOL           2003        M09                  77
JTS51000000JOL           2003        M10                 109
JTS51000000JOL           2003        M11                  57
JTS51000000JOL           2003        M12                  85
JTS51000000JOL           2004        M01                  96
JTS51000000JOL           2004        M02                  74
JTS51000000JOL           2004        M03                  67
JTS51000000JOL           2004        M04                  86
JTS51000000JOL           2004        M05                  85
JTS51000000JOL           2004        M06                  82
JTS51000000JOL           2004        M07                 109
JTS51000000JOL           2004        M08                  95
JTS51000000JOL           2004        M09                  75
JTS51000000JOL           2004        M10                 115
JTS51000000JOL           2004        M11                  56
JTS51000000JOL           2004        M12                  95
JTS51000000JOL           2005        M01                 118
JTS51000000JOL           2005        M02                  81
JTS51000000JOL           2005        M03                  86
JTS51000000JOL           2005        M04                 112
JTS51000000JOL           2005        M05                  87
JTS51000000JOL           2005        M06                 104
JTS51000000JOL           2005        M07                 118
JTS51000000JOL           2005        M08                 103
JTS51000000JOL           2005        M09                 136
JTS51000000JOL           2005        M10                 111
JTS51000000JOL           2005        M11                 111
JTS51000000JOL           2005        M12                  95
JTS51000000JOL           2006        M01                 164
JTS51000000JOL           2006        M02                  99
JTS51000000JOL           2006        M03                 124
JTS51000000JOL           2006        M04                 179
JTS51000000JOL           2006        M05                 123
JTS51000000JOL           2006        M06                 135
JTS51000000JOL           2006        M07                 145
JTS51000000JOL           2006        M08                 165
JTS51000000JOL           2006        M09                 169
JTS51000000JOL           2006        M10                 170
JTS51000000JOL           2006        M11                 170
JTS51000000JOL           2006        M12                 158
JTS51000000JOL           2007        M01                 193
JTS51000000JOL           2007        M02                 178
JTS51000000JOL           2007        M03                 157
JTS51000000JOL           2007        M04                 175
JTS51000000JOL           2007        M05                 172
JTS51000000JOL           2007        M06                 170
JTS51000000JOL           2007        M07                 165
JTS51000000JOL           2007        M08                 111
JTS51000000JOL           2007        M09                 108
JTS51000000JOL           2007        M10                 114
JTS51000000JOL           2007        M11                 101
JTS51000000JOL           2007        M12                  94
JTS51000000JOL           2008        M01                  91
JTS51000000JOL           2008        M02                  68
JTS51000000JOL           2008        M03                  76
JTS51000000JOL           2008        M04                  97
JTS51000000JOL           2008        M05                  73
JTS51000000JOL           2008        M06                 121
JTS51000000JOL           2008        M07                  73
JTS51000000JOL           2008        M08                  87
JTS51000000JOL           2008        M09                  63
JTS51000000JOL           2008        M10                  95
JTS51000000JOL           2008        M11                  68
JTS51000000JOL           2008        M12                  53
JTS51000000JOL           2009        M01                  67
JTS51000000JOL           2009        M02                  57
JTS51000000JOL           2009        M03                  47
JTS51000000JOL           2009        M04                  37
JTS51000000JOL           2009        M05                  46
JTS51000000JOL           2009        M06                  42
JTS51000000JOL           2009        M07                  44
JTS51000000JOL           2009        M08                  39
JTS51000000JOL           2009        M09                  53
JTS51000000JOL           2009        M10                  74
JTS51000000JOL           2009        M11                  37
JTS51000000JOL           2009        M12                  59
JTS51000000JOL           2010        M01                 121
JTS51000000JOL           2010        M02                  75
JTS51000000JOL           2010        M03                  51
JTS51000000JOL           2010        M04                  82
JTS51000000JOL           2010        M05                  77
JTS51000000JOL           2010        M06                  57
JTS51000000JOL           2010        M07                 105
JTS51000000JOL           2010        M08                  94
JTS51000000JOL           2010        M09                  57
JTS51000000JOL           2010        M10                  78
JTS51000000JOL           2010        M11                  72
JTS51000000JOL           2010        M12                  71
JTS51000000JOL           2011        M01                 101
JTS51000000JOL           2011        M02                  73
JTS51000000JOL           2011        M03                 109
JTS51000000JOL           2011        M04                 113
JTS51000000JOL           2011        M05                 108
JTS51000000JOL           2011        M06                  88
JTS51000000JOL           2011        M07                 112
JTS51000000JOL           2011        M08                 112
JTS51000000JOL           2011        M09                 120
JTS51000000JOL           2011        M10                 126
JTS51000000JOL           2011        M11                 128
JTS51000000JOL           2011        M12                  92
JTS51000000JOL           2012        M01                  86
JTS51000000JOL           2012        M02                  90
JTS51000000JOL           2012        M03                  90
JTS51000000JOL           2012        M04                 113
JTS51000000JOL           2012        M05                  78
JTS51000000JOL           2012        M06                  85
JTS51000000JOL           2012        M07                 109
JTS51000000JOL           2012        M08                  98
JTS51000000JOL           2012        M09                  94
JTS51000000JOL           2012        M10                 110
JTS51000000JOL           2012        M11                  88
JTS51000000JOL           2012        M12                  84
JTS51000000JOL           2013        M01                  84
JTS51000000JOL           2013        M02                  98
JTS51000000JOL           2013        M03                  96
JTS51000000JOL           2013        M04                  80
JTS51000000JOL           2013        M05                  95
JTS51000000JOL           2013        M06                  92
JTS51000000JOL           2013        M07                  98
JTS51000000JOL           2013        M08                  72
JTS51000000JOL           2013        M09                 103
JTS51000000JOL           2013        M10                 134
JTS51000000JOL           2013        M11                 118
JTS51000000JOL           2013        M12                  83
JTS51000000JOL           2014        M01                 103
JTS51000000JOL           2014        M02                  96
JTS51000000JOL           2014        M03                 101
JTS51000000JOL           2014        M04                 139
JTS51000000JOL           2014        M05                  98
JTS51000000JOL           2014        M06                  91
JTS51000000JOL           2014        M07                 117
JTS51000000JOL           2014        M08                  99
JTS51000000JOL           2014        M09                 109
JTS51000000JOL           2014        M10                  93
JTS51000000JOL           2014        M11                 117
JTS51000000JOL           2014        M12                  96
JTS51000000JOL           2015        M01                 120
JTS51000000JOL           2015        M02                 108
JTS51000000JOL           2015        M03                 106
JTS51000000JOL           2015        M04                 116
JTS51000000JOL           2015        M05                 110
JTS51000000JOL           2015        M06                  99
JTS51000000JOL           2015        M07                 123
JTS51000000JOL           2015        M08                 114
JTS51000000JOL           2015        M09                 103
JTS51000000JOL           2015        M10                 127
JTS51000000JOL           2015        M11                  69
JTS51000000JOL           2015        M12                 107
JTS51000000JOL           2016        M01                  97
JTS51000000JOL           2016        M02                  86
JTS51000000JOL           2016        M03                  76
JTS51000000JOL           2016        M04                  92
JTS51000000JOL           2016        M05                  90
JTS51000000JOL           2016        M06                  85
JTS51000000JOL           2016        M07                  84
JTS51000000JOL           2016        M08                  87
JTS51000000JOL           2016        M09                  87
JTS51000000JOL           2016        M10                  74
JTS51000000JOL           2016        M11                  73
JTS51000000JOL           2016        M12                  81
JTS51000000JOL           2017        M01                  73
JTS51000000JOL           2017        M02                  75
JTS51000000JOL           2017        M03                  83
JTS51000000JOL           2017        M04                 109
JTS51000000JOL           2017        M05                  88
JTS51000000JOL           2017        M06                 102
JTS51000000JOL           2017        M07                  93
JTS51000000JOL           2017        M08                 122
JTS51000000JOL           2017        M09                 113
JTS51000000JOL           2017        M10                  74
JTS51000000JOL           2017        M11                  79
JTS51000000JOL           2017        M12                 112        p
JTS51000000JOR           2000        M12                 4.4
JTS51000000JOR           2001        M01                 7.7
JTS51000000JOR           2001        M02                 4.0
JTS51000000JOR           2001        M03                 4.3
JTS51000000JOR           2001        M04                 5.4
JTS51000000JOR           2001        M05                 2.6
JTS51000000JOR           2001        M06                 2.3
JTS51000000JOR           2001        M07                 3.3
JTS51000000JOR           2001        M08                 3.1
JTS51000000JOR           2001        M09                 1.9
JTS51000000JOR           2001        M10                 1.8
JTS51000000JOR           2001        M11                 2.1
JTS51000000JOR           2001        M12                 2.5
JTS51000000JOR           2002        M01                 4.0
JTS51000000JOR           2002        M02                 2.6
JTS51000000JOR           2002        M03                 2.4
JTS51000000JOR           2002        M04                 2.4
JTS51000000JOR           2002        M05                 2.2
JTS51000000JOR           2002        M06                 1.5
JTS51000000JOR           2002        M07                 2.9
JTS51000000JOR           2002        M08                 2.2
JTS51000000JOR           2002        M09                 2.0
JTS51000000JOR           2002        M10                 2.7
JTS51000000JOR           2002        M11                 1.8
JTS51000000JOR           2002        M12                 1.4
JTS51000000JOR           2003        M01                 4.3
JTS51000000JOR           2003        M02                 1.7
JTS51000000JOR           2003        M03                 1.6
JTS51000000JOR           2003        M04                 1.6
JTS51000000JOR           2003        M05                 1.5
JTS51000000JOR           2003        M06                 1.8
JTS51000000JOR           2003        M07                 2.2
JTS51000000JOR           2003        M08                 1.6
JTS51000000JOR           2003        M09                 2.4
JTS51000000JOR           2003        M10                 3.3
JTS51000000JOR           2003        M11                 1.8
JTS51000000JOR           2003        M12                 2.6
JTS51000000JOR           2004        M01                 3.0
JTS51000000JOR           2004        M02                 2.3
JTS51000000JOR           2004        M03                 2.1
JTS51000000JOR           2004        M04                 2.7
JTS51000000JOR           2004        M05                 2.6
JTS51000000JOR           2004        M06                 2.6
JTS51000000JOR           2004        M07                 3.4
JTS51000000JOR           2004        M08                 3.0
JTS51000000JOR           2004        M09                 2.4
JTS51000000JOR           2004        M10                 3.6
JTS51000000JOR           2004        M11                 1.8
JTS51000000JOR           2004        M12                 3.0
JTS51000000JOR           2005        M01                 3.7
JTS51000000JOR           2005        M02                 2.6
JTS51000000JOR           2005        M03                 2.7
JTS51000000JOR           2005        M04                 3.5
JTS51000000JOR           2005        M05                 2.8
JTS51000000JOR           2005        M06                 3.3
JTS51000000JOR           2005        M07                 3.7
JTS51000000JOR           2005        M08                 3.2
JTS51000000JOR           2005        M09                 4.2
JTS51000000JOR           2005        M10                 3.5
JTS51000000JOR           2005        M11                 3.5
JTS51000000JOR           2005        M12                 3.0
JTS51000000JOR           2006        M01                 5.1
JTS51000000JOR           2006        M02                 3.2
JTS51000000JOR           2006        M03                 3.9
JTS51000000JOR           2006        M04                 5.6
JTS51000000JOR           2006        M05                 3.9
JTS51000000JOR           2006        M06                 4.3
JTS51000000JOR           2006        M07                 4.6
JTS51000000JOR           2006        M08                 5.2
JTS51000000JOR           2006        M09                 5.3
JTS51000000JOR           2006        M10                 5.3
JTS51000000JOR           2006        M11                 5.3
JTS51000000JOR           2006        M12                 5.0
JTS51000000JOR           2007        M01                 6.0
JTS51000000JOR           2007        M02                 5.5
JTS51000000JOR           2007        M03                 4.9
JTS51000000JOR           2007        M04                 5.5
JTS51000000JOR           2007        M05                 5.4
JTS51000000JOR           2007        M06                 5.3
JTS51000000JOR           2007        M07                 5.1
JTS51000000JOR           2007        M08                 3.5
JTS51000000JOR           2007        M09                 3.4
JTS51000000JOR           2007        M10                 3.6
JTS51000000JOR           2007        M11                 3.2
JTS51000000JOR           2007        M12                 3.0
JTS51000000JOR           2008        M01                 2.9
JTS51000000JOR           2008        M02                 2.2
JTS51000000JOR           2008        M03                 2.5
JTS51000000JOR           2008        M04                 3.1
JTS51000000JOR           2008        M05                 2.4
JTS51000000JOR           2008        M06                 3.9
JTS51000000JOR           2008        M07                 2.4
JTS51000000JOR           2008        M08                 2.8
JTS51000000JOR           2008        M09                 2.1
JTS51000000JOR           2008        M10                 3.1
JTS51000000JOR           2008        M11                 2.3
JTS51000000JOR           2008        M12                 1.8
JTS51000000JOR           2009        M01                 2.3
JTS51000000JOR           2009        M02                 1.9
JTS51000000JOR           2009        M03                 1.6
JTS51000000JOR           2009        M04                 1.3
JTS51000000JOR           2009        M05                 1.6
JTS51000000JOR           2009        M06                 1.5
JTS51000000JOR           2009        M07                 1.6
JTS51000000JOR           2009        M08                 1.4
JTS51000000JOR           2009        M09                 1.9
JTS51000000JOR           2009        M10                 2.6
JTS51000000JOR           2009        M11                 1.3
JTS51000000JOR           2009        M12                 2.1
JTS51000000JOR           2010        M01                 4.2
JTS51000000JOR           2010        M02                 2.7
JTS51000000JOR           2010        M03                 1.8
JTS51000000JOR           2010        M04                 2.9
JTS51000000JOR           2010        M05                 2.8
JTS51000000JOR           2010        M06                 2.1
JTS51000000JOR           2010        M07                 3.7
JTS51000000JOR           2010        M08                 3.4
JTS51000000JOR           2010        M09                 2.1
JTS51000000JOR           2010        M10                 2.8
JTS51000000JOR           2010        M11                 2.6
JTS51000000JOR           2010        M12                 2.6
JTS51000000JOR           2011        M01                 3.6
JTS51000000JOR           2011        M02                 2.7
JTS51000000JOR           2011        M03                 3.9
JTS51000000JOR           2011        M04                 4.1
JTS51000000JOR           2011        M05                 3.9
JTS51000000JOR           2011        M06                 3.2
JTS51000000JOR           2011        M07                 4.0
JTS51000000JOR           2011        M08                 4.0
JTS51000000JOR           2011        M09                 4.3
JTS51000000JOR           2011        M10                 4.5
JTS51000000JOR           2011        M11                 4.6
JTS51000000JOR           2011        M12                 3.3
JTS51000000JOR           2012        M01                 3.1
JTS51000000JOR           2012        M02                 3.2
JTS51000000JOR           2012        M03                 3.3
JTS51000000JOR           2012        M04                 4.0
JTS51000000JOR           2012        M05                 2.8
JTS51000000JOR           2012        M06                 3.1
JTS51000000JOR           2012        M07                 3.9
JTS51000000JOR           2012        M08                 3.5
JTS51000000JOR           2012        M09                 3.4
JTS51000000JOR           2012        M10                 4.0
JTS51000000JOR           2012        M11                 3.2
JTS51000000JOR           2012        M12                 3.1
JTS51000000JOR           2013        M01                 3.1
JTS51000000JOR           2013        M02                 3.5
JTS51000000JOR           2013        M03                 3.4
JTS51000000JOR           2013        M04                 2.9
JTS51000000JOR           2013        M05                 3.4
JTS51000000JOR           2013        M06                 3.3
JTS51000000JOR           2013        M07                 3.5
JTS51000000JOR           2013        M08                 2.6
JTS51000000JOR           2013        M09                 3.7
JTS51000000JOR           2013        M10                 4.7
JTS51000000JOR           2013        M11                 4.1
JTS51000000JOR           2013        M12                 2.9
JTS51000000JOR           2014        M01                 3.6
JTS51000000JOR           2014        M02                 3.4
JTS51000000JOR           2014        M03                 3.6
JTS51000000JOR           2014        M04                 4.9
JTS51000000JOR           2014        M05                 3.5
JTS51000000JOR           2014        M06                 3.2
JTS51000000JOR           2014        M07                 4.1
JTS51000000JOR           2014        M08                 3.5
JTS51000000JOR           2014        M09                 3.8
JTS51000000JOR           2014        M10                 3.3
JTS51000000JOR           2014        M11                 4.1
JTS51000000JOR           2014        M12                 3.4
JTS51000000JOR           2015        M01                 4.2
JTS51000000JOR           2015        M02                 3.8
JTS51000000JOR           2015        M03                 3.7
JTS51000000JOR           2015        M04                 4.1
JTS51000000JOR           2015        M05                 3.9
JTS51000000JOR           2015        M06                 3.5
JTS51000000JOR           2015        M07                 4.3
JTS51000000JOR           2015        M08                 4.0
JTS51000000JOR           2015        M09                 3.6
JTS51000000JOR           2015        M10                 4.4
JTS51000000JOR           2015        M11                 2.4
JTS51000000JOR           2015        M12                 3.7
JTS51000000JOR           2016        M01                 3.4
JTS51000000JOR           2016        M02                 3.0
JTS51000000JOR           2016        M03                 2.6
JTS51000000JOR           2016        M04                 3.2
JTS51000000JOR           2016        M05                 3.2
JTS51000000JOR           2016        M06                 3.0
JTS51000000JOR           2016        M07                 2.9
JTS51000000JOR           2016        M08                 3.0
JTS51000000JOR           2016        M09                 3.0
JTS51000000JOR           2016        M10                 2.6
JTS51000000JOR           2016        M11                 2.6
JTS51000000JOR           2016        M12                 2.8
JTS51000000JOR           2017        M01                 2.6
JTS51000000JOR           2017        M02                 2.7
JTS51000000JOR           2017        M03                 3.0
JTS51000000JOR           2017        M04                 3.8
JTS51000000JOR           2017        M05                 3.1
JTS51000000JOR           2017        M06                 3.6
JTS51000000JOR           2017        M07                 3.3
JTS51000000JOR           2017        M08                 4.3
JTS51000000JOR           2017        M09                 4.0
JTS51000000JOR           2017        M10                 2.6
JTS51000000JOR           2017        M11                 2.8
JTS51000000JOR           2017        M12                 4.0        p
JTS51009900JOL           2000        M12                 315
JTS51009900JOL           2001        M01                 256
JTS51009900JOL           2001        M02                 280
JTS51009900JOL           2001        M03                 311
JTS51009900JOL           2001        M04                 261
JTS51009900JOL           2001        M05                 302
JTS51009900JOL           2001        M06                 325
JTS51009900JOL           2001        M07                 275
JTS51009900JOL           2001        M08                 268
JTS51009900JOL           2001        M09                 275
JTS51009900JOL           2001        M10                 235
JTS51009900JOL           2001        M11                 214
JTS51009900JOL           2001        M12                 214
JTS51009900JOL           2002        M01                 306
JTS51009900JOL           2002        M02                 164
JTS51009900JOL           2002        M03                 234
JTS51009900JOL           2002        M04                 227
JTS51009900JOL           2002        M05                 201
JTS51009900JOL           2002        M06                 245
JTS51009900JOL           2002        M07                 214
JTS51009900JOL           2002        M08                 218
JTS51009900JOL           2002        M09                 158
JTS51009900JOL           2002        M10                 239
JTS51009900JOL           2002        M11                 225
JTS51009900JOL           2002        M12                 195
JTS51009900JOL           2003        M01                 226
JTS51009900JOL           2003        M02                 185
JTS51009900JOL           2003        M03                 205
JTS51009900JOL           2003        M04                 262
JTS51009900JOL           2003        M05                 200
JTS51009900JOL           2003        M06                 198
JTS51009900JOL           2003        M07                 247
JTS51009900JOL           2003        M08                 249
JTS51009900JOL           2003        M09                 192
JTS51009900JOL           2003        M10                 207
JTS51009900JOL           2003        M11                 214
JTS51009900JOL           2003        M12                 199
JTS51009900JOL           2004        M01                 246
JTS51009900JOL           2004        M02                 245
JTS51009900JOL           2004        M03                 221
JTS51009900JOL           2004        M04                 240
JTS51009900JOL           2004        M05                 233
JTS51009900JOL           2004        M06                 212
JTS51009900JOL           2004        M07                 271
JTS51009900JOL           2004        M08                 259
JTS51009900JOL           2004        M09                 331
JTS51009900JOL           2004        M10                 269
JTS51009900JOL           2004        M11                 231
JTS51009900JOL           2004        M12                 282
JTS51009900JOL           2005        M01                 257
JTS51009900JOL           2005        M02                 272
JTS51009900JOL           2005        M03                 229
JTS51009900JOL           2005        M04                 306
JTS51009900JOL           2005        M05                 191
JTS51009900JOL           2005        M06                 301
JTS51009900JOL           2005        M07                 301
JTS51009900JOL           2005        M08                 293
JTS51009900JOL           2005        M09                 324
JTS51009900JOL           2005        M10                 334
JTS51009900JOL           2005        M11                 319
JTS51009900JOL           2005        M12                 375
JTS51009900JOL           2006        M01                 401
JTS51009900JOL           2006        M02                 359
JTS51009900JOL           2006        M03                 370
JTS51009900JOL           2006        M04                 382
JTS51009900JOL           2006        M05                 340
JTS51009900JOL           2006        M06                 342
JTS51009900JOL           2006        M07                 250
JTS51009900JOL           2006        M08                 301
JTS51009900JOL           2006        M09                 270
JTS51009900JOL           2006        M10                 304
JTS51009900JOL           2006        M11                 303
JTS51009900JOL           2006        M12                 292
JTS51009900JOL           2007        M01                 217
JTS51009900JOL           2007        M02                 258
JTS51009900JOL           2007        M03                 338
JTS51009900JOL           2007        M04                 244
JTS51009900JOL           2007        M05                 283
JTS51009900JOL           2007        M06                 278
JTS51009900JOL           2007        M07                 299
JTS51009900JOL           2007        M08                 313
JTS51009900JOL           2007        M09                 285
JTS51009900JOL           2007        M10                 284
JTS51009900JOL           2007        M11                 237
JTS51009900JOL           2007        M12                 277
JTS51009900JOL           2008        M01                 325
JTS51009900JOL           2008        M02                 228
JTS51009900JOL           2008        M03                 260
JTS51009900JOL           2008        M04                 226
JTS51009900JOL           2008        M05                 204
JTS51009900JOL           2008        M06                 197
JTS51009900JOL           2008        M07                 219
JTS51009900JOL           2008        M08                 220
JTS51009900JOL           2008        M09                 194
JTS51009900JOL           2008        M10                 170
JTS51009900JOL           2008        M11                 199
JTS51009900JOL           2008        M12                 201
JTS51009900JOL           2009        M01                 186
JTS51009900JOL           2009        M02                 201
JTS51009900JOL           2009        M03                 189
JTS51009900JOL           2009        M04                 131
JTS51009900JOL           2009        M05                 173
JTS51009900JOL           2009        M06                 151
JTS51009900JOL           2009        M07                 132
JTS51009900JOL           2009        M08                 129
JTS51009900JOL           2009        M09                 171
JTS51009900JOL           2009        M10                 161
JTS51009900JOL           2009        M11                 163
JTS51009900JOL           2009        M12                 132
JTS51009900JOL           2010        M01                 170
JTS51009900JOL           2010        M02                 149
JTS51009900JOL           2010        M03                 158
JTS51009900JOL           2010        M04                 221
JTS51009900JOL           2010        M05                 211
JTS51009900JOL           2010        M06                 203
JTS51009900JOL           2010        M07                 222
JTS51009900JOL           2010        M08                 243
JTS51009900JOL           2010        M09                 227
JTS51009900JOL           2010        M10                 245
JTS51009900JOL           2010        M11                 256
JTS51009900JOL           2010        M12                 201
JTS51009900JOL           2011        M01                 217
JTS51009900JOL           2011        M02                 209
JTS51009900JOL           2011        M03                 196
JTS51009900JOL           2011        M04                 243
JTS51009900JOL           2011        M05                 195
JTS51009900JOL           2011        M06                 215
JTS51009900JOL           2011        M07                 228
JTS51009900JOL           2011        M08                 181
JTS51009900JOL           2011        M09                 170
JTS51009900JOL           2011        M10                 232
JTS51009900JOL           2011        M11                 159
JTS51009900JOL           2011        M12                 191
JTS51009900JOL           2012        M01                 242
JTS51009900JOL           2012        M02                 200
JTS51009900JOL           2012        M03                 234
JTS51009900JOL           2012        M04                 212
JTS51009900JOL           2012        M05                 237
JTS51009900JOL           2012        M06                 223
JTS51009900JOL           2012        M07                 249
JTS51009900JOL           2012        M08                 261
JTS51009900JOL           2012        M09                 281
JTS51009900JOL           2012        M10                 265
JTS51009900JOL           2012        M11                 237
JTS51009900JOL           2012        M12                 257
JTS51009900JOL           2013        M01                 237
JTS51009900JOL           2013        M02                 361
JTS51009900JOL           2013        M03                 278
JTS51009900JOL           2013        M04                 285
JTS51009900JOL           2013        M05                 314
JTS51009900JOL           2013        M06                 310
JTS51009900JOL           2013        M07                 317
JTS51009900JOL           2013        M08                 270
JTS51009900JOL           2013        M09                 242
JTS51009900JOL           2013        M10                 245
JTS51009900JOL           2013        M11                 217
JTS51009900JOL           2013        M12                 238
JTS51009900JOL           2014        M01                 232
JTS51009900JOL           2014        M02                 239
JTS51009900JOL           2014        M03                 243
JTS51009900JOL           2014        M04                 265
JTS51009900JOL           2014        M05                 289
JTS51009900JOL           2014        M06                 316
JTS51009900JOL           2014        M07                 295
JTS51009900JOL           2014        M08                 326
JTS51009900JOL           2014        M09                 256
JTS51009900JOL           2014        M10                 329
JTS51009900JOL           2014        M11                 273
JTS51009900JOL           2014        M12                 266
JTS51009900JOL           2015        M01                 305
JTS51009900JOL           2015        M02                 347
JTS51009900JOL           2015        M03                 267
JTS51009900JOL           2015        M04                 378
JTS51009900JOL           2015        M05                 312
JTS51009900JOL           2015        M06                 273
JTS51009900JOL           2015        M07                 380
JTS51009900JOL           2015        M08                 335
JTS51009900JOL           2015        M09                 300
JTS51009900JOL           2015        M10                 321
JTS51009900JOL           2015        M11                 350
JTS51009900JOL           2015        M12                 382
JTS51009900JOL           2016        M01                 340
JTS51009900JOL           2016        M02                 344
JTS51009900JOL           2016        M03                 313
JTS51009900JOL           2016        M04                 336
JTS51009900JOL           2016        M05                 294
JTS51009900JOL           2016        M06                 305
JTS51009900JOL           2016        M07                 322
JTS51009900JOL           2016        M08                 332
JTS51009900JOL           2016        M09                 339
JTS51009900JOL           2016        M10                 317
JTS51009900JOL           2016        M11                 324
JTS51009900JOL           2016        M12                 357
JTS51009900JOL           2017        M01                 388
JTS51009900JOL           2017        M02                 360
JTS51009900JOL           2017        M03                 327
JTS51009900JOL           2017        M04                 388
JTS51009900JOL           2017        M05                 349
JTS51009900JOL           2017        M06                 353
JTS51009900JOL           2017        M07                 362
JTS51009900JOL           2017        M08                 341
JTS51009900JOL           2017        M09                 384
JTS51009900JOL           2017        M10                 380
JTS51009900JOL           2017        M11                 345
JTS51009900JOL           2017        M12                 348        p
JTS51009900JOR           2000        M12                 3.9
JTS51009900JOR           2001        M01                 3.2
JTS51009900JOR           2001        M02                 3.4
JTS51009900JOR           2001        M03                 3.8
JTS51009900JOR           2001        M04                 3.2
JTS51009900JOR           2001        M05                 3.7
JTS51009900JOR           2001        M06                 4.0
JTS51009900JOR           2001        M07                 3.4
JTS51009900JOR           2001        M08                 3.3
JTS51009900JOR           2001        M09                 3.4
JTS51009900JOR           2001        M10                 2.9
JTS51009900JOR           2001        M11                 2.6
JTS51009900JOR           2001        M12                 2.6
JTS51009900JOR           2002        M01                 3.7
JTS51009900JOR           2002        M02                 2.0
JTS51009900JOR           2002        M03                 2.9
JTS51009900JOR           2002        M04                 2.8
JTS51009900JOR           2002        M05                 2.5
JTS51009900JOR           2002        M06                 3.0
JTS51009900JOR           2002        M07                 2.6
JTS51009900JOR           2002        M08                 2.7
JTS51009900JOR           2002        M09                 1.9
JTS51009900JOR           2002        M10                 2.9
JTS51009900JOR           2002        M11                 2.7
JTS51009900JOR           2002        M12                 2.4
JTS51009900JOR           2003        M01                 2.7
JTS51009900JOR           2003        M02                 2.3
JTS51009900JOR           2003        M03                 2.5
JTS51009900JOR           2003        M04                 3.1
JTS51009900JOR           2003        M05                 2.4
JTS51009900JOR           2003        M06                 2.4
JTS51009900JOR           2003        M07                 3.0
JTS51009900JOR           2003        M08                 3.0
JTS51009900JOR           2003        M09                 2.3
JTS51009900JOR           2003        M10                 2.5
JTS51009900JOR           2003        M11                 2.6
JTS51009900JOR           2003        M12                 2.4
JTS51009900JOR           2004        M01                 2.9
JTS51009900JOR           2004        M02                 2.9
JTS51009900JOR           2004        M03                 2.7
JTS51009900JOR           2004        M04                 2.9
JTS51009900JOR           2004        M05                 2.8
JTS51009900JOR           2004        M06                 2.5
JTS51009900JOR           2004        M07                 3.2
JTS51009900JOR           2004        M08                 3.1
JTS51009900JOR           2004        M09                 3.9
JTS51009900JOR           2004        M10                 3.2
JTS51009900JOR           2004        M11                 2.8
JTS51009900JOR           2004        M12                 3.4
JTS51009900JOR           2005        M01                 3.1
JTS51009900JOR           2005        M02                 3.2
JTS51009900JOR           2005        M03                 2.7
JTS51009900JOR           2005        M04                 3.6
JTS51009900JOR           2005        M05                 2.3
JTS51009900JOR           2005        M06                 3.6
JTS51009900JOR           2005        M07                 3.5
JTS51009900JOR           2005        M08                 3.4
JTS51009900JOR           2005        M09                 3.8
JTS51009900JOR           2005        M10                 3.9
JTS51009900JOR           2005        M11                 3.7
JTS51009900JOR           2005        M12                 4.3
JTS51009900JOR           2006        M01                 4.6
JTS51009900JOR           2006        M02                 4.1
JTS51009900JOR           2006        M03                 4.2
JTS51009900JOR           2006        M04                 4.4
JTS51009900JOR           2006        M05                 3.9
JTS51009900JOR           2006        M06                 3.9
JTS51009900JOR           2006        M07                 2.9
JTS51009900JOR           2006        M08                 3.5
JTS51009900JOR           2006        M09                 3.1
JTS51009900JOR           2006        M10                 3.5
JTS51009900JOR           2006        M11                 3.5
JTS51009900JOR           2006        M12                 3.4
JTS51009900JOR           2007        M01                 2.5
JTS51009900JOR           2007        M02                 3.0
JTS51009900JOR           2007        M03                 3.9
JTS51009900JOR           2007        M04                 2.8
JTS51009900JOR           2007        M05                 3.3
JTS51009900JOR           2007        M06                 3.2
JTS51009900JOR           2007        M07                 3.4
JTS51009900JOR           2007        M08                 3.6
JTS51009900JOR           2007        M09                 3.3
JTS51009900JOR           2007        M10                 3.3
JTS51009900JOR           2007        M11                 2.8
JTS51009900JOR           2007        M12                 3.2
JTS51009900JOR           2008        M01                 3.8
JTS51009900JOR           2008        M02                 2.7
JTS51009900JOR           2008        M03                 3.0
JTS51009900JOR           2008        M04                 2.7
JTS51009900JOR           2008        M05                 2.4
JTS51009900JOR           2008        M06                 2.3
JTS51009900JOR           2008        M07                 2.6
JTS51009900JOR           2008        M08                 2.6
JTS51009900JOR           2008        M09                 2.3
JTS51009900JOR           2008        M10                 2.0
JTS51009900JOR           2008        M11                 2.4
JTS51009900JOR           2008        M12                 2.4
JTS51009900JOR           2009        M01                 2.3
JTS51009900JOR           2009        M02                 2.5
JTS51009900JOR           2009        M03                 2.3
JTS51009900JOR           2009        M04                 1.6
JTS51009900JOR           2009        M05                 2.2
JTS51009900JOR           2009        M06                 1.9
JTS51009900JOR           2009        M07                 1.7
JTS51009900JOR           2009        M08                 1.6
JTS51009900JOR           2009        M09                 2.2
JTS51009900JOR           2009        M10                 2.0
JTS51009900JOR           2009        M11                 2.1
JTS51009900JOR           2009        M12                 1.7
JTS51009900JOR           2010        M01                 2.1
JTS51009900JOR           2010        M02                 1.9
JTS51009900JOR           2010        M03                 2.0
JTS51009900JOR           2010        M04                 2.8
JTS51009900JOR           2010        M05                 2.7
JTS51009900JOR           2010        M06                 2.6
JTS51009900JOR           2010        M07                 2.8
JTS51009900JOR           2010        M08                 3.1
JTS51009900JOR           2010        M09                 2.9
JTS51009900JOR           2010        M10                 3.1
JTS51009900JOR           2010        M11                 3.2
JTS51009900JOR           2010        M12                 2.5
JTS51009900JOR           2011        M01                 2.7
JTS51009900JOR           2011        M02                 2.7
JTS51009900JOR           2011        M03                 2.5
JTS51009900JOR           2011        M04                 3.1
JTS51009900JOR           2011        M05                 2.5
JTS51009900JOR           2011        M06                 2.7
JTS51009900JOR           2011        M07                 2.9
JTS51009900JOR           2011        M08                 2.3
JTS51009900JOR           2011        M09                 2.2
JTS51009900JOR           2011        M10                 2.9
JTS51009900JOR           2011        M11                 2.0
JTS51009900JOR           2011        M12                 2.4
JTS51009900JOR           2012        M01                 3.0
JTS51009900JOR           2012        M02                 2.5
JTS51009900JOR           2012        M03                 2.9
JTS51009900JOR           2012        M04                 2.7
JTS51009900JOR           2012        M05                 3.0
JTS51009900JOR           2012        M06                 2.8
JTS51009900JOR           2012        M07                 3.1
JTS51009900JOR           2012        M08                 3.2
JTS51009900JOR           2012        M09                 3.5
JTS51009900JOR           2012        M10                 3.3
JTS51009900JOR           2012        M11                 2.9
JTS51009900JOR           2012        M12                 3.2
JTS51009900JOR           2013        M01                 2.9
JTS51009900JOR           2013        M02                 4.4
JTS51009900JOR           2013        M03                 3.4
JTS51009900JOR           2013        M04                 3.5
JTS51009900JOR           2013        M05                 3.8
JTS51009900JOR           2013        M06                 3.8
JTS51009900JOR           2013        M07                 3.9
JTS51009900JOR           2013        M08                 3.3
JTS51009900JOR           2013        M09                 3.0
JTS51009900JOR           2013        M10                 3.0
JTS51009900JOR           2013        M11                 2.7
JTS51009900JOR           2013        M12                 2.9
JTS51009900JOR           2014        M01                 2.8
JTS51009900JOR           2014        M02                 2.9
JTS51009900JOR           2014        M03                 3.0
JTS51009900JOR           2014        M04                 3.2
JTS51009900JOR           2014        M05                 3.5
JTS51009900JOR           2014        M06                 3.8
JTS51009900JOR           2014        M07                 3.6
JTS51009900JOR           2014        M08                 3.9
JTS51009900JOR           2014        M09                 3.1
JTS51009900JOR           2014        M10                 3.9
JTS51009900JOR           2014        M11                 3.3
JTS51009900JOR           2014        M12                 3.2
JTS51009900JOR           2015        M01                 3.6
JTS51009900JOR           2015        M02                 4.1
JTS51009900JOR           2015        M03                 3.2
JTS51009900JOR           2015        M04                 4.5
JTS51009900JOR           2015        M05                 3.7
JTS51009900JOR           2015        M06                 3.3
JTS51009900JOR           2015        M07                 4.5
JTS51009900JOR           2015        M08                 4.0
JTS51009900JOR           2015        M09                 3.6
JTS51009900JOR           2015        M10                 3.8
JTS51009900JOR           2015        M11                 4.1
JTS51009900JOR           2015        M12                 4.5
JTS51009900JOR           2016        M01                 4.0
JTS51009900JOR           2016        M02                 4.0
JTS51009900JOR           2016        M03                 3.7
JTS51009900JOR           2016        M04                 3.9
JTS51009900JOR           2016        M05                 3.4
JTS51009900JOR           2016        M06                 3.5
JTS51009900JOR           2016        M07                 3.7
JTS51009900JOR           2016        M08                 3.8
JTS51009900JOR           2016        M09                 3.9
JTS51009900JOR           2016        M10                 3.7
JTS51009900JOR           2016        M11                 3.7
JTS51009900JOR           2016        M12                 4.1
JTS51009900JOR           2017        M01                 4.4
JTS51009900JOR           2017        M02                 4.1
JTS51009900JOR           2017        M03                 3.7
JTS51009900JOR           2017        M04                 4.4
JTS51009900JOR           2017        M05                 4.0
JTS51009900JOR           2017        M06                 4.0
JTS51009900JOR           2017        M07                 4.1
JTS51009900JOR           2017        M08                 3.9
JTS51009900JOR           2017        M09                 4.3
JTS51009900JOR           2017        M10                 4.3
JTS51009900JOR           2017        M11                 3.9
JTS51009900JOR           2017        M12                 3.9        p
JTS52000000JOL           2000        M12                 253
JTS52000000JOL           2001        M01                 225
JTS52000000JOL           2001        M02                 250
JTS52000000JOL           2001        M03                 230
JTS52000000JOL           2001        M04                 200
JTS52000000JOL           2001        M05                 240
JTS52000000JOL           2001        M06                 286
JTS52000000JOL           2001        M07                 209
JTS52000000JOL           2001        M08                 189
JTS52000000JOL           2001        M09                 219
JTS52000000JOL           2001        M10                 181
JTS52000000JOL           2001        M11                 173
JTS52000000JOL           2001        M12                 181
JTS52000000JOL           2002        M01                 239
JTS52000000JOL           2002        M02                 138
JTS52000000JOL           2002        M03                 207
JTS52000000JOL           2002        M04                 169
JTS52000000JOL           2002        M05                 156
JTS52000000JOL           2002        M06                 189
JTS52000000JOL           2002        M07                 169
JTS52000000JOL           2002        M08                 179
JTS52000000JOL           2002        M09                 130
JTS52000000JOL           2002        M10                 182
JTS52000000JOL           2002        M11                 199
JTS52000000JOL           2002        M12                 160
JTS52000000JOL           2003        M01                 175
JTS52000000JOL           2003        M02                 135
JTS52000000JOL           2003        M03                 150
JTS52000000JOL           2003        M04                 186
JTS52000000JOL           2003        M05                 164
JTS52000000JOL           2003        M06                 153
JTS52000000JOL           2003        M07                 163
JTS52000000JOL           2003        M08                 199
JTS52000000JOL           2003        M09                 152
JTS52000000JOL           2003        M10                 164
JTS52000000JOL           2003        M11                 172
JTS52000000JOL           2003        M12                 164
JTS52000000JOL           2004        M01                 195
JTS52000000JOL           2004        M02                 204
JTS52000000JOL           2004        M03                 188
JTS52000000JOL           2004        M04                 194
JTS52000000JOL           2004        M05                 197
JTS52000000JOL           2004        M06                 183
JTS52000000JOL           2004        M07                 227
JTS52000000JOL           2004        M08                 206
JTS52000000JOL           2004        M09                 276
JTS52000000JOL           2004        M10                 222
JTS52000000JOL           2004        M11                 192
JTS52000000JOL           2004        M12                 237
JTS52000000JOL           2005        M01                 208
JTS52000000JOL           2005        M02                 213
JTS52000000JOL           2005        M03                 203
JTS52000000JOL           2005        M04                 219
JTS52000000JOL           2005        M05                 131
JTS52000000JOL           2005        M06                 249
JTS52000000JOL           2005        M07                 238
JTS52000000JOL           2005        M08                 247
JTS52000000JOL           2005        M09                 246
JTS52000000JOL           2005        M10                 282
JTS52000000JOL           2005        M11                 269
JTS52000000JOL           2005        M12                 296
JTS52000000JOL           2006        M01                 267
JTS52000000JOL           2006        M02                 314
JTS52000000JOL           2006        M03                 300
JTS52000000JOL           2006        M04                 312
JTS52000000JOL           2006        M05                 286
JTS52000000JOL           2006        M06                 260
JTS52000000JOL           2006        M07                 181
JTS52000000JOL           2006        M08                 238
JTS52000000JOL           2006        M09                 220
JTS52000000JOL           2006        M10                 242
JTS52000000JOL           2006        M11                 252
JTS52000000JOL           2006        M12                 219
JTS52000000JOL           2007        M01                 172
JTS52000000JOL           2007        M02                 208
JTS52000000JOL           2007        M03                 272
JTS52000000JOL           2007        M04                 141
JTS52000000JOL           2007        M05                 233
JTS52000000JOL           2007        M06                 217
JTS52000000JOL           2007        M07                 229
JTS52000000JOL           2007        M08                 245
JTS52000000JOL           2007        M09                 243
JTS52000000JOL           2007        M10                 203
JTS52000000JOL           2007        M11                 192
JTS52000000JOL           2007        M12                 204
JTS52000000JOL           2008        M01                 196
JTS52000000JOL           2008        M02                 184
JTS52000000JOL           2008        M03                 181
JTS52000000JOL           2008        M04                 142
JTS52000000JOL           2008        M05                 135
JTS52000000JOL           2008        M06                 159
JTS52000000JOL           2008        M07                 151
JTS52000000JOL           2008        M08                 190
JTS52000000JOL           2008        M09                 137
JTS52000000JOL           2008        M10                 129
JTS52000000JOL           2008        M11                 146
JTS52000000JOL           2008        M12                 163
JTS52000000JOL           2009        M01                 151
JTS52000000JOL           2009        M02                 158
JTS52000000JOL           2009        M03                 141
JTS52000000JOL           2009        M04                  95
JTS52000000JOL           2009        M05                 141
JTS52000000JOL           2009        M06                 120
JTS52000000JOL           2009        M07                  99
JTS52000000JOL           2009        M08                 100
JTS52000000JOL           2009        M09                 114
JTS52000000JOL           2009        M10                  98
JTS52000000JOL           2009        M11                 130
JTS52000000JOL           2009        M12                 104
JTS52000000JOL           2010        M01                 136
JTS52000000JOL           2010        M02                 119
JTS52000000JOL           2010        M03                 141
JTS52000000JOL           2010        M04                 182
JTS52000000JOL           2010        M05                 176
JTS52000000JOL           2010        M06                 165
JTS52000000JOL           2010        M07                 194
JTS52000000JOL           2010        M08                 200
JTS52000000JOL           2010        M09                 202
JTS52000000JOL           2010        M10                 205
JTS52000000JOL           2010        M11                 223
JTS52000000JOL           2010        M12                 178
JTS52000000JOL           2011        M01                 181
JTS52000000JOL           2011        M02                 178
JTS52000000JOL           2011        M03                 165
JTS52000000JOL           2011        M04                 170
JTS52000000JOL           2011        M05                 156
JTS52000000JOL           2011        M06                 178
JTS52000000JOL           2011        M07                 166
JTS52000000JOL           2011        M08                 136
JTS52000000JOL           2011        M09                 137
JTS52000000JOL           2011        M10                 165
JTS52000000JOL           2011        M11                 123
JTS52000000JOL           2011        M12                 171
JTS52000000JOL           2012        M01                 155
JTS52000000JOL           2012        M02                 156
JTS52000000JOL           2012        M03                 187
JTS52000000JOL           2012        M04                 173
JTS52000000JOL           2012        M05                 167
JTS52000000JOL           2012        M06                 171
JTS52000000JOL           2012        M07                 177
JTS52000000JOL           2012        M08                 205
JTS52000000JOL           2012        M09                 214
JTS52000000JOL           2012        M10                 197
JTS52000000JOL           2012        M11                 189
JTS52000000JOL           2012        M12                 192
JTS52000000JOL           2013        M01                 156
JTS52000000JOL           2013        M02                 302
JTS52000000JOL           2013        M03                 233
JTS52000000JOL           2013        M04                 224
JTS52000000JOL           2013        M05                 233
JTS52000000JOL           2013        M06                 242
JTS52000000JOL           2013        M07                 266
JTS52000000JOL           2013        M08                 207
JTS52000000JOL           2013        M09                 207
JTS52000000JOL           2013        M10                 205
JTS52000000JOL           2013        M11                 180
JTS52000000JOL           2013        M12                 191
JTS52000000JOL           2014        M01                 185
JTS52000000JOL           2014        M02                 192
JTS52000000JOL           2014        M03                 205
JTS52000000JOL           2014        M04                 216
JTS52000000JOL           2014        M05                 228
JTS52000000JOL           2014        M06                 248
JTS52000000JOL           2014        M07                 227
JTS52000000JOL           2014        M08                 263
JTS52000000JOL           2014        M09                 205
JTS52000000JOL           2014        M10                 262
JTS52000000JOL           2014        M11                 230
JTS52000000JOL           2014        M12                 220
JTS52000000JOL           2015        M01                 243
JTS52000000JOL           2015        M02                 256
JTS52000000JOL           2015        M03                 197
JTS52000000JOL           2015        M04                 277
JTS52000000JOL           2015        M05                 249
JTS52000000JOL           2015        M06                 205
JTS52000000JOL           2015        M07                 256
JTS52000000JOL           2015        M08                 249
JTS52000000JOL           2015        M09                 259
JTS52000000JOL           2015        M10                 252
JTS52000000JOL           2015        M11                 302
JTS52000000JOL           2015        M12                 304
JTS52000000JOL           2016        M01                 275
JTS52000000JOL           2016        M02                 253
JTS52000000JOL           2016        M03                 246
JTS52000000JOL           2016        M04                 240
JTS52000000JOL           2016        M05                 238
JTS52000000JOL           2016        M06                 222
JTS52000000JOL           2016        M07                 234
JTS52000000JOL           2016        M08                 249
JTS52000000JOL           2016        M09                 260
JTS52000000JOL           2016        M10                 242
JTS52000000JOL           2016        M11                 263
JTS52000000JOL           2016        M12                 272
JTS52000000JOL           2017        M01                 248
JTS52000000JOL           2017        M02                 285
JTS52000000JOL           2017        M03                 260
JTS52000000JOL           2017        M04                 283
JTS52000000JOL           2017        M05                 266
JTS52000000JOL           2017        M06                 285
JTS52000000JOL           2017        M07                 279
JTS52000000JOL           2017        M08                 267
JTS52000000JOL           2017        M09                 307
JTS52000000JOL           2017        M10                 264
JTS52000000JOL           2017        M11                 270
JTS52000000JOL           2017        M12                 267        p
JTS52000000JOR           2000        M12                 4.2
JTS52000000JOR           2001        M01                 3.7
JTS52000000JOR           2001        M02                 4.1
JTS52000000JOR           2001        M03                 3.8
JTS52000000JOR           2001        M04                 3.3
JTS52000000JOR           2001        M05                 3.9
JTS52000000JOR           2001        M06                 4.6
JTS52000000JOR           2001        M07                 3.4
JTS52000000JOR           2001        M08                 3.1
JTS52000000JOR           2001        M09                 3.6
JTS52000000JOR           2001        M10                 3.0
JTS52000000JOR           2001        M11                 2.8
JTS52000000JOR           2001        M12                 3.0
JTS52000000JOR           2002        M01                 3.9
JTS52000000JOR           2002        M02                 2.3
JTS52000000JOR           2002        M03                 3.4
JTS52000000JOR           2002        M04                 2.8
JTS52000000JOR           2002        M05                 2.6
JTS52000000JOR           2002        M06                 3.1
JTS52000000JOR           2002        M07                 2.8
JTS52000000JOR           2002        M08                 2.9
JTS52000000JOR           2002        M09                 2.2
JTS52000000JOR           2002        M10                 3.0
JTS52000000JOR           2002        M11                 3.2
JTS52000000JOR           2002        M12                 2.6
JTS52000000JOR           2003        M01                 2.8
JTS52000000JOR           2003        M02                 2.2
JTS52000000JOR           2003        M03                 2.4
JTS52000000JOR           2003        M04                 3.0
JTS52000000JOR           2003        M05                 2.6
JTS52000000JOR           2003        M06                 2.5
JTS52000000JOR           2003        M07                 2.6
JTS52000000JOR           2003        M08                 3.2
JTS52000000JOR           2003        M09                 2.4
JTS52000000JOR           2003        M10                 2.7
JTS52000000JOR           2003        M11                 2.8
JTS52000000JOR           2003        M12                 2.7
JTS52000000JOR           2004        M01                 3.1
JTS52000000JOR           2004        M02                 3.3
JTS52000000JOR           2004        M03                 3.0
JTS52000000JOR           2004        M04                 3.1
JTS52000000JOR           2004        M05                 3.2
JTS52000000JOR           2004        M06                 2.9
JTS52000000JOR           2004        M07                 3.6
JTS52000000JOR           2004        M08                 3.3
JTS52000000JOR           2004        M09                 4.4
JTS52000000JOR           2004        M10                 3.6
JTS52000000JOR           2004        M11                 3.1
JTS52000000JOR           2004        M12                 3.8
JTS52000000JOR           2005        M01                 3.3
JTS52000000JOR           2005        M02                 3.4
JTS52000000JOR           2005        M03                 3.3
JTS52000000JOR           2005        M04                 3.5
JTS52000000JOR           2005        M05                 2.1
JTS52000000JOR           2005        M06                 4.0
JTS52000000JOR           2005        M07                 3.8
JTS52000000JOR           2005        M08                 3.9
JTS52000000JOR           2005        M09                 3.9
JTS52000000JOR           2005        M10                 4.4
JTS52000000JOR           2005        M11                 4.2
JTS52000000JOR           2005        M12                 4.6
JTS52000000JOR           2006        M01                 4.2
JTS52000000JOR           2006        M02                 4.9
JTS52000000JOR           2006        M03                 4.6
JTS52000000JOR           2006        M04                 4.8
JTS52000000JOR           2006        M05                 4.4
JTS52000000JOR           2006        M06                 4.0
JTS52000000JOR           2006        M07                 2.8
JTS52000000JOR           2006        M08                 3.7
JTS52000000JOR           2006        M09                 3.4
JTS52000000JOR           2006        M10                 3.7
JTS52000000JOR           2006        M11                 3.9
JTS52000000JOR           2006        M12                 3.4
JTS52000000JOR           2007        M01                 2.7
JTS52000000JOR           2007        M02                 3.2
JTS52000000JOR           2007        M03                 4.2
JTS52000000JOR           2007        M04                 2.2
JTS52000000JOR           2007        M05                 3.6
JTS52000000JOR           2007        M06                 3.4
JTS52000000JOR           2007        M07                 3.6
JTS52000000JOR           2007        M08                 3.8
JTS52000000JOR           2007        M09                 3.8
JTS52000000JOR           2007        M10                 3.2
JTS52000000JOR           2007        M11                 3.0
JTS52000000JOR           2007        M12                 3.2
JTS52000000JOR           2008        M01                 3.1
JTS52000000JOR           2008        M02                 2.9
JTS52000000JOR           2008        M03                 2.9
JTS52000000JOR           2008        M04                 2.3
JTS52000000JOR           2008        M05                 2.2
JTS52000000JOR           2008        M06                 2.5
JTS52000000JOR           2008        M07                 2.4
JTS52000000JOR           2008        M08                 3.0
JTS52000000JOR           2008        M09                 2.2
JTS52000000JOR           2008        M10                 2.1
JTS52000000JOR           2008        M11                 2.4
JTS52000000JOR           2008        M12                 2.7
JTS52000000JOR           2009        M01                 2.5
JTS52000000JOR           2009        M02                 2.6
JTS52000000JOR           2009        M03                 2.3
JTS52000000JOR           2009        M04                 1.6
JTS52000000JOR           2009        M05                 2.3
JTS52000000JOR           2009        M06                 2.0
JTS52000000JOR           2009        M07                 1.7
JTS52000000JOR           2009        M08                 1.7
JTS52000000JOR           2009        M09                 1.9
JTS52000000JOR           2009        M10                 1.7
JTS52000000JOR           2009        M11                 2.2
JTS52000000JOR           2009        M12                 1.8
JTS52000000JOR           2010        M01                 2.3
JTS52000000JOR           2010        M02                 2.0
JTS52000000JOR           2010        M03                 2.4
JTS52000000JOR           2010        M04                 3.1
JTS52000000JOR           2010        M05                 3.0
JTS52000000JOR           2010        M06                 2.8
JTS52000000JOR           2010        M07                 3.3
JTS52000000JOR           2010        M08                 3.4
JTS52000000JOR           2010        M09                 3.4
JTS52000000JOR           2010        M10                 3.4
JTS52000000JOR           2010        M11                 3.7
JTS52000000JOR           2010        M12                 3.0
JTS52000000JOR           2011        M01                 3.1
JTS52000000JOR           2011        M02                 3.0
JTS52000000JOR           2011        M03                 2.8
JTS52000000JOR           2011        M04                 2.9
JTS52000000JOR           2011        M05                 2.6
JTS52000000JOR           2011        M06                 3.0
JTS52000000JOR           2011        M07                 2.8
JTS52000000JOR           2011        M08                 2.3
JTS52000000JOR           2011        M09                 2.3
JTS52000000JOR           2011        M10                 2.8
JTS52000000JOR           2011        M11                 2.1
JTS52000000JOR           2011        M12                 2.9
JTS52000000JOR           2012        M01                 2.6
JTS52000000JOR           2012        M02                 2.6
JTS52000000JOR           2012        M03                 3.1
JTS52000000JOR           2012        M04                 2.9
JTS52000000JOR           2012        M05                 2.8
JTS52000000JOR           2012        M06                 2.9
JTS52000000JOR           2012        M07                 3.0
JTS52000000JOR           2012        M08                 3.4
JTS52000000JOR           2012        M09                 3.5
JTS52000000JOR           2012        M10                 3.3
JTS52000000JOR           2012        M11                 3.1
JTS52000000JOR           2012        M12                 3.2
JTS52000000JOR           2013        M01                 2.6
JTS52000000JOR           2013        M02                 4.9
JTS52000000JOR           2013        M03                 3.8
JTS52000000JOR           2013        M04                 3.7
JTS52000000JOR           2013        M05                 3.8
JTS52000000JOR           2013        M06                 3.9
JTS52000000JOR           2013        M07                 4.3
JTS52000000JOR           2013        M08                 3.4
JTS52000000JOR           2013        M09                 3.4
JTS52000000JOR           2013        M10                 3.4
JTS52000000JOR           2013        M11                 3.0
JTS52000000JOR           2013        M12                 3.1
JTS52000000JOR           2014        M01                 3.0
JTS52000000JOR           2014        M02                 3.1
JTS52000000JOR           2014        M03                 3.4
JTS52000000JOR           2014        M04                 3.5
JTS52000000JOR           2014        M05                 3.7
JTS52000000JOR           2014        M06                 4.0
JTS52000000JOR           2014        M07                 3.7
JTS52000000JOR           2014        M08                 4.2
JTS52000000JOR           2014        M09                 3.3
JTS52000000JOR           2014        M10                 4.2
JTS52000000JOR           2014        M11                 3.7
JTS52000000JOR           2014        M12                 3.5
JTS52000000JOR           2015        M01                 3.9
JTS52000000JOR           2015        M02                 4.1
JTS52000000JOR           2015        M03                 3.2
JTS52000000JOR           2015        M04                 4.4
JTS52000000JOR           2015        M05                 4.0
JTS52000000JOR           2015        M06                 3.3
JTS52000000JOR           2015        M07                 4.1
JTS52000000JOR           2015        M08                 4.0
JTS52000000JOR           2015        M09                 4.1
JTS52000000JOR           2015        M10                 4.0
JTS52000000JOR           2015        M11                 4.7
JTS52000000JOR           2015        M12                 4.8
JTS52000000JOR           2016        M01                 4.3
JTS52000000JOR           2016        M02                 4.0
JTS52000000JOR           2016        M03                 3.9
JTS52000000JOR           2016        M04                 3.8
JTS52000000JOR           2016        M05                 3.7
JTS52000000JOR           2016        M06                 3.5
JTS52000000JOR           2016        M07                 3.7
JTS52000000JOR           2016        M08                 3.9
JTS52000000JOR           2016        M09                 4.1
JTS52000000JOR           2016        M10                 3.8
JTS52000000JOR           2016        M11                 4.1
JTS52000000JOR           2016        M12                 4.2
JTS52000000JOR           2017        M01                 3.8
JTS52000000JOR           2017        M02                 4.4
JTS52000000JOR           2017        M03                 4.0
JTS52000000JOR           2017        M04                 4.3
JTS52000000JOR           2017        M05                 4.1
JTS52000000JOR           2017        M06                 4.4
JTS52000000JOR           2017        M07                 4.3
JTS52000000JOR           2017        M08                 4.1
JTS52000000JOR           2017        M09                 4.7
JTS52000000JOR           2017        M10                 4.0
JTS52000000JOR           2017        M11                 4.1
JTS52000000JOR           2017        M12                 4.1        p
JTS53000000JOL           2000        M12                  62
JTS53000000JOL           2001        M01                  32
JTS53000000JOL           2001        M02                  31
JTS53000000JOL           2001        M03                  81
JTS53000000JOL           2001        M04                  61
JTS53000000JOL           2001        M05                  63
JTS53000000JOL           2001        M06                  39
JTS53000000JOL           2001        M07                  66
JTS53000000JOL           2001        M08                  79
JTS53000000JOL           2001        M09                  56
JTS53000000JOL           2001        M10                  54
JTS53000000JOL           2001        M11                  41
JTS53000000JOL           2001        M12                  34
JTS53000000JOL           2002        M01                  66
JTS53000000JOL           2002        M02                  26
JTS53000000JOL           2002        M03                  28
JTS53000000JOL           2002        M04                  58
JTS53000000JOL           2002        M05                  45
JTS53000000JOL           2002        M06                  56
JTS53000000JOL           2002        M07                  45
JTS53000000JOL           2002        M08                  39
JTS53000000JOL           2002        M09                  28
JTS53000000JOL           2002        M10                  57
JTS53000000JOL           2002        M11                  27
JTS53000000JOL           2002        M12                  36
JTS53000000JOL           2003        M01                  51
JTS53000000JOL           2003        M02                  50
JTS53000000JOL           2003        M03                  55
JTS53000000JOL           2003        M04                  76
JTS53000000JOL           2003        M05                  36
JTS53000000JOL           2003        M06                  45
JTS53000000JOL           2003        M07                  84
JTS53000000JOL           2003        M08                  50
JTS53000000JOL           2003        M09                  41
JTS53000000JOL           2003        M10                  42
JTS53000000JOL           2003        M11                  42
JTS53000000JOL           2003        M12                  35
JTS53000000JOL           2004        M01                  50
JTS53000000JOL           2004        M02                  41
JTS53000000JOL           2004        M03                  33
JTS53000000JOL           2004        M04                  46
JTS53000000JOL           2004        M05                  36
JTS53000000JOL           2004        M06                  29
JTS53000000JOL           2004        M07                  44
JTS53000000JOL           2004        M08                  53
JTS53000000JOL           2004        M09                  55
JTS53000000JOL           2004        M10                  47
JTS53000000JOL           2004        M11                  39
JTS53000000JOL           2004        M12                  46
JTS53000000JOL           2005        M01                  49
JTS53000000JOL           2005        M02                  60
JTS53000000JOL           2005        M03                  26
JTS53000000JOL           2005        M04                  87
JTS53000000JOL           2005        M05                  60
JTS53000000JOL           2005        M06                  52
JTS53000000JOL           2005        M07                  63
JTS53000000JOL           2005        M08                  46
JTS53000000JOL           2005        M09                  78
JTS53000000JOL           2005        M10                  52
JTS53000000JOL           2005        M11                  50
JTS53000000JOL           2005        M12                  79
JTS53000000JOL           2006        M01                 134
JTS53000000JOL           2006        M02                  44
JTS53000000JOL           2006        M03                  70
JTS53000000JOL           2006        M04                  70
JTS53000000JOL           2006        M05                  55
JTS53000000JOL           2006        M06                  82
JTS53000000JOL           2006        M07                  68
JTS53000000JOL           2006        M08                  63
JTS53000000JOL           2006        M09                  50
JTS53000000JOL           2006        M10                  62
JTS53000000JOL           2006        M11                  51
JTS53000000JOL           2006        M12                  73
JTS53000000JOL           2007        M01                  44
JTS53000000JOL           2007        M02                  51
JTS53000000JOL           2007        M03                  66
JTS53000000JOL           2007        M04                 104
JTS53000000JOL           2007        M05                  50
JTS53000000JOL           2007        M06                  61
JTS53000000JOL           2007        M07                  70
JTS53000000JOL           2007        M08                  68
JTS53000000JOL           2007        M09                  41
JTS53000000JOL           2007        M10                  82
JTS53000000JOL           2007        M11                  46
JTS53000000JOL           2007        M12                  73
JTS53000000JOL           2008        M01                 129
JTS53000000JOL           2008        M02                  44
JTS53000000JOL           2008        M03                  79
JTS53000000JOL           2008        M04                  84
JTS53000000JOL           2008        M05                  69
JTS53000000JOL           2008        M06                  38
JTS53000000JOL           2008        M07                  68
JTS53000000JOL           2008        M08                  30
JTS53000000JOL           2008        M09                  58
JTS53000000JOL           2008        M10                  41
JTS53000000JOL           2008        M11                  53
JTS53000000JOL           2008        M12                  38
JTS53000000JOL           2009        M01                  36
JTS53000000JOL           2009        M02                  43
JTS53000000JOL           2009        M03                  47
JTS53000000JOL           2009        M04                  35
JTS53000000JOL           2009        M05                  32
JTS53000000JOL           2009        M06                  31
JTS53000000JOL           2009        M07                  34
JTS53000000JOL           2009        M08                  29
JTS53000000JOL           2009        M09                  57
JTS53000000JOL           2009        M10                  63
JTS53000000JOL           2009        M11                  32
JTS53000000JOL           2009        M12                  28
JTS53000000JOL           2010        M01                  34
JTS53000000JOL           2010        M02                  30
JTS53000000JOL           2010        M03                  17
JTS53000000JOL           2010        M04                  39
JTS53000000JOL           2010        M05                  35
JTS53000000JOL           2010        M06                  38
JTS53000000JOL           2010        M07                  28
JTS53000000JOL           2010        M08                  43
JTS53000000JOL           2010        M09                  25
JTS53000000JOL           2010        M10                  41
JTS53000000JOL           2010        M11                  33
JTS53000000JOL           2010        M12                  23
JTS53000000JOL           2011        M01                  35
JTS53000000JOL           2011        M02                  32
JTS53000000JOL           2011        M03                  31
JTS53000000JOL           2011        M04                  73
JTS53000000JOL           2011        M05                  39
JTS53000000JOL           2011        M06                  38
JTS53000000JOL           2011        M07                  63
JTS53000000JOL           2011        M08                  45
JTS53000000JOL           2011        M09                  34
JTS53000000JOL           2011        M10                  67
JTS53000000JOL           2011        M11                  36
JTS53000000JOL           2011        M12                  20
JTS53000000JOL           2012        M01                  87
JTS53000000JOL           2012        M02                  44
JTS53000000JOL           2012        M03                  47
JTS53000000JOL           2012        M04                  38
JTS53000000JOL           2012        M05                  71
JTS53000000JOL           2012        M06                  52
JTS53000000JOL           2012        M07                  71
JTS53000000JOL           2012        M08                  56
JTS53000000JOL           2012        M09                  67
JTS53000000JOL           2012        M10                  68
JTS53000000JOL           2012        M11                  47
JTS53000000JOL           2012        M12                  65
JTS53000000JOL           2013        M01                  81
JTS53000000JOL           2013        M02                  59
JTS53000000JOL           2013        M03                  45
JTS53000000JOL           2013        M04                  62
JTS53000000JOL           2013        M05                  81
JTS53000000JOL           2013        M06                  68
JTS53000000JOL           2013        M07                  51
JTS53000000JOL           2013        M08                  63
JTS53000000JOL           2013        M09                  36
JTS53000000JOL           2013        M10                  40
JTS53000000JOL           2013        M11                  37
JTS53000000JOL           2013        M12                  48
JTS53000000JOL           2014        M01                  47
JTS53000000JOL           2014        M02                  48
JTS53000000JOL           2014        M03                  37
JTS53000000JOL           2014        M04                  50
JTS53000000JOL           2014        M05                  62
JTS53000000JOL           2014        M06                  68
JTS53000000JOL           2014        M07                  68
JTS53000000JOL           2014        M08                  63
JTS53000000JOL           2014        M09                  52
JTS53000000JOL           2014        M10                  67
JTS53000000JOL           2014        M11                  43
JTS53000000JOL           2014        M12                  46
JTS53000000JOL           2015        M01                  61
JTS53000000JOL           2015        M02                  91
JTS53000000JOL           2015        M03                  69
JTS53000000JOL           2015        M04                 102
JTS53000000JOL           2015        M05                  64
JTS53000000JOL           2015        M06                  68
JTS53000000JOL           2015        M07                 125
JTS53000000JOL           2015        M08                  86
JTS53000000JOL           2015        M09                  41
JTS53000000JOL           2015        M10                  69
JTS53000000JOL           2015        M11                  48
JTS53000000JOL           2015        M12                  78
JTS53000000JOL           2016        M01                  65
JTS53000000JOL           2016        M02                  90
JTS53000000JOL           2016        M03                  67
JTS53000000JOL           2016        M04                  96
JTS53000000JOL           2016        M05                  56
JTS53000000JOL           2016        M06                  83
JTS53000000JOL           2016        M07                  88
JTS53000000JOL           2016        M08                  82
JTS53000000JOL           2016        M09                  79
JTS53000000JOL           2016        M10                  75
JTS53000000JOL           2016        M11                  61
JTS53000000JOL           2016        M12                  85
JTS53000000JOL           2017        M01                 140
JTS53000000JOL           2017        M02                  75
JTS53000000JOL           2017        M03                  68
JTS53000000JOL           2017        M04                 105
JTS53000000JOL           2017        M05                  83
JTS53000000JOL           2017        M06                  68
JTS53000000JOL           2017        M07                  83
JTS53000000JOL           2017        M08                  74
JTS53000000JOL           2017        M09                  77
JTS53000000JOL           2017        M10                 116
JTS53000000JOL           2017        M11                  75
JTS53000000JOL           2017        M12                  81        p
JTS53000000JOR           2000        M12                 2.9
JTS53000000JOR           2001        M01                 1.5
JTS53000000JOR           2001        M02                 1.5
JTS53000000JOR           2001        M03                 3.8
JTS53000000JOR           2001        M04                 2.9
JTS53000000JOR           2001        M05                 3.0
JTS53000000JOR           2001        M06                 1.9
JTS53000000JOR           2001        M07                 3.1
JTS53000000JOR           2001        M08                 3.7
JTS53000000JOR           2001        M09                 2.7
JTS53000000JOR           2001        M10                 2.6
JTS53000000JOR           2001        M11                 2.0
JTS53000000JOR           2001        M12                 1.6
JTS53000000JOR           2002        M01                 3.2
JTS53000000JOR           2002        M02                 1.3
JTS53000000JOR           2002        M03                 1.4
JTS53000000JOR           2002        M04                 2.8
JTS53000000JOR           2002        M05                 2.2
JTS53000000JOR           2002        M06                 2.7
JTS53000000JOR           2002        M07                 2.2
JTS53000000JOR           2002        M08                 1.9
JTS53000000JOR           2002        M09                 1.3
JTS53000000JOR           2002        M10                 2.7
JTS53000000JOR           2002        M11                 1.3
JTS53000000JOR           2002        M12                 1.7
JTS53000000JOR           2003        M01                 2.4
JTS53000000JOR           2003        M02                 2.4
JTS53000000JOR           2003        M03                 2.6
JTS53000000JOR           2003        M04                 3.6
JTS53000000JOR           2003        M05                 1.7
JTS53000000JOR           2003        M06                 2.2
JTS53000000JOR           2003        M07                 3.9
JTS53000000JOR           2003        M08                 2.4
JTS53000000JOR           2003        M09                 1.9
JTS53000000JOR           2003        M10                 2.0
JTS53000000JOR           2003        M11                 2.0
JTS53000000JOR           2003        M12                 1.7
JTS53000000JOR           2004        M01                 2.4
JTS53000000JOR           2004        M02                 1.9
JTS53000000JOR           2004        M03                 1.6
JTS53000000JOR           2004        M04                 2.2
JTS53000000JOR           2004        M05                 1.7
JTS53000000JOR           2004        M06                 1.4
JTS53000000JOR           2004        M07                 2.1
JTS53000000JOR           2004        M08                 2.5
JTS53000000JOR           2004        M09                 2.6
JTS53000000JOR           2004        M10                 2.2
JTS53000000JOR           2004        M11                 1.8
JTS53000000JOR           2004        M12                 2.1
JTS53000000JOR           2005        M01                 2.3
JTS53000000JOR           2005        M02                 2.7
JTS53000000JOR           2005        M03                 1.2
JTS53000000JOR           2005        M04                 3.9
JTS53000000JOR           2005        M05                 2.8
JTS53000000JOR           2005        M06                 2.4
JTS53000000JOR           2005        M07                 2.8
JTS53000000JOR           2005        M08                 2.1
JTS53000000JOR           2005        M09                 3.5
JTS53000000JOR           2005        M10                 2.4
JTS53000000JOR           2005        M11                 2.3
JTS53000000JOR           2005        M12                 3.5
JTS53000000JOR           2006        M01                 5.8
JTS53000000JOR           2006        M02                 2.0
JTS53000000JOR           2006        M03                 3.1
JTS53000000JOR           2006        M04                 3.1
JTS53000000JOR           2006        M05                 2.5
JTS53000000JOR           2006        M06                 3.6
JTS53000000JOR           2006        M07                 3.1
JTS53000000JOR           2006        M08                 2.8
JTS53000000JOR           2006        M09                 2.3
JTS53000000JOR           2006        M10                 2.8
JTS53000000JOR           2006        M11                 2.3
JTS53000000JOR           2006        M12                 3.3
JTS53000000JOR           2007        M01                 2.0
JTS53000000JOR           2007        M02                 2.3
JTS53000000JOR           2007        M03                 2.9
JTS53000000JOR           2007        M04                 4.5
JTS53000000JOR           2007        M05                 2.2
JTS53000000JOR           2007        M06                 2.7
JTS53000000JOR           2007        M07                 3.1
JTS53000000JOR           2007        M08                 3.0
JTS53000000JOR           2007        M09                 1.9
JTS53000000JOR           2007        M10                 3.6
JTS53000000JOR           2007        M11                 2.1
JTS53000000JOR           2007        M12                 3.3
JTS53000000JOR           2008        M01                 5.7
JTS53000000JOR           2008        M02                 2.0
JTS53000000JOR           2008        M03                 3.6
JTS53000000JOR           2008        M04                 3.8
JTS53000000JOR           2008        M05                 3.1
JTS53000000JOR           2008        M06                 1.7
JTS53000000JOR           2008        M07                 3.1
JTS53000000JOR           2008        M08                 1.4
JTS53000000JOR           2008        M09                 2.6
JTS53000000JOR           2008        M10                 1.9
JTS53000000JOR           2008        M11                 2.5
JTS53000000JOR           2008        M12                 1.8
JTS53000000JOR           2009        M01                 1.7
JTS53000000JOR           2009        M02                 2.1
JTS53000000JOR           2009        M03                 2.3
JTS53000000JOR           2009        M04                 1.7
JTS53000000JOR           2009        M05                 1.6
JTS53000000JOR           2009        M06                 1.6
JTS53000000JOR           2009        M07                 1.7
JTS53000000JOR           2009        M08                 1.4
JTS53000000JOR           2009        M09                 2.8
JTS53000000JOR           2009        M10                 3.1
JTS53000000JOR           2009        M11                 1.6
JTS53000000JOR           2009        M12                 1.4
JTS53000000JOR           2010        M01                 1.7
JTS53000000JOR           2010        M02                 1.5
JTS53000000JOR           2010        M03                 0.9
JTS53000000JOR           2010        M04                 2.0
JTS53000000JOR           2010        M05                 1.8
JTS53000000JOR           2010        M06                 1.9
JTS53000000JOR           2010        M07                 1.4
JTS53000000JOR           2010        M08                 2.2
JTS53000000JOR           2010        M09                 1.3
JTS53000000JOR           2010        M10                 2.1
JTS53000000JOR           2010        M11                 1.7
JTS53000000JOR           2010        M12                 1.2
JTS53000000JOR           2011        M01                 1.8
JTS53000000JOR           2011        M02                 1.6
JTS53000000JOR           2011        M03                 1.6
JTS53000000JOR           2011        M04                 3.7
JTS53000000JOR           2011        M05                 2.0
JTS53000000JOR           2011        M06                 1.9
JTS53000000JOR           2011        M07                 3.2
JTS53000000JOR           2011        M08                 2.3
JTS53000000JOR           2011        M09                 1.7
JTS53000000JOR           2011        M10                 3.3
JTS53000000JOR           2011        M11                 1.8
JTS53000000JOR           2011        M12                 1.0
JTS53000000JOR           2012        M01                 4.3
JTS53000000JOR           2012        M02                 2.2
JTS53000000JOR           2012        M03                 2.4
JTS53000000JOR           2012        M04                 1.9
JTS53000000JOR           2012        M05                 3.5
JTS53000000JOR           2012        M06                 2.6
JTS53000000JOR           2012        M07                 3.5
JTS53000000JOR           2012        M08                 2.8
JTS53000000JOR           2012        M09                 3.3
JTS53000000JOR           2012        M10                 3.4
JTS53000000JOR           2012        M11                 2.4
JTS53000000JOR           2012        M12                 3.2
JTS53000000JOR           2013        M01                 4.0
JTS53000000JOR           2013        M02                 2.9
JTS53000000JOR           2013        M03                 2.2
JTS53000000JOR           2013        M04                 3.0
JTS53000000JOR           2013        M05                 3.9
JTS53000000JOR           2013        M06                 3.3
JTS53000000JOR           2013        M07                 2.5
JTS53000000JOR           2013        M08                 3.0
JTS53000000JOR           2013        M09                 1.7
JTS53000000JOR           2013        M10                 2.0
JTS53000000JOR           2013        M11                 1.8
JTS53000000JOR           2013        M12                 2.3
JTS53000000JOR           2014        M01                 2.3
JTS53000000JOR           2014        M02                 2.3
JTS53000000JOR           2014        M03                 1.8
JTS53000000JOR           2014        M04                 2.4
JTS53000000JOR           2014        M05                 2.9
JTS53000000JOR           2014        M06                 3.2
JTS53000000JOR           2014        M07                 3.2
JTS53000000JOR           2014        M08                 3.0
JTS53000000JOR           2014        M09                 2.5
JTS53000000JOR           2014        M10                 3.2
JTS53000000JOR           2014        M11                 2.0
JTS53000000JOR           2014        M12                 2.2
JTS53000000JOR           2015        M01                 2.9
JTS53000000JOR           2015        M02                 4.2
JTS53000000JOR           2015        M03                 3.2
JTS53000000JOR           2015        M04                 4.7
JTS53000000JOR           2015        M05                 3.0
JTS53000000JOR           2015        M06                 3.2
JTS53000000JOR           2015        M07                 5.6
JTS53000000JOR           2015        M08                 4.0
JTS53000000JOR           2015        M09                 1.9
JTS53000000JOR           2015        M10                 3.2
JTS53000000JOR           2015        M11                 2.2
JTS53000000JOR           2015        M12                 3.6
JTS53000000JOR           2016        M01                 3.0
JTS53000000JOR           2016        M02                 4.1
JTS53000000JOR           2016        M03                 3.1
JTS53000000JOR           2016        M04                 4.3
JTS53000000JOR           2016        M05                 2.5
JTS53000000JOR           2016        M06                 3.7
JTS53000000JOR           2016        M07                 3.9
JTS53000000JOR           2016        M08                 3.7
JTS53000000JOR           2016        M09                 3.5
JTS53000000JOR           2016        M10                 3.4
JTS53000000JOR           2016        M11                 2.7
JTS53000000JOR           2016        M12                 3.8
JTS53000000JOR           2017        M01                 6.0
JTS53000000JOR           2017        M02                 3.3
JTS53000000JOR           2017        M03                 3.0
JTS53000000JOR           2017        M04                 4.6
JTS53000000JOR           2017        M05                 3.7
JTS53000000JOR           2017        M06                 3.0
JTS53000000JOR           2017        M07                 3.6
JTS53000000JOR           2017        M08                 3.3
JTS53000000JOR           2017        M09                 3.4
JTS53000000JOR           2017        M10                 5.0
JTS53000000JOR           2017        M11                 3.3
JTS53000000JOR           2017        M12                 3.5        p
JTS54009900JOL           2000        M12                 846
JTS54009900JOL           2001        M01                 778
JTS54009900JOL           2001        M02                 790
JTS54009900JOL           2001        M03                 796
JTS54009900JOL           2001        M04                 908
JTS54009900JOL           2001        M05                 759
JTS54009900JOL           2001        M06                 708
JTS54009900JOL           2001        M07                 657
JTS54009900JOL           2001        M08                 575
JTS54009900JOL           2001        M09                 645
JTS54009900JOL           2001        M10                 541
JTS54009900JOL           2001        M11                 543
JTS54009900JOL           2001        M12                 533
JTS54009900JOL           2002        M01                 599
JTS54009900JOL           2002        M02                 507
JTS54009900JOL           2002        M03                 561
JTS54009900JOL           2002        M04                 535
JTS54009900JOL           2002        M05                 667
JTS54009900JOL           2002        M06                 509
JTS54009900JOL           2002        M07                 538
JTS54009900JOL           2002        M08                 600
JTS54009900JOL           2002        M09                 584
JTS54009900JOL           2002        M10                 676
JTS54009900JOL           2002        M11                 647
JTS54009900JOL           2002        M12                 569
JTS54009900JOL           2003        M01                 975
JTS54009900JOL           2003        M02                 788
JTS54009900JOL           2003        M03                 653
JTS54009900JOL           2003        M04                 576
JTS54009900JOL           2003        M05                 636
JTS54009900JOL           2003        M06                 694
JTS54009900JOL           2003        M07                 708
JTS54009900JOL           2003        M08                 763
JTS54009900JOL           2003        M09                 652
JTS54009900JOL           2003        M10                 563
JTS54009900JOL           2003        M11                 672
JTS54009900JOL           2003        M12                 649
JTS54009900JOL           2004        M01                 611
JTS54009900JOL           2004        M02                 710
JTS54009900JOL           2004        M03                 564
JTS54009900JOL           2004        M04                 695
JTS54009900JOL           2004        M05                 690
JTS54009900JOL           2004        M06                 678
JTS54009900JOL           2004        M07                 775
JTS54009900JOL           2004        M08                 697
JTS54009900JOL           2004        M09                 711
JTS54009900JOL           2004        M10                 693
JTS54009900JOL           2004        M11                 600
JTS54009900JOL           2004        M12                 733
JTS54009900JOL           2005        M01                 653
JTS54009900JOL           2005        M02                 741
JTS54009900JOL           2005        M03                 756
JTS54009900JOL           2005        M04                 815
JTS54009900JOL           2005        M05                 790
JTS54009900JOL           2005        M06                 829
JTS54009900JOL           2005        M07                 835
JTS54009900JOL           2005        M08                 817
JTS54009900JOL           2005        M09                 827
JTS54009900JOL           2005        M10                 884
JTS54009900JOL           2005        M11                 867
JTS54009900JOL           2005        M12                 824
JTS54009900JOL           2006        M01                 892
JTS54009900JOL           2006        M02                 763
JTS54009900JOL           2006        M03                 756
JTS54009900JOL           2006        M04                 708
JTS54009900JOL           2006        M05                 763
JTS54009900JOL           2006        M06                 705
JTS54009900JOL           2006        M07                 605
JTS54009900JOL           2006        M08                 743
JTS54009900JOL           2006        M09                 689
JTS54009900JOL           2006        M10                 705
JTS54009900JOL           2006        M11                 750
JTS54009900JOL           2006        M12                 692
JTS54009900JOL           2007        M01                 798
JTS54009900JOL           2007        M02                 719
JTS54009900JOL           2007        M03                 805
JTS54009900JOL           2007        M04                 870
JTS54009900JOL           2007        M05                 758
JTS54009900JOL           2007        M06                 772
JTS54009900JOL           2007        M07                 692
JTS54009900JOL           2007        M08                 745
JTS54009900JOL           2007        M09                 757
JTS54009900JOL           2007        M10                 767
JTS54009900JOL           2007        M11                 742
JTS54009900JOL           2007        M12                 778
JTS54009900JOL           2008        M01                 755
JTS54009900JOL           2008        M02                 754
JTS54009900JOL           2008        M03                 762
JTS54009900JOL           2008        M04                 763
JTS54009900JOL           2008        M05                 633
JTS54009900JOL           2008        M06                 739
JTS54009900JOL           2008        M07                 662
JTS54009900JOL           2008        M08                 642
JTS54009900JOL           2008        M09                 629
JTS54009900JOL           2008        M10                 580
JTS54009900JOL           2008        M11                 533
JTS54009900JOL           2008        M12                 564
JTS54009900JOL           2009        M01                 553
JTS54009900JOL           2009        M02                 533
JTS54009900JOL           2009        M03                 425
JTS54009900JOL           2009        M04                 415
JTS54009900JOL           2009        M05                 408
JTS54009900JOL           2009        M06                 405
JTS54009900JOL           2009        M07                 439
JTS54009900JOL           2009        M08                 346
JTS54009900JOL           2009        M09                 441
JTS54009900JOL           2009        M10                 376
JTS54009900JOL           2009        M11                 425
JTS54009900JOL           2009        M12                 436
JTS54009900JOL           2010        M01                 399
JTS54009900JOL           2010        M02                 395
JTS54009900JOL           2010        M03                 429
JTS54009900JOL           2010        M04                 505
JTS54009900JOL           2010        M05                 587
JTS54009900JOL           2010        M06                 487
JTS54009900JOL           2010        M07                 556
JTS54009900JOL           2010        M08                 615
JTS54009900JOL           2010        M09                 574
JTS54009900JOL           2010        M10                 609
JTS54009900JOL           2010        M11                 659
JTS54009900JOL           2010        M12                 597
JTS54009900JOL           2011        M01                 474
JTS54009900JOL           2011        M02                 598
JTS54009900JOL           2011        M03                 603
JTS54009900JOL           2011        M04                 578
JTS54009900JOL           2011        M05                 592
JTS54009900JOL           2011        M06                 624
JTS54009900JOL           2011        M07                 770
JTS54009900JOL           2011        M08                 598
JTS54009900JOL           2011        M09                 743
JTS54009900JOL           2011        M10                 617
JTS54009900JOL           2011        M11                 541
JTS54009900JOL           2011        M12                 776
JTS54009900JOL           2012        M01                 809
JTS54009900JOL           2012        M02                 639
JTS54009900JOL           2012        M03                 815
JTS54009900JOL           2012        M04                 617
JTS54009900JOL           2012        M05                 694
JTS54009900JOL           2012        M06                 733
JTS54009900JOL           2012        M07                 698
JTS54009900JOL           2012        M08                 754
JTS54009900JOL           2012        M09                 614
JTS54009900JOL           2012        M10                 656
JTS54009900JOL           2012        M11                 602
JTS54009900JOL           2012        M12                 623
JTS54009900JOL           2013        M01                 710
JTS54009900JOL           2013        M02                 754
JTS54009900JOL           2013        M03                 697
JTS54009900JOL           2013        M04                 680
JTS54009900JOL           2013        M05                 634
JTS54009900JOL           2013        M06                 628
JTS54009900JOL           2013        M07                 595
JTS54009900JOL           2013        M08                 695
JTS54009900JOL           2013        M09                 703
JTS54009900JOL           2013        M10                 799
JTS54009900JOL           2013        M11                 700
JTS54009900JOL           2013        M12                 710
JTS54009900JOL           2014        M01                 658
JTS54009900JOL           2014        M02                 813
JTS54009900JOL           2014        M03                 713
JTS54009900JOL           2014        M04                 822
JTS54009900JOL           2014        M05                 817
JTS54009900JOL           2014        M06                 840
JTS54009900JOL           2014        M07                 855
JTS54009900JOL           2014        M08                 954
JTS54009900JOL           2014        M09                 859
JTS54009900JOL           2014        M10                 940
JTS54009900JOL           2014        M11                1037
JTS54009900JOL           2014        M12                1016
JTS54009900JOL           2015        M01                 936
JTS54009900JOL           2015        M02                 929
JTS54009900JOL           2015        M03                1025
JTS54009900JOL           2015        M04                1136
JTS54009900JOL           2015        M05                1109
JTS54009900JOL           2015        M06                1162
JTS54009900JOL           2015        M07                1147
JTS54009900JOL           2015        M08                1087
JTS54009900JOL           2015        M09                1143
JTS54009900JOL           2015        M10                1130
JTS54009900JOL           2015        M11                1177
JTS54009900JOL           2015        M12                1108
JTS54009900JOL           2016        M01                1136
JTS54009900JOL           2016        M02                1107
JTS54009900JOL           2016        M03                1287
JTS54009900JOL           2016        M04                 986
JTS54009900JOL           2016        M05                1203
JTS54009900JOL           2016        M06                1041
JTS54009900JOL           2016        M07                1265
JTS54009900JOL           2016        M08                1036
JTS54009900JOL           2016        M09                1125
JTS54009900JOL           2016        M10                1083
JTS54009900JOL           2016        M11                1047
JTS54009900JOL           2016        M12                 989
JTS54009900JOL           2017        M01                1056
JTS54009900JOL           2017        M02                 976
JTS54009900JOL           2017        M03                1152
JTS54009900JOL           2017        M04                1093
JTS54009900JOL           2017        M05                1029
JTS54009900JOL           2017        M06                1171
JTS54009900JOL           2017        M07                1088
JTS54009900JOL           2017        M08                1037
JTS54009900JOL           2017        M09                1171
JTS54009900JOL           2017        M10                1110
JTS54009900JOL           2017        M11                1075
JTS54009900JOL           2017        M12                 956        p
JTS54009900JOR           2000        M12                 4.8
JTS54009900JOR           2001        M01                 4.4
JTS54009900JOR           2001        M02                 4.5
JTS54009900JOR           2001        M03                 4.5
JTS54009900JOR           2001        M04                 5.2
JTS54009900JOR           2001        M05                 4.4
JTS54009900JOR           2001        M06                 4.1
JTS54009900JOR           2001        M07                 3.8
JTS54009900JOR           2001        M08                 3.4
JTS54009900JOR           2001        M09                 3.8
JTS54009900JOR           2001        M10                 3.2
JTS54009900JOR           2001        M11                 3.3
JTS54009900JOR           2001        M12                 3.2
JTS54009900JOR           2002        M01                 3.6
JTS54009900JOR           2002        M02                 3.1
JTS54009900JOR           2002        M03                 3.4
JTS54009900JOR           2002        M04                 3.2
JTS54009900JOR           2002        M05                 4.0
JTS54009900JOR           2002        M06                 3.1
JTS54009900JOR           2002        M07                 3.3
JTS54009900JOR           2002        M08                 3.6
JTS54009900JOR           2002        M09                 3.5
JTS54009900JOR           2002        M10                 4.1
JTS54009900JOR           2002        M11                 3.9
JTS54009900JOR           2002        M12                 3.5
JTS54009900JOR           2003        M01                 5.8
JTS54009900JOR           2003        M02                 4.7
JTS54009900JOR           2003        M03                 4.0
JTS54009900JOR           2003        M04                 3.5
JTS54009900JOR           2003        M05                 3.8
JTS54009900JOR           2003        M06                 4.2
JTS54009900JOR           2003        M07                 4.2
JTS54009900JOR           2003        M08                 4.6
JTS54009900JOR           2003        M09                 3.9
JTS54009900JOR           2003        M10                 3.4
JTS54009900JOR           2003        M11                 4.0
JTS54009900JOR           2003        M12                 3.9
JTS54009900JOR           2004        M01                 3.6
JTS54009900JOR           2004        M02                 4.2
JTS54009900JOR           2004        M03                 3.4
JTS54009900JOR           2004        M04                 4.1
JTS54009900JOR           2004        M05                 4.0
JTS54009900JOR           2004        M06                 4.0
JTS54009900JOR           2004        M07                 4.5
JTS54009900JOR           2004        M08                 4.1
JTS54009900JOR           2004        M09                 4.1
JTS54009900JOR           2004        M10                 4.0
JTS54009900JOR           2004        M11                 3.5
JTS54009900JOR           2004        M12                 4.2
JTS54009900JOR           2005        M01                 3.8
JTS54009900JOR           2005        M02                 4.2
JTS54009900JOR           2005        M03                 4.3
JTS54009900JOR           2005        M04                 4.6
JTS54009900JOR           2005        M05                 4.5
JTS54009900JOR           2005        M06                 4.7
JTS54009900JOR           2005        M07                 4.7
JTS54009900JOR           2005        M08                 4.6
JTS54009900JOR           2005        M09                 4.6
JTS54009900JOR           2005        M10                 4.9
JTS54009900JOR           2005        M11                 4.8
JTS54009900JOR           2005        M12                 4.6
JTS54009900JOR           2006        M01                 4.9
JTS54009900JOR           2006        M02                 4.2
JTS54009900JOR           2006        M03                 4.2
JTS54009900JOR           2006        M04                 3.9
JTS54009900JOR           2006        M05                 4.2
JTS54009900JOR           2006        M06                 3.9
JTS54009900JOR           2006        M07                 3.3
JTS54009900JOR           2006        M08                 4.0
JTS54009900JOR           2006        M09                 3.8
JTS54009900JOR           2006        M10                 3.8
JTS54009900JOR           2006        M11                 4.1
JTS54009900JOR           2006        M12                 3.7
JTS54009900JOR           2007        M01                 4.3
JTS54009900JOR           2007        M02                 3.9
JTS54009900JOR           2007        M03                 4.3
JTS54009900JOR           2007        M04                 4.6
JTS54009900JOR           2007        M05                 4.1
JTS54009900JOR           2007        M06                 4.1
JTS54009900JOR           2007        M07                 3.7
JTS54009900JOR           2007        M08                 4.0
JTS54009900JOR           2007        M09                 4.0
JTS54009900JOR           2007        M10                 4.1
JTS54009900JOR           2007        M11                 4.0
JTS54009900JOR           2007        M12                 4.1
JTS54009900JOR           2008        M01                 4.0
JTS54009900JOR           2008        M02                 4.0
JTS54009900JOR           2008        M03                 4.1
JTS54009900JOR           2008        M04                 4.1
JTS54009900JOR           2008        M05                 3.4
JTS54009900JOR           2008        M06                 4.0
JTS54009900JOR           2008        M07                 3.6
JTS54009900JOR           2008        M08                 3.5
JTS54009900JOR           2008        M09                 3.4
JTS54009900JOR           2008        M10                 3.2
JTS54009900JOR           2008        M11                 3.0
JTS54009900JOR           2008        M12                 3.2
JTS54009900JOR           2009        M01                 3.1
JTS54009900JOR           2009        M02                 3.1
JTS54009900JOR           2009        M03                 2.5
JTS54009900JOR           2009        M04                 2.4
JTS54009900JOR           2009        M05                 2.4
JTS54009900JOR           2009        M06                 2.4
JTS54009900JOR           2009        M07                 2.6
JTS54009900JOR           2009        M08                 2.1
JTS54009900JOR           2009        M09                 2.6
JTS54009900JOR           2009        M10                 2.2
JTS54009900JOR           2009        M11                 2.5
JTS54009900JOR           2009        M12                 2.6
JTS54009900JOR           2010        M01                 2.4
JTS54009900JOR           2010        M02                 2.3
JTS54009900JOR           2010        M03                 2.5
JTS54009900JOR           2010        M04                 3.0
JTS54009900JOR           2010        M05                 3.4
JTS54009900JOR           2010        M06                 2.8
JTS54009900JOR           2010        M07                 3.2
JTS54009900JOR           2010        M08                 3.5
JTS54009900JOR           2010        M09                 3.3
JTS54009900JOR           2010        M10                 3.5
JTS54009900JOR           2010        M11                 3.7
JTS54009900JOR           2010        M12                 3.4
JTS54009900JOR           2011        M01                 2.7
JTS54009900JOR           2011        M02                 3.4
JTS54009900JOR           2011        M03                 3.4
JTS54009900JOR           2011        M04                 3.2
JTS54009900JOR           2011        M05                 3.3
JTS54009900JOR           2011        M06                 3.5
JTS54009900JOR           2011        M07                 4.3
JTS54009900JOR           2011        M08                 3.3
JTS54009900JOR           2011        M09                 4.1
JTS54009900JOR           2011        M10                 3.4
JTS54009900JOR           2011        M11                 3.0
JTS54009900JOR           2011        M12                 4.2
JTS54009900JOR           2012        M01                 4.4
JTS54009900JOR           2012        M02                 3.5
JTS54009900JOR           2012        M03                 4.4
JTS54009900JOR           2012        M04                 3.3
JTS54009900JOR           2012        M05                 3.7
JTS54009900JOR           2012        M06                 3.9
JTS54009900JOR           2012        M07                 3.7
JTS54009900JOR           2012        M08                 4.0
JTS54009900JOR           2012        M09                 3.3
JTS54009900JOR           2012        M10                 3.5
JTS54009900JOR           2012        M11                 3.2
JTS54009900JOR           2012        M12                 3.3
JTS54009900JOR           2013        M01                 3.7
JTS54009900JOR           2013        M02                 4.0
JTS54009900JOR           2013        M03                 3.7
JTS54009900JOR           2013        M04                 3.6
JTS54009900JOR           2013        M05                 3.3
JTS54009900JOR           2013        M06                 3.3
JTS54009900JOR           2013        M07                 3.1
JTS54009900JOR           2013        M08                 3.6
JTS54009900JOR           2013        M09                 3.6
JTS54009900JOR           2013        M10                 4.1
JTS54009900JOR           2013        M11                 3.6
JTS54009900JOR           2013        M12                 3.7
JTS54009900JOR           2014        M01                 3.4
JTS54009900JOR           2014        M02                 4.1
JTS54009900JOR           2014        M03                 3.6
JTS54009900JOR           2014        M04                 4.2
JTS54009900JOR           2014        M05                 4.1
JTS54009900JOR           2014        M06                 4.2
JTS54009900JOR           2014        M07                 4.3
JTS54009900JOR           2014        M08                 4.7
JTS54009900JOR           2014        M09                 4.3
JTS54009900JOR           2014        M10                 4.7
JTS54009900JOR           2014        M11                 5.1
JTS54009900JOR           2014        M12                 5.0
JTS54009900JOR           2015        M01                 4.6
JTS54009900JOR           2015        M02                 4.6
JTS54009900JOR           2015        M03                 5.0
JTS54009900JOR           2015        M04                 5.5
JTS54009900JOR           2015        M05                 5.4
JTS54009900JOR           2015        M06                 5.6
JTS54009900JOR           2015        M07                 5.5
JTS54009900JOR           2015        M08                 5.2
JTS54009900JOR           2015        M09                 5.5
JTS54009900JOR           2015        M10                 5.4
JTS54009900JOR           2015        M11                 5.6
JTS54009900JOR           2015        M12                 5.3
JTS54009900JOR           2016        M01                 5.4
JTS54009900JOR           2016        M02                 5.3
JTS54009900JOR           2016        M03                 6.1
JTS54009900JOR           2016        M04                 4.7
JTS54009900JOR           2016        M05                 5.7
JTS54009900JOR           2016        M06                 4.9
JTS54009900JOR           2016        M07                 5.9
JTS54009900JOR           2016        M08                 4.9
JTS54009900JOR           2016        M09                 5.3
JTS54009900JOR           2016        M10                 5.1
JTS54009900JOR           2016        M11                 4.9
JTS54009900JOR           2016        M12                 4.6
JTS54009900JOR           2017        M01                 4.9
JTS54009900JOR           2017        M02                 4.5
JTS54009900JOR           2017        M03                 5.3
JTS54009900JOR           2017        M04                 5.0
JTS54009900JOR           2017        M05                 4.7
JTS54009900JOR           2017        M06                 5.4
JTS54009900JOR           2017        M07                 5.0
JTS54009900JOR           2017        M08                 4.7
JTS54009900JOR           2017        M09                 5.3
JTS54009900JOR           2017        M10                 5.0
JTS54009900JOR           2017        M11                 4.9
JTS54009900JOR           2017        M12                 4.4        p
JTS60000000JOL           2000        M12                 875
JTS60000000JOL           2001        M01                 838
JTS60000000JOL           2001        M02                 820
JTS60000000JOL           2001        M03                 764
JTS60000000JOL           2001        M04                 712
JTS60000000JOL           2001        M05                 781
JTS60000000JOL           2001        M06                 745
JTS60000000JOL           2001        M07                 796
JTS60000000JOL           2001        M08                 878
JTS60000000JOL           2001        M09                 736
JTS60000000JOL           2001        M10                 735
JTS60000000JOL           2001        M11                 710
JTS60000000JOL           2001        M12                 724
JTS60000000JOL           2002        M01                 761
JTS60000000JOL           2002        M02                 745
JTS60000000JOL           2002        M03                 723
JTS60000000JOL           2002        M04                 721
JTS60000000JOL           2002        M05                 663
JTS60000000JOL           2002        M06                 737
JTS60000000JOL           2002        M07                 692
JTS60000000JOL           2002        M08                 705
JTS60000000JOL           2002        M09                 678
JTS60000000JOL           2002        M10                 661
JTS60000000JOL           2002        M11                 719
JTS60000000JOL           2002        M12                 629
JTS60000000JOL           2003        M01                 631
JTS60000000JOL           2003        M02                 599
JTS60000000JOL           2003        M03                 574
JTS60000000JOL           2003        M04                 633
JTS60000000JOL           2003        M05                 684
JTS60000000JOL           2003        M06                 591
JTS60000000JOL           2003        M07                 570
JTS60000000JOL           2003        M08                 555
JTS60000000JOL           2003        M09                 549
JTS60000000JOL           2003        M10                 598
JTS60000000JOL           2003        M11                 581
JTS60000000JOL           2003        M12                 552
JTS60000000JOL           2004        M01                 638
JTS60000000JOL           2004        M02                 596
JTS60000000JOL           2004        M03                 605
JTS60000000JOL           2004        M04                 615
JTS60000000JOL           2004        M05                 616
JTS60000000JOL           2004        M06                 541
JTS60000000JOL           2004        M07                 609
JTS60000000JOL           2004        M08                 593
JTS60000000JOL           2004        M09                 600
JTS60000000JOL           2004        M10                 659
JTS60000000JOL           2004        M11                 617
JTS60000000JOL           2004        M12                 640
JTS60000000JOL           2005        M01                 607
JTS60000000JOL           2005        M02                 619
JTS60000000JOL           2005        M03                 658
JTS60000000JOL           2005        M04                 651
JTS60000000JOL           2005        M05                 684
JTS60000000JOL           2005        M06                 666
JTS60000000JOL           2005        M07                 698
JTS60000000JOL           2005        M08                 667
JTS60000000JOL           2005        M09                 685
JTS60000000JOL           2005        M10                 663
JTS60000000JOL           2005        M11                 666
JTS60000000JOL           2005        M12                 664
JTS60000000JOL           2006        M01                 716
JTS60000000JOL           2006        M02                 743
JTS60000000JOL           2006        M03                 743
JTS60000000JOL           2006        M04                 760
JTS60000000JOL           2006        M05                 707
JTS60000000JOL           2006        M06                 735
JTS60000000JOL           2006        M07                 641
JTS60000000JOL           2006        M08                 778
JTS60000000JOL           2006        M09                 771
JTS60000000JOL           2006        M10                 792
JTS60000000JOL           2006        M11                 778
JTS60000000JOL           2006        M12                 763
JTS60000000JOL           2007        M01                 744
JTS60000000JOL           2007        M02                 713
JTS60000000JOL           2007        M03                 744
JTS60000000JOL           2007        M04                 774
JTS60000000JOL           2007        M05                 796
JTS60000000JOL           2007        M06                 822
JTS60000000JOL           2007        M07                 694
JTS60000000JOL           2007        M08                 794
JTS60000000JOL           2007        M09                 866
JTS60000000JOL           2007        M10                 742
JTS60000000JOL           2007        M11                 760
JTS60000000JOL           2007        M12                 755
JTS60000000JOL           2008        M01                 722
JTS60000000JOL           2008        M02                 802
JTS60000000JOL           2008        M03                 792
JTS60000000JOL           2008        M04                 750
JTS60000000JOL           2008        M05                 743
JTS60000000JOL           2008        M06                 729
JTS60000000JOL           2008        M07                 751
JTS60000000JOL           2008        M08                 700
JTS60000000JOL           2008        M09                 610
JTS60000000JOL           2008        M10                 652
JTS60000000JOL           2008        M11                 631
JTS60000000JOL           2008        M12                 633
JTS60000000JOL           2009        M01                 599
JTS60000000JOL           2009        M02                 562
JTS60000000JOL           2009        M03                 508
JTS60000000JOL           2009        M04                 521
JTS60000000JOL           2009        M05                 534
JTS60000000JOL           2009        M06                 541
JTS60000000JOL           2009        M07                 538
JTS60000000JOL           2009        M08                 549
JTS60000000JOL           2009        M09                 557
JTS60000000JOL           2009        M10                 539
JTS60000000JOL           2009        M11                 520
JTS60000000JOL           2009        M12                 544
JTS60000000JOL           2010        M01                 590
JTS60000000JOL           2010        M02                 537
JTS60000000JOL           2010        M03                 521
JTS60000000JOL           2010        M04                 532
JTS60000000JOL           2010        M05                 514
JTS60000000JOL           2010        M06                 485
JTS60000000JOL           2010        M07                 536
JTS60000000JOL           2010        M08                 475
JTS60000000JOL           2010        M09                 513
JTS60000000JOL           2010        M10                 616
JTS60000000JOL           2010        M11                 540
JTS60000000JOL           2010        M12                 544
JTS60000000JOL           2011        M01                 531
JTS60000000JOL           2011        M02                 549
JTS60000000JOL           2011        M03                 567
JTS60000000JOL           2011        M04                 600
JTS60000000JOL           2011        M05                 580
JTS60000000JOL           2011        M06                 607
JTS60000000JOL           2011        M07                 622
JTS60000000JOL           2011        M08                 615
JTS60000000JOL           2011        M09                 600
JTS60000000JOL           2011        M10                 633
JTS60000000JOL           2011        M11                 639
JTS60000000JOL           2011        M12                 612
JTS60000000JOL           2012        M01                 672
JTS60000000JOL           2012        M02                 686
JTS60000000JOL           2012        M03                 687
JTS60000000JOL           2012        M04                 690
JTS60000000JOL           2012        M05                 702
JTS60000000JOL           2012        M06                 753
JTS60000000JOL           2012        M07                 695
JTS60000000JOL           2012        M08                 658
JTS60000000JOL           2012        M09                 706
JTS60000000JOL           2012        M10                 703
JTS60000000JOL           2012        M11                 697
JTS60000000JOL           2012        M12                 685
JTS60000000JOL           2013        M01                 598
JTS60000000JOL           2013        M02                 689
JTS60000000JOL           2013        M03                 705
JTS60000000JOL           2013        M04                 728
JTS60000000JOL           2013        M05                 678
JTS60000000JOL           2013        M06                 683
JTS60000000JOL           2013        M07                 676
JTS60000000JOL           2013        M08                 747
JTS60000000JOL           2013        M09                 654
JTS60000000JOL           2013        M10                 669
JTS60000000JOL           2013        M11                 674
JTS60000000JOL           2013        M12                 594
JTS60000000JOL           2014        M01                 710
JTS60000000JOL           2014        M02                 717
JTS60000000JOL           2014        M03                 729
JTS60000000JOL           2014        M04                 739
JTS60000000JOL           2014        M05                 816
JTS60000000JOL           2014        M06                 806
JTS60000000JOL           2014        M07                 859
JTS60000000JOL           2014        M08                 947
JTS60000000JOL           2014        M09                 866
JTS60000000JOL           2014        M10                 921
JTS60000000JOL           2014        M11                 789
JTS60000000JOL           2014        M12                 911
JTS60000000JOL           2015        M01                 917
JTS60000000JOL           2015        M02                 953
JTS60000000JOL           2015        M03                 878
JTS60000000JOL           2015        M04                1051
JTS60000000JOL           2015        M05                 966
JTS60000000JOL           2015        M06                1002
JTS60000000JOL           2015        M07                1153
JTS60000000JOL           2015        M08                1059
JTS60000000JOL           2015        M09                1066
JTS60000000JOL           2015        M10                1049
JTS60000000JOL           2015        M11                1074
JTS60000000JOL           2015        M12                1070
JTS60000000JOL           2016        M01                1169
JTS60000000JOL           2016        M02                1050
JTS60000000JOL           2016        M03                1047
JTS60000000JOL           2016        M04                1070
JTS60000000JOL           2016        M05                1053
JTS60000000JOL           2016        M06                1103
JTS60000000JOL           2016        M07                1091
JTS60000000JOL           2016        M08                1049
JTS60000000JOL           2016        M09                1086
JTS60000000JOL           2016        M10                1161
JTS60000000JOL           2016        M11                1135
JTS60000000JOL           2016        M12                1158
JTS60000000JOL           2017        M01                1158
JTS60000000JOL           2017        M02                1241
JTS60000000JOL           2017        M03                1103
JTS60000000JOL           2017        M04                1111
JTS60000000JOL           2017        M05                1109
JTS60000000JOL           2017        M06                1203
JTS60000000JOL           2017        M07                1164
JTS60000000JOL           2017        M08                1191
JTS60000000JOL           2017        M09                1133
JTS60000000JOL           2017        M10                1102
JTS60000000JOL           2017        M11                1108
JTS60000000JOL           2017        M12                1136        p
JTS60000000JOR           2000        M12                 5.4
JTS60000000JOR           2001        M01                 5.1
JTS60000000JOR           2001        M02                 5.0
JTS60000000JOR           2001        M03                 4.7
JTS60000000JOR           2001        M04                 4.3
JTS60000000JOR           2001        M05                 4.7
JTS60000000JOR           2001        M06                 4.5
JTS60000000JOR           2001        M07                 4.8
JTS60000000JOR           2001        M08                 5.2
JTS60000000JOR           2001        M09                 4.4
JTS60000000JOR           2001        M10                 4.4
JTS60000000JOR           2001        M11                 4.2
JTS60000000JOR           2001        M12                 4.3
JTS60000000JOR           2002        M01                 4.5
JTS60000000JOR           2002        M02                 4.4
JTS60000000JOR           2002        M03                 4.3
JTS60000000JOR           2002        M04                 4.2
JTS60000000JOR           2002        M05                 3.9
JTS60000000JOR           2002        M06                 4.3
JTS60000000JOR           2002        M07                 4.0
JTS60000000JOR           2002        M08                 4.1
JTS60000000JOR           2002        M09                 3.9
JTS60000000JOR           2002        M10                 3.8
JTS60000000JOR           2002        M11                 4.2
JTS60000000JOR           2002        M12                 3.7
JTS60000000JOR           2003        M01                 3.6
JTS60000000JOR           2003        M02                 3.5
JTS60000000JOR           2003        M03                 3.3
JTS60000000JOR           2003        M04                 3.6
JTS60000000JOR           2003        M05                 3.9
JTS60000000JOR           2003        M06                 3.4
JTS60000000JOR           2003        M07                 3.3
JTS60000000JOR           2003        M08                 3.2
JTS60000000JOR           2003        M09                 3.1
JTS60000000JOR           2003        M10                 3.4
JTS60000000JOR           2003        M11                 3.3
JTS60000000JOR           2003        M12                 3.1
JTS60000000JOR           2004        M01                 3.6
JTS60000000JOR           2004        M02                 3.4
JTS60000000JOR           2004        M03                 3.4
JTS60000000JOR           2004        M04                 3.5
JTS60000000JOR           2004        M05                 3.5
JTS60000000JOR           2004        M06                 3.1
JTS60000000JOR           2004        M07                 3.4
JTS60000000JOR           2004        M08                 3.3
JTS60000000JOR           2004        M09                 3.4
JTS60000000JOR           2004        M10                 3.7
JTS60000000JOR           2004        M11                 3.4
JTS60000000JOR           2004        M12                 3.5
JTS60000000JOR           2005        M01                 3.4
JTS60000000JOR           2005        M02                 3.4
JTS60000000JOR           2005        M03                 3.6
JTS60000000JOR           2005        M04                 3.6
JTS60000000JOR           2005        M05                 3.7
JTS60000000JOR           2005        M06                 3.6
JTS60000000JOR           2005        M07                 3.8
JTS60000000JOR           2005        M08                 3.6
JTS60000000JOR           2005        M09                 3.7
JTS60000000JOR           2005        M10                 3.6
JTS60000000JOR           2005        M11                 3.6
JTS60000000JOR           2005        M12                 3.6
JTS60000000JOR           2006        M01                 3.8
JTS60000000JOR           2006        M02                 4.0
JTS60000000JOR           2006        M03                 4.0
JTS60000000JOR           2006        M04                 4.0
JTS60000000JOR           2006        M05                 3.8
JTS60000000JOR           2006        M06                 3.9
JTS60000000JOR           2006        M07                 3.4
JTS60000000JOR           2006        M08                 4.1
JTS60000000JOR           2006        M09                 4.1
JTS60000000JOR           2006        M10                 4.2
JTS60000000JOR           2006        M11                 4.1
JTS60000000JOR           2006        M12                 4.0
JTS60000000JOR           2007        M01                 3.9
JTS60000000JOR           2007        M02                 3.7
JTS60000000JOR           2007        M03                 3.9
JTS60000000JOR           2007        M04                 4.0
JTS60000000JOR           2007        M05                 4.1
JTS60000000JOR           2007        M06                 4.2
JTS60000000JOR           2007        M07                 3.6
JTS60000000JOR           2007        M08                 4.1
JTS60000000JOR           2007        M09                 4.4
JTS60000000JOR           2007        M10                 3.8
JTS60000000JOR           2007        M11                 3.9
JTS60000000JOR           2007        M12                 3.8
JTS60000000JOR           2008        M01                 3.7
JTS60000000JOR           2008        M02                 4.0
JTS60000000JOR           2008        M03                 4.0
JTS60000000JOR           2008        M04                 3.8
JTS60000000JOR           2008        M05                 3.7
JTS60000000JOR           2008        M06                 3.7
JTS60000000JOR           2008        M07                 3.7
JTS60000000JOR           2008        M08                 3.5
JTS60000000JOR           2008        M09                 3.1
JTS60000000JOR           2008        M10                 3.3
JTS60000000JOR           2008        M11                 3.1
JTS60000000JOR           2008        M12                 3.2
JTS60000000JOR           2009        M01                 3.0
JTS60000000JOR           2009        M02                 2.8
JTS60000000JOR           2009        M03                 2.5
JTS60000000JOR           2009        M04                 2.6
JTS60000000JOR           2009        M05                 2.7
JTS60000000JOR           2009        M06                 2.7
JTS60000000JOR           2009        M07                 2.7
JTS60000000JOR           2009        M08                 2.7
JTS60000000JOR           2009        M09                 2.8
JTS60000000JOR           2009        M10                 2.7
JTS60000000JOR           2009        M11                 2.6
JTS60000000JOR           2009        M12                 2.7
JTS60000000JOR           2010        M01                 2.9
JTS60000000JOR           2010        M02                 2.6
JTS60000000JOR           2010        M03                 2.6
JTS60000000JOR           2010        M04                 2.6
JTS60000000JOR           2010        M05                 2.5
JTS60000000JOR           2010        M06                 2.4
JTS60000000JOR           2010        M07                 2.6
JTS60000000JOR           2010        M08                 2.3
JTS60000000JOR           2010        M09                 2.5
JTS60000000JOR           2010        M10                 3.0
JTS60000000JOR           2010        M11                 2.6
JTS60000000JOR           2010        M12                 2.6
JTS60000000JOR           2011        M01                 2.6
JTS60000000JOR           2011        M02                 2.7
JTS60000000JOR           2011        M03                 2.7
JTS60000000JOR           2011        M04                 2.9
JTS60000000JOR           2011        M05                 2.8
JTS60000000JOR           2011        M06                 2.9
JTS60000000JOR           2011        M07                 3.0
JTS60000000JOR           2011        M08                 2.9
JTS60000000JOR           2011        M09                 2.9
JTS60000000JOR           2011        M10                 3.0
JTS60000000JOR           2011        M11                 3.0
JTS60000000JOR           2011        M12                 2.9
JTS60000000JOR           2012        M01                 3.2
JTS60000000JOR           2012        M02                 3.2
JTS60000000JOR           2012        M03                 3.2
JTS60000000JOR           2012        M04                 3.2
JTS60000000JOR           2012        M05                 3.3
JTS60000000JOR           2012        M06                 3.5
JTS60000000JOR           2012        M07                 3.2
JTS60000000JOR           2012        M08                 3.1
JTS60000000JOR           2012        M09                 3.3
JTS60000000JOR           2012        M10                 3.3
JTS60000000JOR           2012        M11                 3.2
JTS60000000JOR           2012        M12                 3.2
JTS60000000JOR           2013        M01                 2.8
JTS60000000JOR           2013        M02                 3.2
JTS60000000JOR           2013        M03                 3.2
JTS60000000JOR           2013        M04                 3.3
JTS60000000JOR           2013        M05                 3.1
JTS60000000JOR           2013        M06                 3.1
JTS60000000JOR           2013        M07                 3.1
JTS60000000JOR           2013        M08                 3.4
JTS60000000JOR           2013        M09                 3.0
JTS60000000JOR           2013        M10                 3.1
JTS60000000JOR           2013        M11                 3.1
JTS60000000JOR           2013        M12                 2.7
JTS60000000JOR           2014        M01                 3.2
JTS60000000JOR           2014        M02                 3.3
JTS60000000JOR           2014        M03                 3.3
JTS60000000JOR           2014        M04                 3.4
JTS60000000JOR           2014        M05                 3.7
JTS60000000JOR           2014        M06                 3.6
JTS60000000JOR           2014        M07                 3.8
JTS60000000JOR           2014        M08                 4.2
JTS60000000JOR           2014        M09                 3.9
JTS60000000JOR           2014        M10                 4.1
JTS60000000JOR           2014        M11                 3.5
JTS60000000JOR           2014        M12                 4.0
JTS60000000JOR           2015        M01                 4.0
JTS60000000JOR           2015        M02                 4.2
JTS60000000JOR           2015        M03                 3.9
JTS60000000JOR           2015        M04                 4.6
JTS60000000JOR           2015        M05                 4.2
JTS60000000JOR           2015        M06                 4.4
JTS60000000JOR           2015        M07                 5.0
JTS60000000JOR           2015        M08                 4.6
JTS60000000JOR           2015        M09                 4.6
JTS60000000JOR           2015        M10                 4.5
JTS60000000JOR           2015        M11                 4.6
JTS60000000JOR           2015        M12                 4.6
JTS60000000JOR           2016        M01                 5.0
JTS60000000JOR           2016        M02                 4.5
JTS60000000JOR           2016        M03                 4.5
JTS60000000JOR           2016        M04                 4.5
JTS60000000JOR           2016        M05                 4.5
JTS60000000JOR           2016        M06                 4.7
JTS60000000JOR           2016        M07                 4.6
JTS60000000JOR           2016        M08                 4.4
JTS60000000JOR           2016        M09                 4.6
JTS60000000JOR           2016        M10                 4.8
JTS60000000JOR           2016        M11                 4.7
JTS60000000JOR           2016        M12                 4.8
JTS60000000JOR           2017        M01                 4.8
JTS60000000JOR           2017        M02                 5.1
JTS60000000JOR           2017        M03                 4.6
JTS60000000JOR           2017        M04                 4.6
JTS60000000JOR           2017        M05                 4.6
JTS60000000JOR           2017        M06                 5.0
JTS60000000JOR           2017        M07                 4.8
JTS60000000JOR           2017        M08                 4.9
JTS60000000JOR           2017        M09                 4.7
JTS60000000JOR           2017        M10                 4.5
JTS60000000JOR           2017        M11                 4.5
JTS60000000JOR           2017        M12                 4.6        p
JTS61000000JOL           2000        M12                  53
JTS61000000JOL           2001        M01                  40
JTS61000000JOL           2001        M02                  59
JTS61000000JOL           2001        M03                  39
JTS61000000JOL           2001        M04                  68
JTS61000000JOL           2001        M05                  82
JTS61000000JOL           2001        M06                  32
JTS61000000JOL           2001        M07                  58
JTS61000000JOL           2001        M08                  58
JTS61000000JOL           2001        M09                  39
JTS61000000JOL           2001        M10                  50
JTS61000000JOL           2001        M11                  38
JTS61000000JOL           2001        M12                  32
JTS61000000JOL           2002        M01                  67
JTS61000000JOL           2002        M02                  68
JTS61000000JOL           2002        M03                  39
JTS61000000JOL           2002        M04                  72
JTS61000000JOL           2002        M05                  57
JTS61000000JOL           2002        M06                  88
JTS61000000JOL           2002        M07                  66
JTS61000000JOL           2002        M08                  45
JTS61000000JOL           2002        M09                  36
JTS61000000JOL           2002        M10                  43
JTS61000000JOL           2002        M11                  42
JTS61000000JOL           2002        M12                  37
JTS61000000JOL           2003        M01                  49
JTS61000000JOL           2003        M02                  37
JTS61000000JOL           2003        M03                  31
JTS61000000JOL           2003        M04                  58
JTS61000000JOL           2003        M05                  63
JTS61000000JOL           2003        M06                  44
JTS61000000JOL           2003        M07                  57
JTS61000000JOL           2003        M08                  42
JTS61000000JOL           2003        M09                  29
JTS61000000JOL           2003        M10                  49
JTS61000000JOL           2003        M11                  41
JTS61000000JOL           2003        M12                  34
JTS61000000JOL           2004        M01                  46
JTS61000000JOL           2004        M02                  45
JTS61000000JOL           2004        M03                  50
JTS61000000JOL           2004        M04                  59
JTS61000000JOL           2004        M05                  52
JTS61000000JOL           2004        M06                  32
JTS61000000JOL           2004        M07                  58
JTS61000000JOL           2004        M08                  49
JTS61000000JOL           2004        M09                  43
JTS61000000JOL           2004        M10                  94
JTS61000000JOL           2004        M11                  50
JTS61000000JOL           2004        M12                  53
JTS61000000JOL           2005        M01                  58
JTS61000000JOL           2005        M02                  37
JTS61000000JOL           2005        M03                  57
JTS61000000JOL           2005        M04                  72
JTS61000000JOL           2005        M05                  78
JTS61000000JOL           2005        M06                  79
JTS61000000JOL           2005        M07                  66
JTS61000000JOL           2005        M08                  70
JTS61000000JOL           2005        M09                  77
JTS61000000JOL           2005        M10                  76
JTS61000000JOL           2005        M11                  75
JTS61000000JOL           2005        M12                  61
JTS61000000JOL           2006        M01                  71
JTS61000000JOL           2006        M02                  78
JTS61000000JOL           2006        M03                  87
JTS61000000JOL           2006        M04                  84
JTS61000000JOL           2006        M05                  76
JTS61000000JOL           2006        M06                  43
JTS61000000JOL           2006        M07                  61
JTS61000000JOL           2006        M08                  73
JTS61000000JOL           2006        M09                  77
JTS61000000JOL           2006        M10                  65
JTS61000000JOL           2006        M11                  67
JTS61000000JOL           2006        M12                  66
JTS61000000JOL           2007        M01                  60
JTS61000000JOL           2007        M02                  59
JTS61000000JOL           2007        M03                  63
JTS61000000JOL           2007        M04                  75
JTS61000000JOL           2007        M05                  68
JTS61000000JOL           2007        M06                  85
JTS61000000JOL           2007        M07                  54
JTS61000000JOL           2007        M08                  80
JTS61000000JOL           2007        M09                  68
JTS61000000JOL           2007        M10                  69
JTS61000000JOL           2007        M11                  61
JTS61000000JOL           2007        M12                  62
JTS61000000JOL           2008        M01                  62
JTS61000000JOL           2008        M02                  49
JTS61000000JOL           2008        M03                  63
JTS61000000JOL           2008        M04                  67
JTS61000000JOL           2008        M05                  59
JTS61000000JOL           2008        M06                  57
JTS61000000JOL           2008        M07                  88
JTS61000000JOL           2008        M08                  72
JTS61000000JOL           2008        M09                  41
JTS61000000JOL           2008        M10                  70
JTS61000000JOL           2008        M11                  65
JTS61000000JOL           2008        M12                  68
JTS61000000JOL           2009        M01                  68
JTS61000000JOL           2009        M02                  47
JTS61000000JOL           2009        M03                  33
JTS61000000JOL           2009        M04                  54
JTS61000000JOL           2009        M05                  45
JTS61000000JOL           2009        M06                  62
JTS61000000JOL           2009        M07                  45
JTS61000000JOL           2009        M08                  72
JTS61000000JOL           2009        M09                  31
JTS61000000JOL           2009        M10                  48
JTS61000000JOL           2009        M11                  33
JTS61000000JOL           2009        M12                  48
JTS61000000JOL           2010        M01                  34
JTS61000000JOL           2010        M02                  63
JTS61000000JOL           2010        M03                  69
JTS61000000JOL           2010        M04                  63
JTS61000000JOL           2010        M05                  73
JTS61000000JOL           2010        M06                  50
JTS61000000JOL           2010        M07                  69
JTS61000000JOL           2010        M08                  53
JTS61000000JOL           2010        M09                  40
JTS61000000JOL           2010        M10                  69
JTS61000000JOL           2010        M11                  52
JTS61000000JOL           2010        M12                  47
JTS61000000JOL           2011        M01                  73
JTS61000000JOL           2011        M02                  60
JTS61000000JOL           2011        M03                  46
JTS61000000JOL           2011        M04                  80
JTS61000000JOL           2011        M05                  47
JTS61000000JOL           2011        M06                  65
JTS61000000JOL           2011        M07                  82
JTS61000000JOL           2011        M08                  70
JTS61000000JOL           2011        M09                  63
JTS61000000JOL           2011        M10                  70
JTS61000000JOL           2011        M11                  58
JTS61000000JOL           2011        M12                  46
JTS61000000JOL           2012        M01                  56
JTS61000000JOL           2012        M02                  62
JTS61000000JOL           2012        M03                  59
JTS61000000JOL           2012        M04                  65
JTS61000000JOL           2012        M05                  63
JTS61000000JOL           2012        M06                  56
JTS61000000JOL           2012        M07                  97
JTS61000000JOL           2012        M08                  62
JTS61000000JOL           2012        M09                  59
JTS61000000JOL           2012        M10                  59
JTS61000000JOL           2012        M11                  54
JTS61000000JOL           2012        M12                  52
JTS61000000JOL           2013        M01                  62
JTS61000000JOL           2013        M02                  55
JTS61000000JOL           2013        M03                  62
JTS61000000JOL           2013        M04                  72
JTS61000000JOL           2013        M05                  62
JTS61000000JOL           2013        M06                  55
JTS61000000JOL           2013        M07                  76
JTS61000000JOL           2013        M08                  75
JTS61000000JOL           2013        M09                  57
JTS61000000JOL           2013        M10                  82
JTS61000000JOL           2013        M11                  75
JTS61000000JOL           2013        M12                  65
JTS61000000JOL           2014        M01                  75
JTS61000000JOL           2014        M02                  67
JTS61000000JOL           2014        M03                  65
JTS61000000JOL           2014        M04                  80
JTS61000000JOL           2014        M05                  80
JTS61000000JOL           2014        M06                  88
JTS61000000JOL           2014        M07                  88
JTS61000000JOL           2014        M08                  95
JTS61000000JOL           2014        M09                  90
JTS61000000JOL           2014        M10                  91
JTS61000000JOL           2014        M11                  80
JTS61000000JOL           2014        M12                  81
JTS61000000JOL           2015        M01                 104
JTS61000000JOL           2015        M02                 100
JTS61000000JOL           2015        M03                  88
JTS61000000JOL           2015        M04                 101
JTS61000000JOL           2015        M05                  89
JTS61000000JOL           2015        M06                 100
JTS61000000JOL           2015        M07                 132
JTS61000000JOL           2015        M08                 107
JTS61000000JOL           2015        M09                  84
JTS61000000JOL           2015        M10                 114
JTS61000000JOL           2015        M11                  96
JTS61000000JOL           2015        M12                 106
JTS61000000JOL           2016        M01                 106
JTS61000000JOL           2016        M02                 110
JTS61000000JOL           2016        M03                  85
JTS61000000JOL           2016        M04                 107
JTS61000000JOL           2016        M05                  94
JTS61000000JOL           2016        M06                  96
JTS61000000JOL           2016        M07                 107
JTS61000000JOL           2016        M08                  89
JTS61000000JOL           2016        M09                 108
JTS61000000JOL           2016        M10                 107
JTS61000000JOL           2016        M11                  86
JTS61000000JOL           2016        M12                  93
JTS61000000JOL           2017        M01                  93
JTS61000000JOL           2017        M02                 126
JTS61000000JOL           2017        M03                  87
JTS61000000JOL           2017        M04                  91
JTS61000000JOL           2017        M05                  99
JTS61000000JOL           2017        M06                  92
JTS61000000JOL           2017        M07                 144
JTS61000000JOL           2017        M08                 104
JTS61000000JOL           2017        M09                  96
JTS61000000JOL           2017        M10                  94
JTS61000000JOL           2017        M11                 100
JTS61000000JOL           2017        M12                  74        p
JTS61000000JOR           2000        M12                 2.1
JTS61000000JOR           2001        M01                 1.6
JTS61000000JOR           2001        M02                 2.4
JTS61000000JOR           2001        M03                 1.5
JTS61000000JOR           2001        M04                 2.7
JTS61000000JOR           2001        M05                 3.1
JTS61000000JOR           2001        M06                 1.3
JTS61000000JOR           2001        M07                 2.3
JTS61000000JOR           2001        M08                 2.2
JTS61000000JOR           2001        M09                 1.5
JTS61000000JOR           2001        M10                 1.9
JTS61000000JOR           2001        M11                 1.5
JTS61000000JOR           2001        M12                 1.2
JTS61000000JOR           2002        M01                 2.5
JTS61000000JOR           2002        M02                 2.6
JTS61000000JOR           2002        M03                 1.5
JTS61000000JOR           2002        M04                 2.7
JTS61000000JOR           2002        M05                 2.1
JTS61000000JOR           2002        M06                 3.2
JTS61000000JOR           2002        M07                 2.4
JTS61000000JOR           2002        M08                 1.7
JTS61000000JOR           2002        M09                 1.3
JTS61000000JOR           2002        M10                 1.6
JTS61000000JOR           2002        M11                 1.6
JTS61000000JOR           2002        M12                 1.4
JTS61000000JOR           2003        M01                 1.8
JTS61000000JOR           2003        M02                 1.4
JTS61000000JOR           2003        M03                 1.1
JTS61000000JOR           2003        M04                 2.1
JTS61000000JOR           2003        M05                 2.3
JTS61000000JOR           2003        M06                 1.6
JTS61000000JOR           2003        M07                 2.1
JTS61000000JOR           2003        M08                 1.5
JTS61000000JOR           2003        M09                 1.1
JTS61000000JOR           2003        M10                 1.8
JTS61000000JOR           2003        M11                 1.5
JTS61000000JOR           2003        M12                 1.2
JTS61000000JOR           2004        M01                 1.6
JTS61000000JOR           2004        M02                 1.6
JTS61000000JOR           2004        M03                 1.8
JTS61000000JOR           2004        M04                 2.1
JTS61000000JOR           2004        M05                 1.9
JTS61000000JOR           2004        M06                 1.2
JTS61000000JOR           2004        M07                 2.1
JTS61000000JOR           2004        M08                 1.7
JTS61000000JOR           2004        M09                 1.5
JTS61000000JOR           2004        M10                 3.3
JTS61000000JOR           2004        M11                 1.8
JTS61000000JOR           2004        M12                 1.8
JTS61000000JOR           2005        M01                 2.0
JTS61000000JOR           2005        M02                 1.3
JTS61000000JOR           2005        M03                 2.0
JTS61000000JOR           2005        M04                 2.5
JTS61000000JOR           2005        M05                 2.7
JTS61000000JOR           2005        M06                 2.7
JTS61000000JOR           2005        M07                 2.3
JTS61000000JOR           2005        M08                 2.4
JTS61000000JOR           2005        M09                 2.6
JTS61000000JOR           2005        M10                 2.6
JTS61000000JOR           2005        M11                 2.6
JTS61000000JOR           2005        M12                 2.1
JTS61000000JOR           2006        M01                 2.4
JTS61000000JOR           2006        M02                 2.6
JTS61000000JOR           2006        M03                 2.9
JTS61000000JOR           2006        M04                 2.8
JTS61000000JOR           2006        M05                 2.5
JTS61000000JOR           2006        M06                 1.5
JTS61000000JOR           2006        M07                 2.1
JTS61000000JOR           2006        M08                 2.5
JTS61000000JOR           2006        M09                 2.6
JTS61000000JOR           2006        M10                 2.2
JTS61000000JOR           2006        M11                 2.3
JTS61000000JOR           2006        M12                 2.2
JTS61000000JOR           2007        M01                 2.0
JTS61000000JOR           2007        M02                 2.0
JTS61000000JOR           2007        M03                 2.1
JTS61000000JOR           2007        M04                 2.5
JTS61000000JOR           2007        M05                 2.3
JTS61000000JOR           2007        M06                 2.8
JTS61000000JOR           2007        M07                 1.8
JTS61000000JOR           2007        M08                 2.6
JTS61000000JOR           2007        M09                 2.2
JTS61000000JOR           2007        M10                 2.3
JTS61000000JOR           2007        M11                 2.0
JTS61000000JOR           2007        M12                 2.0
JTS61000000JOR           2008        M01                 2.0
JTS61000000JOR           2008        M02                 1.6
JTS61000000JOR           2008        M03                 2.1
JTS61000000JOR           2008        M04                 2.2
JTS61000000JOR           2008        M05                 1.9
JTS61000000JOR           2008        M06                 1.8
JTS61000000JOR           2008        M07                 2.8
JTS61000000JOR           2008        M08                 2.3
JTS61000000JOR           2008        M09                 1.3
JTS61000000JOR           2008        M10                 2.2
JTS61000000JOR           2008        M11                 2.1
JTS61000000JOR           2008        M12                 2.2
JTS61000000JOR           2009        M01                 2.2
JTS61000000JOR           2009        M02                 1.5
JTS61000000JOR           2009        M03                 1.0
JTS61000000JOR           2009        M04                 1.7
JTS61000000JOR           2009        M05                 1.4
JTS61000000JOR           2009        M06                 2.0
JTS61000000JOR           2009        M07                 1.4
JTS61000000JOR           2009        M08                 2.3
JTS61000000JOR           2009        M09                 1.0
JTS61000000JOR           2009        M10                 1.5
JTS61000000JOR           2009        M11                 1.1
JTS61000000JOR           2009        M12                 1.5
JTS61000000JOR           2010        M01                 1.1
JTS61000000JOR           2010        M02                 2.0
JTS61000000JOR           2010        M03                 2.2
JTS61000000JOR           2010        M04                 2.0
JTS61000000JOR           2010        M05                 2.3
JTS61000000JOR           2010        M06                 1.6
JTS61000000JOR           2010        M07                 2.1
JTS61000000JOR           2010        M08                 1.7
JTS61000000JOR           2010        M09                 1.3
JTS61000000JOR           2010        M10                 2.1
JTS61000000JOR           2010        M11                 1.6
JTS61000000JOR           2010        M12                 1.5
JTS61000000JOR           2011        M01                 2.2
JTS61000000JOR           2011        M02                 1.8
JTS61000000JOR           2011        M03                 1.4
JTS61000000JOR           2011        M04                 2.4
JTS61000000JOR           2011        M05                 1.4
JTS61000000JOR           2011        M06                 2.0
JTS61000000JOR           2011        M07                 2.5
JTS61000000JOR           2011        M08                 2.1
JTS61000000JOR           2011        M09                 1.9
JTS61000000JOR           2011        M10                 2.1
JTS61000000JOR           2011        M11                 1.7
JTS61000000JOR           2011        M12                 1.4
JTS61000000JOR           2012        M01                 1.7
JTS61000000JOR           2012        M02                 1.8
JTS61000000JOR           2012        M03                 1.7
JTS61000000JOR           2012        M04                 1.9
JTS61000000JOR           2012        M05                 1.8
JTS61000000JOR           2012        M06                 1.6
JTS61000000JOR           2012        M07                 2.8
JTS61000000JOR           2012        M08                 1.8
JTS61000000JOR           2012        M09                 1.7
JTS61000000JOR           2012        M10                 1.7
JTS61000000JOR           2012        M11                 1.6
JTS61000000JOR           2012        M12                 1.5
JTS61000000JOR           2013        M01                 1.8
JTS61000000JOR           2013        M02                 1.6
JTS61000000JOR           2013        M03                 1.8
JTS61000000JOR           2013        M04                 2.1
JTS61000000JOR           2013        M05                 1.8
JTS61000000JOR           2013        M06                 1.6
JTS61000000JOR           2013        M07                 2.2
JTS61000000JOR           2013        M08                 2.2
JTS61000000JOR           2013        M09                 1.7
JTS61000000JOR           2013        M10                 2.4
JTS61000000JOR           2013        M11                 2.2
JTS61000000JOR           2013        M12                 1.9
JTS61000000JOR           2014        M01                 2.2
JTS61000000JOR           2014        M02                 1.9
JTS61000000JOR           2014        M03                 1.9
JTS61000000JOR           2014        M04                 2.3
JTS61000000JOR           2014        M05                 2.3
JTS61000000JOR           2014        M06                 2.5
JTS61000000JOR           2014        M07                 2.5
JTS61000000JOR           2014        M08                 2.7
JTS61000000JOR           2014        M09                 2.6
JTS61000000JOR           2014        M10                 2.6
JTS61000000JOR           2014        M11                 2.3
JTS61000000JOR           2014        M12                 2.3
JTS61000000JOR           2015        M01                 2.9
JTS61000000JOR           2015        M02                 2.8
JTS61000000JOR           2015        M03                 2.5
JTS61000000JOR           2015        M04                 2.8
JTS61000000JOR           2015        M05                 2.5
JTS61000000JOR           2015        M06                 2.8
JTS61000000JOR           2015        M07                 3.7
JTS61000000JOR           2015        M08                 3.0
JTS61000000JOR           2015        M09                 2.4
JTS61000000JOR           2015        M10                 3.2
JTS61000000JOR           2015        M11                 2.7
JTS61000000JOR           2015        M12                 2.9
JTS61000000JOR           2016        M01                 2.9
JTS61000000JOR           2016        M02                 3.0
JTS61000000JOR           2016        M03                 2.3
JTS61000000JOR           2016        M04                 2.9
JTS61000000JOR           2016        M05                 2.6
JTS61000000JOR           2016        M06                 2.6
JTS61000000JOR           2016        M07                 2.9
JTS61000000JOR           2016        M08                 2.4
JTS61000000JOR           2016        M09                 2.9
JTS61000000JOR           2016        M10                 2.9
JTS61000000JOR           2016        M11                 2.3
JTS61000000JOR           2016        M12                 2.5
JTS61000000JOR           2017        M01                 2.5
JTS61000000JOR           2017        M02                 3.4
JTS61000000JOR           2017        M03                 2.3
JTS61000000JOR           2017        M04                 2.4
JTS61000000JOR           2017        M05                 2.7
JTS61000000JOR           2017        M06                 2.5
JTS61000000JOR           2017        M07                 3.8
JTS61000000JOR           2017        M08                 2.8
JTS61000000JOR           2017        M09                 2.6
JTS61000000JOR           2017        M10                 2.5
JTS61000000JOR           2017        M11                 2.6
JTS61000000JOR           2017        M12                 2.0        p
JTS62000000JOL           2000        M12                 823
JTS62000000JOL           2001        M01                 797
JTS62000000JOL           2001        M02                 760
JTS62000000JOL           2001        M03                 726
JTS62000000JOL           2001        M04                 644
JTS62000000JOL           2001        M05                 700
JTS62000000JOL           2001        M06                 712
JTS62000000JOL           2001        M07                 738
JTS62000000JOL           2001        M08                 820
JTS62000000JOL           2001        M09                 697
JTS62000000JOL           2001        M10                 686
JTS62000000JOL           2001        M11                 672
JTS62000000JOL           2001        M12                 692
JTS62000000JOL           2002        M01                 693
JTS62000000JOL           2002        M02                 677
JTS62000000JOL           2002        M03                 685
JTS62000000JOL           2002        M04                 649
JTS62000000JOL           2002        M05                 606
JTS62000000JOL           2002        M06                 650
JTS62000000JOL           2002        M07                 626
JTS62000000JOL           2002        M08                 659
JTS62000000JOL           2002        M09                 642
JTS62000000JOL           2002        M10                 618
JTS62000000JOL           2002        M11                 677
JTS62000000JOL           2002        M12                 592
JTS62000000JOL           2003        M01                 582
JTS62000000JOL           2003        M02                 562
JTS62000000JOL           2003        M03                 543
JTS62000000JOL           2003        M04                 574
JTS62000000JOL           2003        M05                 621
JTS62000000JOL           2003        M06                 548
JTS62000000JOL           2003        M07                 513
JTS62000000JOL           2003        M08                 513
JTS62000000JOL           2003        M09                 520
JTS62000000JOL           2003        M10                 549
JTS62000000JOL           2003        M11                 540
JTS62000000JOL           2003        M12                 518
JTS62000000JOL           2004        M01                 593
JTS62000000JOL           2004        M02                 551
JTS62000000JOL           2004        M03                 554
JTS62000000JOL           2004        M04                 555
JTS62000000JOL           2004        M05                 564
JTS62000000JOL           2004        M06                 509
JTS62000000JOL           2004        M07                 551
JTS62000000JOL           2004        M08                 544
JTS62000000JOL           2004        M09                 557
JTS62000000JOL           2004        M10                 565
JTS62000000JOL           2004        M11                 567
JTS62000000JOL           2004        M12                 588
JTS62000000JOL           2005        M01                 549
JTS62000000JOL           2005        M02                 582
JTS62000000JOL           2005        M03                 601
JTS62000000JOL           2005        M04                 578
JTS62000000JOL           2005        M05                 606
JTS62000000JOL           2005        M06                 587
JTS62000000JOL           2005        M07                 632
JTS62000000JOL           2005        M08                 598
JTS62000000JOL           2005        M09                 608
JTS62000000JOL           2005        M10                 587
JTS62000000JOL           2005        M11                 591
JTS62000000JOL           2005        M12                 602
JTS62000000JOL           2006        M01                 645
JTS62000000JOL           2006        M02                 665
JTS62000000JOL           2006        M03                 657
JTS62000000JOL           2006        M04                 676
JTS62000000JOL           2006        M05                 632
JTS62000000JOL           2006        M06                 692
JTS62000000JOL           2006        M07                 579
JTS62000000JOL           2006        M08                 706
JTS62000000JOL           2006        M09                 695
JTS62000000JOL           2006        M10                 727
JTS62000000JOL           2006        M11                 710
JTS62000000JOL           2006        M12                 696
JTS62000000JOL           2007        M01                 684
JTS62000000JOL           2007        M02                 654
JTS62000000JOL           2007        M03                 680
JTS62000000JOL           2007        M04                 699
JTS62000000JOL           2007        M05                 728
JTS62000000JOL           2007        M06                 737
JTS62000000JOL           2007        M07                 639
JTS62000000JOL           2007        M08                 715
JTS62000000JOL           2007        M09                 798
JTS62000000JOL           2007        M10                 672
JTS62000000JOL           2007        M11                 698
JTS62000000JOL           2007        M12                 693
JTS62000000JOL           2008        M01                 660
JTS62000000JOL           2008        M02                 753
JTS62000000JOL           2008        M03                 729
JTS62000000JOL           2008        M04                 683
JTS62000000JOL           2008        M05                 684
JTS62000000JOL           2008        M06                 672
JTS62000000JOL           2008        M07                 663
JTS62000000JOL           2008        M08                 629
JTS62000000JOL           2008        M09                 570
JTS62000000JOL           2008        M10                 582
JTS62000000JOL           2008        M11                 566
JTS62000000JOL           2008        M12                 566
JTS62000000JOL           2009        M01                 531
JTS62000000JOL           2009        M02                 515
JTS62000000JOL           2009        M03                 476
JTS62000000JOL           2009        M04                 468
JTS62000000JOL           2009        M05                 489
JTS62000000JOL           2009        M06                 478
JTS62000000JOL           2009        M07                 493
JTS62000000JOL           2009        M08                 477
JTS62000000JOL           2009        M09                 526
JTS62000000JOL           2009        M10                 491
JTS62000000JOL           2009        M11                 487
JTS62000000JOL           2009        M12                 496
JTS62000000JOL           2010        M01                 556
JTS62000000JOL           2010        M02                 474
JTS62000000JOL           2010        M03                 452
JTS62000000JOL           2010        M04                 469
JTS62000000JOL           2010        M05                 441
JTS62000000JOL           2010        M06                 435
JTS62000000JOL           2010        M07                 467
JTS62000000JOL           2010        M08                 422
JTS62000000JOL           2010        M09                 473
JTS62000000JOL           2010        M10                 547
JTS62000000JOL           2010        M11                 488
JTS62000000JOL           2010        M12                 497
JTS62000000JOL           2011        M01                 458
JTS62000000JOL           2011        M02                 490
JTS62000000JOL           2011        M03                 520
JTS62000000JOL           2011        M04                 520
JTS62000000JOL           2011        M05                 533
JTS62000000JOL           2011        M06                 542
JTS62000000JOL           2011        M07                 540
JTS62000000JOL           2011        M08                 545
JTS62000000JOL           2011        M09                 537
JTS62000000JOL           2011        M10                 563
JTS62000000JOL           2011        M11                 581
JTS62000000JOL           2011        M12                 566
JTS62000000JOL           2012        M01                 616
JTS62000000JOL           2012        M02                 624
JTS62000000JOL           2012        M03                 629
JTS62000000JOL           2012        M04                 625
JTS62000000JOL           2012        M05                 639
JTS62000000JOL           2012        M06                 697
JTS62000000JOL           2012        M07                 598
JTS62000000JOL           2012        M08                 596
JTS62000000JOL           2012        M09                 647
JTS62000000JOL           2012        M10                 644
JTS62000000JOL           2012        M11                 643
JTS62000000JOL           2012        M12                 633
JTS62000000JOL           2013        M01                 536
JTS62000000JOL           2013        M02                 634
JTS62000000JOL           2013        M03                 643
JTS62000000JOL           2013        M04                 657
JTS62000000JOL           2013        M05                 616
JTS62000000JOL           2013        M06                 628
JTS62000000JOL           2013        M07                 600
JTS62000000JOL           2013        M08                 672
JTS62000000JOL           2013        M09                 597
JTS62000000JOL           2013        M10                 588
JTS62000000JOL           2013        M11                 599
JTS62000000JOL           2013        M12                 529
JTS62000000JOL           2014        M01                 634
JTS62000000JOL           2014        M02                 650
JTS62000000JOL           2014        M03                 664
JTS62000000JOL           2014        M04                 659
JTS62000000JOL           2014        M05                 736
JTS62000000JOL           2014        M06                 717
JTS62000000JOL           2014        M07                 771
JTS62000000JOL           2014        M08                 852
JTS62000000JOL           2014        M09                 776
JTS62000000JOL           2014        M10                 830
JTS62000000JOL           2014        M11                 709
JTS62000000JOL           2014        M12                 830
JTS62000000JOL           2015        M01                 813
JTS62000000JOL           2015        M02                 852
JTS62000000JOL           2015        M03                 790
JTS62000000JOL           2015        M04                 950
JTS62000000JOL           2015        M05                 877
JTS62000000JOL           2015        M06                 902
JTS62000000JOL           2015        M07                1021
JTS62000000JOL           2015        M08                 951
JTS62000000JOL           2015        M09                 982
JTS62000000JOL           2015        M10                 935
JTS62000000JOL           2015        M11                 978
JTS62000000JOL           2015        M12                 965
JTS62000000JOL           2016        M01                1063
JTS62000000JOL           2016        M02                 940
JTS62000000JOL           2016        M03                 962
JTS62000000JOL           2016        M04                 963
JTS62000000JOL           2016        M05                 959
JTS62000000JOL           2016        M06                1007
JTS62000000JOL           2016        M07                 984
JTS62000000JOL           2016        M08                 960
JTS62000000JOL           2016        M09                 978
JTS62000000JOL           2016        M10                1054
JTS62000000JOL           2016        M11                1048
JTS62000000JOL           2016        M12                1065
JTS62000000JOL           2017        M01                1065
JTS62000000JOL           2017        M02                1115
JTS62000000JOL           2017        M03                1016
JTS62000000JOL           2017        M04                1020
JTS62000000JOL           2017        M05                1010
JTS62000000JOL           2017        M06                1111
JTS62000000JOL           2017        M07                1020
JTS62000000JOL           2017        M08                1087
JTS62000000JOL           2017        M09                1037
JTS62000000JOL           2017        M10                1009
JTS62000000JOL           2017        M11                1008
JTS62000000JOL           2017        M12                1062        p
JTS62000000JOR           2000        M12                 5.9
JTS62000000JOR           2001        M01                 5.7
JTS62000000JOR           2001        M02                 5.5
JTS62000000JOR           2001        M03                 5.2
JTS62000000JOR           2001        M04                 4.7
JTS62000000JOR           2001        M05                 5.0
JTS62000000JOR           2001        M06                 5.1
JTS62000000JOR           2001        M07                 5.2
JTS62000000JOR           2001        M08                 5.8
JTS62000000JOR           2001        M09                 4.9
JTS62000000JOR           2001        M10                 4.8
JTS62000000JOR           2001        M11                 4.7
JTS62000000JOR           2001        M12                 4.9
JTS62000000JOR           2002        M01                 4.9
JTS62000000JOR           2002        M02                 4.7
JTS62000000JOR           2002        M03                 4.8
JTS62000000JOR           2002        M04                 4.5
JTS62000000JOR           2002        M05                 4.2
JTS62000000JOR           2002        M06                 4.5
JTS62000000JOR           2002        M07                 4.3
JTS62000000JOR           2002        M08                 4.6
JTS62000000JOR           2002        M09                 4.4
JTS62000000JOR           2002        M10                 4.3
JTS62000000JOR           2002        M11                 4.6
JTS62000000JOR           2002        M12                 4.1
JTS62000000JOR           2003        M01                 4.0
JTS62000000JOR           2003        M02                 3.9
JTS62000000JOR           2003        M03                 3.7
JTS62000000JOR           2003        M04                 3.9
JTS62000000JOR           2003        M05                 4.2
JTS62000000JOR           2003        M06                 3.7
JTS62000000JOR           2003        M07                 3.5
JTS62000000JOR           2003        M08                 3.5
JTS62000000JOR           2003        M09                 3.5
JTS62000000JOR           2003        M10                 3.7
JTS62000000JOR           2003        M11                 3.7
JTS62000000JOR           2003        M12                 3.5
JTS62000000JOR           2004        M01                 4.0
JTS62000000JOR           2004        M02                 3.7
JTS62000000JOR           2004        M03                 3.7
JTS62000000JOR           2004        M04                 3.7
JTS62000000JOR           2004        M05                 3.8
JTS62000000JOR           2004        M06                 3.4
JTS62000000JOR           2004        M07                 3.7
JTS62000000JOR           2004        M08                 3.6
JTS62000000JOR           2004        M09                 3.7
JTS62000000JOR           2004        M10                 3.7
JTS62000000JOR           2004        M11                 3.7
JTS62000000JOR           2004        M12                 3.9
JTS62000000JOR           2005        M01                 3.6
JTS62000000JOR           2005        M02                 3.8
JTS62000000JOR           2005        M03                 3.9
JTS62000000JOR           2005        M04                 3.8
JTS62000000JOR           2005        M05                 3.9
JTS62000000JOR           2005        M06                 3.8
JTS62000000JOR           2005        M07                 4.1
JTS62000000JOR           2005        M08                 3.9
JTS62000000JOR           2005        M09                 3.9
JTS62000000JOR           2005        M10                 3.8
JTS62000000JOR           2005        M11                 3.8
JTS62000000JOR           2005        M12                 3.9
JTS62000000JOR           2006        M01                 4.1
JTS62000000JOR           2006        M02                 4.2
JTS62000000JOR           2006        M03                 4.2
JTS62000000JOR           2006        M04                 4.3
JTS62000000JOR           2006        M05                 4.0
JTS62000000JOR           2006        M06                 4.3
JTS62000000JOR           2006        M07                 3.7
JTS62000000JOR           2006        M08                 4.4
JTS62000000JOR           2006        M09                 4.3
JTS62000000JOR           2006        M10                 4.5
JTS62000000JOR           2006        M11                 4.4
JTS62000000JOR           2006        M12                 4.3
JTS62000000JOR           2007        M01                 4.2
JTS62000000JOR           2007        M02                 4.0
JTS62000000JOR           2007        M03                 4.2
JTS62000000JOR           2007        M04                 4.3
JTS62000000JOR           2007        M05                 4.4
JTS62000000JOR           2007        M06                 4.5
JTS62000000JOR           2007        M07                 3.9
JTS62000000JOR           2007        M08                 4.3
JTS62000000JOR           2007        M09                 4.8
JTS62000000JOR           2007        M10                 4.1
JTS62000000JOR           2007        M11                 4.2
JTS62000000JOR           2007        M12                 4.2
JTS62000000JOR           2008        M01                 4.0
JTS62000000JOR           2008        M02                 4.5
JTS62000000JOR           2008        M03                 4.3
JTS62000000JOR           2008        M04                 4.1
JTS62000000JOR           2008        M05                 4.1
JTS62000000JOR           2008        M06                 4.0
JTS62000000JOR           2008        M07                 3.9
JTS62000000JOR           2008        M08                 3.7
JTS62000000JOR           2008        M09                 3.4
JTS62000000JOR           2008        M10                 3.4
JTS62000000JOR           2008        M11                 3.3
JTS62000000JOR           2008        M12                 3.3
JTS62000000JOR           2009        M01                 3.1
JTS62000000JOR           2009        M02                 3.0
JTS62000000JOR           2009        M03                 2.8
JTS62000000JOR           2009        M04                 2.8
JTS62000000JOR           2009        M05                 2.9
JTS62000000JOR           2009        M06                 2.8
JTS62000000JOR           2009        M07                 2.9
JTS62000000JOR           2009        M08                 2.8
JTS62000000JOR           2009        M09                 3.1
JTS62000000JOR           2009        M10                 2.9
JTS62000000JOR           2009        M11                 2.8
JTS62000000JOR           2009        M12                 2.9
JTS62000000JOR           2010        M01                 3.2
JTS62000000JOR           2010        M02                 2.8
JTS62000000JOR           2010        M03                 2.6
JTS62000000JOR           2010        M04                 2.7
JTS62000000JOR           2010        M05                 2.6
JTS62000000JOR           2010        M06                 2.5
JTS62000000JOR           2010        M07                 2.7
JTS62000000JOR           2010        M08                 2.4
JTS62000000JOR           2010        M09                 2.7
JTS62000000JOR           2010        M10                 3.1
JTS62000000JOR           2010        M11                 2.8
JTS62000000JOR           2010        M12                 2.8
JTS62000000JOR           2011        M01                 2.6
JTS62000000JOR           2011        M02                 2.8
JTS62000000JOR           2011        M03                 3.0
JTS62000000JOR           2011        M04                 3.0
JTS62000000JOR           2011        M05                 3.0
JTS62000000JOR           2011        M06                 3.1
JTS62000000JOR           2011        M07                 3.1
JTS62000000JOR           2011        M08                 3.1
JTS62000000JOR           2011        M09                 3.0
JTS62000000JOR           2011        M10                 3.2
JTS62000000JOR           2011        M11                 3.3
JTS62000000JOR           2011        M12                 3.2
JTS62000000JOR           2012        M01                 3.4
JTS62000000JOR           2012        M02                 3.5
JTS62000000JOR           2012        M03                 3.5
JTS62000000JOR           2012        M04                 3.5
JTS62000000JOR           2012        M05                 3.5
JTS62000000JOR           2012        M06                 3.9
JTS62000000JOR           2012        M07                 3.3
JTS62000000JOR           2012        M08                 3.3
JTS62000000JOR           2012        M09                 3.6
JTS62000000JOR           2012        M10                 3.5
JTS62000000JOR           2012        M11                 3.5
JTS62000000JOR           2012        M12                 3.5
JTS62000000JOR           2013        M01                 3.0
JTS62000000JOR           2013        M02                 3.5
JTS62000000JOR           2013        M03                 3.5
JTS62000000JOR           2013        M04                 3.6
JTS62000000JOR           2013        M05                 3.4
JTS62000000JOR           2013        M06                 3.4
JTS62000000JOR           2013        M07                 3.3
JTS62000000JOR           2013        M08                 3.6
JTS62000000JOR           2013        M09                 3.2
JTS62000000JOR           2013        M10                 3.2
JTS62000000JOR           2013        M11                 3.2
JTS62000000JOR           2013        M12                 2.9
JTS62000000JOR           2014        M01                 3.4
JTS62000000JOR           2014        M02                 3.5
JTS62000000JOR           2014        M03                 3.6
JTS62000000JOR           2014        M04                 3.5
JTS62000000JOR           2014        M05                 3.9
JTS62000000JOR           2014        M06                 3.8
JTS62000000JOR           2014        M07                 4.1
JTS62000000JOR           2014        M08                 4.5
JTS62000000JOR           2014        M09                 4.1
JTS62000000JOR           2014        M10                 4.4
JTS62000000JOR           2014        M11                 3.8
JTS62000000JOR           2014        M12                 4.4
JTS62000000JOR           2015        M01                 4.3
JTS62000000JOR           2015        M02                 4.4
JTS62000000JOR           2015        M03                 4.1
JTS62000000JOR           2015        M04                 4.9
JTS62000000JOR           2015        M05                 4.5
JTS62000000JOR           2015        M06                 4.6
JTS62000000JOR           2015        M07                 5.2
JTS62000000JOR           2015        M08                 4.9
JTS62000000JOR           2015        M09                 5.0
JTS62000000JOR           2015        M10                 4.8
JTS62000000JOR           2015        M11                 5.0
JTS62000000JOR           2015        M12                 4.9
JTS62000000JOR           2016        M01                 5.3
JTS62000000JOR           2016        M02                 4.7
JTS62000000JOR           2016        M03                 4.8
JTS62000000JOR           2016        M04                 4.8
JTS62000000JOR           2016        M05                 4.8
JTS62000000JOR           2016        M06                 5.0
JTS62000000JOR           2016        M07                 4.9
JTS62000000JOR           2016        M08                 4.8
JTS62000000JOR           2016        M09                 4.9
JTS62000000JOR           2016        M10                 5.2
JTS62000000JOR           2016        M11                 5.2
JTS62000000JOR           2016        M12                 5.2
JTS62000000JOR           2017        M01                 5.2
JTS62000000JOR           2017        M02                 5.5
JTS62000000JOR           2017        M03                 5.0
JTS62000000JOR           2017        M04                 5.0
JTS62000000JOR           2017        M05                 4.9
JTS62000000JOR           2017        M06                 5.4
JTS62000000JOR           2017        M07                 5.0
JTS62000000JOR           2017        M08                 5.3
JTS62000000JOR           2017        M09                 5.0
JTS62000000JOR           2017        M10                 4.9
JTS62000000JOR           2017        M11                 4.9
JTS62000000JOR           2017        M12                 5.1        p
JTS70000000JOL           2000        M12                 537
JTS70000000JOL           2001        M01                 699
JTS70000000JOL           2001        M02                 615
JTS70000000JOL           2001        M03                 681
JTS70000000JOL           2001        M04                 626
JTS70000000JOL           2001        M05                 617
JTS70000000JOL           2001        M06                 448
JTS70000000JOL           2001        M07                 612
JTS70000000JOL           2001        M08                 569
JTS70000000JOL           2001        M09                 565
JTS70000000JOL           2001        M10                 436
JTS70000000JOL           2001        M11                 475
JTS70000000JOL           2001        M12                 447
JTS70000000JOL           2002        M01                 382
JTS70000000JOL           2002        M02                 430
JTS70000000JOL           2002        M03                 428
JTS70000000JOL           2002        M04                 413
JTS70000000JOL           2002        M05                 413
JTS70000000JOL           2002        M06                 353
JTS70000000JOL           2002        M07                 360
JTS70000000JOL           2002        M08                 408
JTS70000000JOL           2002        M09                 367
JTS70000000JOL           2002        M10                 374
JTS70000000JOL           2002        M11                 431
JTS70000000JOL           2002        M12                 375
JTS70000000JOL           2003        M01                 398
JTS70000000JOL           2003        M02                 367
JTS70000000JOL           2003        M03                 346
JTS70000000JOL           2003        M04                 370
JTS70000000JOL           2003        M05                 371
JTS70000000JOL           2003        M06                 421
JTS70000000JOL           2003        M07                 355
JTS70000000JOL           2003        M08                 359
JTS70000000JOL           2003        M09                 399
JTS70000000JOL           2003        M10                 425
JTS70000000JOL           2003        M11                 396
JTS70000000JOL           2003        M12                 477
JTS70000000JOL           2004        M01                 443
JTS70000000JOL           2004        M02                 441
JTS70000000JOL           2004        M03                 426
JTS70000000JOL           2004        M04                 403
JTS70000000JOL           2004        M05                 417
JTS70000000JOL           2004        M06                 464
JTS70000000JOL           2004        M07                 465
JTS70000000JOL           2004        M08                 475
JTS70000000JOL           2004        M09                 461
JTS70000000JOL           2004        M10                 466
JTS70000000JOL           2004        M11                 427
JTS70000000JOL           2004        M12                 460
JTS70000000JOL           2005        M01                 493
JTS70000000JOL           2005        M02                 543
JTS70000000JOL           2005        M03                 474
JTS70000000JOL           2005        M04                 588
JTS70000000JOL           2005        M05                 491
JTS70000000JOL           2005        M06                 498
JTS70000000JOL           2005        M07                 546
JTS70000000JOL           2005        M08                 479
JTS70000000JOL           2005        M09                 466
JTS70000000JOL           2005        M10                 473
JTS70000000JOL           2005        M11                 551
JTS70000000JOL           2005        M12                 530
JTS70000000JOL           2006        M01                 555
JTS70000000JOL           2006        M02                 580
JTS70000000JOL           2006        M03                 593
JTS70000000JOL           2006        M04                 646
JTS70000000JOL           2006        M05                 563
JTS70000000JOL           2006        M06                 527
JTS70000000JOL           2006        M07                 545
JTS70000000JOL           2006        M08                 540
JTS70000000JOL           2006        M09                 557
JTS70000000JOL           2006        M10                 600
JTS70000000JOL           2006        M11                 647
JTS70000000JOL           2006        M12                 584
JTS70000000JOL           2007        M01                 549
JTS70000000JOL           2007        M02                 563
JTS70000000JOL           2007        M03                 594
JTS70000000JOL           2007        M04                 562
JTS70000000JOL           2007        M05                 599
JTS70000000JOL           2007        M06                 595
JTS70000000JOL           2007        M07                 595
JTS70000000JOL           2007        M08                 636
JTS70000000JOL           2007        M09                 636
JTS70000000JOL           2007        M10                 615
JTS70000000JOL           2007        M11                 630
JTS70000000JOL           2007        M12                 580
JTS70000000JOL           2008        M01                 578
JTS70000000JOL           2008        M02                 557
JTS70000000JOL           2008        M03                 547
JTS70000000JOL           2008        M04                 542
JTS70000000JOL           2008        M05                 533
JTS70000000JOL           2008        M06                 487
JTS70000000JOL           2008        M07                 451
JTS70000000JOL           2008        M08                 397
JTS70000000JOL           2008        M09                 406
JTS70000000JOL           2008        M10                 384
JTS70000000JOL           2008        M11                 326
JTS70000000JOL           2008        M12                 313
JTS70000000JOL           2009        M01                 234
JTS70000000JOL           2009        M02                 308
JTS70000000JOL           2009        M03                 269
JTS70000000JOL           2009        M04                 274
JTS70000000JOL           2009        M05                 264
JTS70000000JOL           2009        M06                 261
JTS70000000JOL           2009        M07                 220
JTS70000000JOL           2009        M08                 198
JTS70000000JOL           2009        M09                 289
JTS70000000JOL           2009        M10                 247
JTS70000000JOL           2009        M11                 262
JTS70000000JOL           2009        M12                 256
JTS70000000JOL           2010        M01                 262
JTS70000000JOL           2010        M02                 244
JTS70000000JOL           2010        M03                 225
JTS70000000JOL           2010        M04                 266
JTS70000000JOL           2010        M05                 287
JTS70000000JOL           2010        M06                 282
JTS70000000JOL           2010        M07                 306
JTS70000000JOL           2010        M08                 344
JTS70000000JOL           2010        M09                 281
JTS70000000JOL           2010        M10                 301
JTS70000000JOL           2010        M11                 291
JTS70000000JOL           2010        M12                 302
JTS70000000JOL           2011        M01                 320
JTS70000000JOL           2011        M02                 407
JTS70000000JOL           2011        M03                 374
JTS70000000JOL           2011        M04                 317
JTS70000000JOL           2011        M05                 328
JTS70000000JOL           2011        M06                 360
JTS70000000JOL           2011        M07                 321
JTS70000000JOL           2011        M08                 372
JTS70000000JOL           2011        M09                 419
JTS70000000JOL           2011        M10                 407
JTS70000000JOL           2011        M11                 414
JTS70000000JOL           2011        M12                 418
JTS70000000JOL           2012        M01                 456
JTS70000000JOL           2012        M02                 408
JTS70000000JOL           2012        M03                 421
JTS70000000JOL           2012        M04                 465
JTS70000000JOL           2012        M05                 447
JTS70000000JOL           2012        M06                 459
JTS70000000JOL           2012        M07                 465
JTS70000000JOL           2012        M08                 422
JTS70000000JOL           2012        M09                 376
JTS70000000JOL           2012        M10                 444
JTS70000000JOL           2012        M11                 485
JTS70000000JOL           2012        M12                 492
JTS70000000JOL           2013        M01                 474
JTS70000000JOL           2013        M02                 493
JTS70000000JOL           2013        M03                 489
JTS70000000JOL           2013        M04                 463
JTS70000000JOL           2013        M05                 460
JTS70000000JOL           2013        M06                 488
JTS70000000JOL           2013        M07                 519
JTS70000000JOL           2013        M08                 541
JTS70000000JOL           2013        M09                 550
JTS70000000JOL           2013        M10                 535
JTS70000000JOL           2013        M11                 564
JTS70000000JOL           2013        M12                 586
JTS70000000JOL           2014        M01                 611
JTS70000000JOL           2014        M02                 594
JTS70000000JOL           2014        M03                 607
JTS70000000JOL           2014        M04                 666
JTS70000000JOL           2014        M05                 735
JTS70000000JOL           2014        M06                 698
JTS70000000JOL           2014        M07                 592
JTS70000000JOL           2014        M08                 694
JTS70000000JOL           2014        M09                 673
JTS70000000JOL           2014        M10                 707
JTS70000000JOL           2014        M11                 623
JTS70000000JOL           2014        M12                 685
JTS70000000JOL           2015        M01                 777
JTS70000000JOL           2015        M02                 734
JTS70000000JOL           2015        M03                 725
JTS70000000JOL           2015        M04                 741
JTS70000000JOL           2015        M05                 722
JTS70000000JOL           2015        M06                 663
JTS70000000JOL           2015        M07                 781
JTS70000000JOL           2015        M08                 714
JTS70000000JOL           2015        M09                 704
JTS70000000JOL           2015        M10                 748
JTS70000000JOL           2015        M11                 739
JTS70000000JOL           2015        M12                 729
JTS70000000JOL           2016        M01                 734
JTS70000000JOL           2016        M02                 775
JTS70000000JOL           2016        M03                 812
JTS70000000JOL           2016        M04                 766
JTS70000000JOL           2016        M05                 746
JTS70000000JOL           2016        M06                 736
JTS70000000JOL           2016        M07                 760
JTS70000000JOL           2016        M08                 750
JTS70000000JOL           2016        M09                 724
JTS70000000JOL           2016        M10                 731
JTS70000000JOL           2016        M11                 756
JTS70000000JOL           2016        M12                 730
JTS70000000JOL           2017        M01                 729
JTS70000000JOL           2017        M02                 784
JTS70000000JOL           2017        M03                 735
JTS70000000JOL           2017        M04                 827
JTS70000000JOL           2017        M05                 798
JTS70000000JOL           2017        M06                 819
JTS70000000JOL           2017        M07                 839
JTS70000000JOL           2017        M08                 859
JTS70000000JOL           2017        M09                 770
JTS70000000JOL           2017        M10                 848
JTS70000000JOL           2017        M11                 848
JTS70000000JOL           2017        M12                 890        p
JTS70000000JOR           2000        M12                 4.3
JTS70000000JOR           2001        M01                 5.5
JTS70000000JOR           2001        M02                 4.9
JTS70000000JOR           2001        M03                 5.4
JTS70000000JOR           2001        M04                 4.9
JTS70000000JOR           2001        M05                 4.9
JTS70000000JOR           2001        M06                 3.6
JTS70000000JOR           2001        M07                 4.8
JTS70000000JOR           2001        M08                 4.5
JTS70000000JOR           2001        M09                 4.5
JTS70000000JOR           2001        M10                 3.5
JTS70000000JOR           2001        M11                 3.8
JTS70000000JOR           2001        M12                 3.6
JTS70000000JOR           2002        M01                 3.1
JTS70000000JOR           2002        M02                 3.5
JTS70000000JOR           2002        M03                 3.5
JTS70000000JOR           2002        M04                 3.3
JTS70000000JOR           2002        M05                 3.3
JTS70000000JOR           2002        M06                 2.9
JTS70000000JOR           2002        M07                 2.9
JTS70000000JOR           2002        M08                 3.3
JTS70000000JOR           2002        M09                 3.0
JTS70000000JOR           2002        M10                 3.0
JTS70000000JOR           2002        M11                 3.4
JTS70000000JOR           2002        M12                 3.0
JTS70000000JOR           2003        M01                 3.2
JTS70000000JOR           2003        M02                 2.9
JTS70000000JOR           2003        M03                 2.8
JTS70000000JOR           2003        M04                 3.0
JTS70000000JOR           2003        M05                 3.0
JTS70000000JOR           2003        M06                 3.4
JTS70000000JOR           2003        M07                 2.8
JTS70000000JOR           2003        M08                 2.9
JTS70000000JOR           2003        M09                 3.2
JTS70000000JOR           2003        M10                 3.3
JTS70000000JOR           2003        M11                 3.1
JTS70000000JOR           2003        M12                 3.7
JTS70000000JOR           2004        M01                 3.5
JTS70000000JOR           2004        M02                 3.4
JTS70000000JOR           2004        M03                 3.3
JTS70000000JOR           2004        M04                 3.1
JTS70000000JOR           2004        M05                 3.2
JTS70000000JOR           2004        M06                 3.6
JTS70000000JOR           2004        M07                 3.6
JTS70000000JOR           2004        M08                 3.7
JTS70000000JOR           2004        M09                 3.5
JTS70000000JOR           2004        M10                 3.6
JTS70000000JOR           2004        M11                 3.3
JTS70000000JOR           2004        M12                 3.5
JTS70000000JOR           2005        M01                 3.7
JTS70000000JOR           2005        M02                 4.1
JTS70000000JOR           2005        M03                 3.6
JTS70000000JOR           2005        M04                 4.4
JTS70000000JOR           2005        M05                 3.7
JTS70000000JOR           2005        M06                 3.7
JTS70000000JOR           2005        M07                 4.1
JTS70000000JOR           2005        M08                 3.6
JTS70000000JOR           2005        M09                 3.5
JTS70000000JOR           2005        M10                 3.6
JTS70000000JOR           2005        M11                 4.1
JTS70000000JOR           2005        M12                 3.9
JTS70000000JOR           2006        M01                 4.1
JTS70000000JOR           2006        M02                 4.3
JTS70000000JOR           2006        M03                 4.3
JTS70000000JOR           2006        M04                 4.7
JTS70000000JOR           2006        M05                 4.1
JTS70000000JOR           2006        M06                 3.9
JTS70000000JOR           2006        M07                 4.0
JTS70000000JOR           2006        M08                 3.9
JTS70000000JOR           2006        M09                 4.1
JTS70000000JOR           2006        M10                 4.4
JTS70000000JOR           2006        M11                 4.7
JTS70000000JOR           2006        M12                 4.2
JTS70000000JOR           2007        M01                 4.0
JTS70000000JOR           2007        M02                 4.0
JTS70000000JOR           2007        M03                 4.3
JTS70000000JOR           2007        M04                 4.0
JTS70000000JOR           2007        M05                 4.3
JTS70000000JOR           2007        M06                 4.2
JTS70000000JOR           2007        M07                 4.2
JTS70000000JOR           2007        M08                 4.5
JTS70000000JOR           2007        M09                 4.5
JTS70000000JOR           2007        M10                 4.4
JTS70000000JOR           2007        M11                 4.4
JTS70000000JOR           2007        M12                 4.1
JTS70000000JOR           2008        M01                 4.1
JTS70000000JOR           2008        M02                 3.9
JTS70000000JOR           2008        M03                 3.9
JTS70000000JOR           2008        M04                 3.9
JTS70000000JOR           2008        M05                 3.8
JTS70000000JOR           2008        M06                 3.5
JTS70000000JOR           2008        M07                 3.2
JTS70000000JOR           2008        M08                 2.9
JTS70000000JOR           2008        M09                 2.9
JTS70000000JOR           2008        M10                 2.8
JTS70000000JOR           2008        M11                 2.4
JTS70000000JOR           2008        M12                 2.3
JTS70000000JOR           2009        M01                 1.7
JTS70000000JOR           2009        M02                 2.3
JTS70000000JOR           2009        M03                 2.0
JTS70000000JOR           2009        M04                 2.1
JTS70000000JOR           2009        M05                 2.0
JTS70000000JOR           2009        M06                 2.0
JTS70000000JOR           2009        M07                 1.7
JTS70000000JOR           2009        M08                 1.5
JTS70000000JOR           2009        M09                 2.2
JTS70000000JOR           2009        M10                 1.9
JTS70000000JOR           2009        M11                 2.0
JTS70000000JOR           2009        M12                 1.9
JTS70000000JOR           2010        M01                 2.0
JTS70000000JOR           2010        M02                 1.8
JTS70000000JOR           2010        M03                 1.7
JTS70000000JOR           2010        M04                 2.0
JTS70000000JOR           2010        M05                 2.2
JTS70000000JOR           2010        M06                 2.1
JTS70000000JOR           2010        M07                 2.3
JTS70000000JOR           2010        M08                 2.6
JTS70000000JOR           2010        M09                 2.1
JTS70000000JOR           2010        M10                 2.2
JTS70000000JOR           2010        M11                 2.2
JTS70000000JOR           2010        M12                 2.2
JTS70000000JOR           2011        M01                 2.4
JTS70000000JOR           2011        M02                 3.0
JTS70000000JOR           2011        M03                 2.7
JTS70000000JOR           2011        M04                 2.3
JTS70000000JOR           2011        M05                 2.4
JTS70000000JOR           2011        M06                 2.6
JTS70000000JOR           2011        M07                 2.3
JTS70000000JOR           2011        M08                 2.7
JTS70000000JOR           2011        M09                 3.0
JTS70000000JOR           2011        M10                 2.9
JTS70000000JOR           2011        M11                 3.0
JTS70000000JOR           2011        M12                 3.0
JTS70000000JOR           2012        M01                 3.2
JTS70000000JOR           2012        M02                 2.9
JTS70000000JOR           2012        M03                 3.0
JTS70000000JOR           2012        M04                 3.3
JTS70000000JOR           2012        M05                 3.2
JTS70000000JOR           2012        M06                 3.2
JTS70000000JOR           2012        M07                 3.3
JTS70000000JOR           2012        M08                 3.0
JTS70000000JOR           2012        M09                 2.6
JTS70000000JOR           2012        M10                 3.1
JTS70000000JOR           2012        M11                 3.4
JTS70000000JOR           2012        M12                 3.4
JTS70000000JOR           2013        M01                 3.3
JTS70000000JOR           2013        M02                 3.4
JTS70000000JOR           2013        M03                 3.4
JTS70000000JOR           2013        M04                 3.2
JTS70000000JOR           2013        M05                 3.1
JTS70000000JOR           2013        M06                 3.3
JTS70000000JOR           2013        M07                 3.5
JTS70000000JOR           2013        M08                 3.6
JTS70000000JOR           2013        M09                 3.7
JTS70000000JOR           2013        M10                 3.6
JTS70000000JOR           2013        M11                 3.8
JTS70000000JOR           2013        M12                 3.9
JTS70000000JOR           2014        M01                 4.0
JTS70000000JOR           2014        M02                 3.9
JTS70000000JOR           2014        M03                 4.0
JTS70000000JOR           2014        M04                 4.4
JTS70000000JOR           2014        M05                 4.8
JTS70000000JOR           2014        M06                 4.5
JTS70000000JOR           2014        M07                 3.9
JTS70000000JOR           2014        M08                 4.5
JTS70000000JOR           2014        M09                 4.4
JTS70000000JOR           2014        M10                 4.6
JTS70000000JOR           2014        M11                 4.0
JTS70000000JOR           2014        M12                 4.4
JTS70000000JOR           2015        M01                 5.0
JTS70000000JOR           2015        M02                 4.7
JTS70000000JOR           2015        M03                 4.6
JTS70000000JOR           2015        M04                 4.7
JTS70000000JOR           2015        M05                 4.6
JTS70000000JOR           2015        M06                 4.2
JTS70000000JOR           2015        M07                 4.9
JTS70000000JOR           2015        M08                 4.5
JTS70000000JOR           2015        M09                 4.4
JTS70000000JOR           2015        M10                 4.7
JTS70000000JOR           2015        M11                 4.6
JTS70000000JOR           2015        M12                 4.5
JTS70000000JOR           2016        M01                 4.5
JTS70000000JOR           2016        M02                 4.8
JTS70000000JOR           2016        M03                 5.0
JTS70000000JOR           2016        M04                 4.7
JTS70000000JOR           2016        M05                 4.6
JTS70000000JOR           2016        M06                 4.5
JTS70000000JOR           2016        M07                 4.6
JTS70000000JOR           2016        M08                 4.6
JTS70000000JOR           2016        M09                 4.4
JTS70000000JOR           2016        M10                 4.5
JTS70000000JOR           2016        M11                 4.6
JTS70000000JOR           2016        M12                 4.4
JTS70000000JOR           2017        M01                 4.4
JTS70000000JOR           2017        M02                 4.7
JTS70000000JOR           2017        M03                 4.4
JTS70000000JOR           2017        M04                 5.0
JTS70000000JOR           2017        M05                 4.8
JTS70000000JOR           2017        M06                 4.9
JTS70000000JOR           2017        M07                 5.0
JTS70000000JOR           2017        M08                 5.1
JTS70000000JOR           2017        M09                 4.6
JTS70000000JOR           2017        M10                 5.0
JTS70000000JOR           2017        M11                 5.0
JTS70000000JOR           2017        M12                 5.3        p
JTS71000000JOL           2000        M12                  36
JTS71000000JOL           2001        M01                  72
JTS71000000JOL           2001        M02                  53
JTS71000000JOL           2001        M03                 111
JTS71000000JOL           2001        M04                  55
JTS71000000JOL           2001        M05                  64
JTS71000000JOL           2001        M06                  59
JTS71000000JOL           2001        M07                  72
JTS71000000JOL           2001        M08                  57
JTS71000000JOL           2001        M09                  69
JTS71000000JOL           2001        M10                  57
JTS71000000JOL           2001        M11                  59
JTS71000000JOL           2001        M12                  58
JTS71000000JOL           2002        M01                  52
JTS71000000JOL           2002        M02                  65
JTS71000000JOL           2002        M03                  75
JTS71000000JOL           2002        M04                  55
JTS71000000JOL           2002        M05                  56
JTS71000000JOL           2002        M06                  48
JTS71000000JOL           2002        M07                  29
JTS71000000JOL           2002        M08                  55
JTS71000000JOL           2002        M09                  35
JTS71000000JOL           2002        M10                  50
JTS71000000JOL           2002        M11                  57
JTS71000000JOL           2002        M12                  45
JTS71000000JOL           2003        M01                  37
JTS71000000JOL           2003        M02                  57
JTS71000000JOL           2003        M03                  30
JTS71000000JOL           2003        M04                  51
JTS71000000JOL           2003        M05                  41
JTS71000000JOL           2003        M06                  68
JTS71000000JOL           2003        M07                  58
JTS71000000JOL           2003        M08                  42
JTS71000000JOL           2003        M09                  44
JTS71000000JOL           2003        M10                  48
JTS71000000JOL           2003        M11                  44
JTS71000000JOL           2003        M12                  53
JTS71000000JOL           2004        M01                  65
JTS71000000JOL           2004        M02                  51
JTS71000000JOL           2004        M03                  47
JTS71000000JOL           2004        M04                  42
JTS71000000JOL           2004        M05                  62
JTS71000000JOL           2004        M06                  50
JTS71000000JOL           2004        M07                  38
JTS71000000JOL           2004        M08                  70
JTS71000000JOL           2004        M09                  70
JTS71000000JOL           2004        M10                  47
JTS71000000JOL           2004        M11                  58
JTS71000000JOL           2004        M12                  80
JTS71000000JOL           2005        M01                  63
JTS71000000JOL           2005        M02                  62
JTS71000000JOL           2005        M03                  61
JTS71000000JOL           2005        M04                  75
JTS71000000JOL           2005        M05                  64
JTS71000000JOL           2005        M06                  74
JTS71000000JOL           2005        M07                  89
JTS71000000JOL           2005        M08                  65
JTS71000000JOL           2005        M09                  48
JTS71000000JOL           2005        M10                  58
JTS71000000JOL           2005        M11                  63
JTS71000000JOL           2005        M12                  61
JTS71000000JOL           2006        M01                  73
JTS71000000JOL           2006        M02                  58
JTS71000000JOL           2006        M03                  58
JTS71000000JOL           2006        M04                  75
JTS71000000JOL           2006        M05                  53
JTS71000000JOL           2006        M06                  59
JTS71000000JOL           2006        M07                  66
JTS71000000JOL           2006        M08                  50
JTS71000000JOL           2006        M09                  99
JTS71000000JOL           2006        M10                  97
JTS71000000JOL           2006        M11                  82
JTS71000000JOL           2006        M12                  63
JTS71000000JOL           2007        M01                  77
JTS71000000JOL           2007        M02                  73
JTS71000000JOL           2007        M03                  72
JTS71000000JOL           2007        M04                  81
JTS71000000JOL           2007        M05                  69
JTS71000000JOL           2007        M06                  70
JTS71000000JOL           2007        M07                  60
JTS71000000JOL           2007        M08                  60
JTS71000000JOL           2007        M09                  63
JTS71000000JOL           2007        M10                  63
JTS71000000JOL           2007        M11                  97
JTS71000000JOL           2007        M12                  41
JTS71000000JOL           2008        M01                  56
JTS71000000JOL           2008        M02                  77
JTS71000000JOL           2008        M03                  70
JTS71000000JOL           2008        M04                  57
JTS71000000JOL           2008        M05                  63
JTS71000000JOL           2008        M06                  50
JTS71000000JOL           2008        M07                  50
JTS71000000JOL           2008        M08                  62
JTS71000000JOL           2008        M09                  40
JTS71000000JOL           2008        M10                  44
JTS71000000JOL           2008        M11                  35
JTS71000000JOL           2008        M12                  36
JTS71000000JOL           2009        M01                  28
JTS71000000JOL           2009        M02                  23
JTS71000000JOL           2009        M03                  22
JTS71000000JOL           2009        M04                  23
JTS71000000JOL           2009        M05                  22
JTS71000000JOL           2009        M06                  16
JTS71000000JOL           2009        M07                  16
JTS71000000JOL           2009        M08                  20
JTS71000000JOL           2009        M09                  26
JTS71000000JOL           2009        M10                  26
JTS71000000JOL           2009        M11                  25
JTS71000000JOL           2009        M12                  17
JTS71000000JOL           2010        M01                  16
JTS71000000JOL           2010        M02                  21
JTS71000000JOL           2010        M03                  28
JTS71000000JOL           2010        M04                  26
JTS71000000JOL           2010        M05                  44
JTS71000000JOL           2010        M06                  49
JTS71000000JOL           2010        M07                  42
JTS71000000JOL           2010        M08                  38
JTS71000000JOL           2010        M09                  36
JTS71000000JOL           2010        M10                  30
JTS71000000JOL           2010        M11                  28
JTS71000000JOL           2010        M12                  41
JTS71000000JOL           2011        M01                  34
JTS71000000JOL           2011        M02                  54
JTS71000000JOL           2011        M03                  43
JTS71000000JOL           2011        M04                  33
JTS71000000JOL           2011        M05                  36
JTS71000000JOL           2011        M06                  58
JTS71000000JOL           2011        M07                  72
JTS71000000JOL           2011        M08                  40
JTS71000000JOL           2011        M09                  59
JTS71000000JOL           2011        M10                  51
JTS71000000JOL           2011        M11                  54
JTS71000000JOL           2011        M12                  34
JTS71000000JOL           2012        M01                  69
JTS71000000JOL           2012        M02                  59
JTS71000000JOL           2012        M03                  47
JTS71000000JOL           2012        M04                  78
JTS71000000JOL           2012        M05                  55
JTS71000000JOL           2012        M06                  48
JTS71000000JOL           2012        M07                  58
JTS71000000JOL           2012        M08                  54
JTS71000000JOL           2012        M09                  51
JTS71000000JOL           2012        M10                  49
JTS71000000JOL           2012        M11                  55
JTS71000000JOL           2012        M12                  62
JTS71000000JOL           2013        M01                  55
JTS71000000JOL           2013        M02                  59
JTS71000000JOL           2013        M03                  57
JTS71000000JOL           2013        M04                  49
JTS71000000JOL           2013        M05                  44
JTS71000000JOL           2013        M06                  44
JTS71000000JOL           2013        M07                  47
JTS71000000JOL           2013        M08                  77
JTS71000000JOL           2013        M09                  64
JTS71000000JOL           2013        M10                  84
JTS71000000JOL           2013        M11                  85
JTS71000000JOL           2013        M12                  76
JTS71000000JOL           2014        M01                 101
JTS71000000JOL           2014        M02                  72
JTS71000000JOL           2014        M03                  57
JTS71000000JOL           2014        M04                  86
JTS71000000JOL           2014        M05                  86
JTS71000000JOL           2014        M06                  68
JTS71000000JOL           2014        M07                  68
JTS71000000JOL           2014        M08                  77
JTS71000000JOL           2014        M09                  59
JTS71000000JOL           2014        M10                  57
JTS71000000JOL           2014        M11                  49
JTS71000000JOL           2014        M12                  74
JTS71000000JOL           2015        M01                  72
JTS71000000JOL           2015        M02                  69
JTS71000000JOL           2015        M03                  93
JTS71000000JOL           2015        M04                  68
JTS71000000JOL           2015        M05                  66
JTS71000000JOL           2015        M06                  64
JTS71000000JOL           2015        M07                  68
JTS71000000JOL           2015        M08                  51
JTS71000000JOL           2015        M09                  61
JTS71000000JOL           2015        M10                  57
JTS71000000JOL           2015        M11                  69
JTS71000000JOL           2015        M12                  67
JTS71000000JOL           2016        M01                  73
JTS71000000JOL           2016        M02                  68
JTS71000000JOL           2016        M03                  99
JTS71000000JOL           2016        M04                  82
JTS71000000JOL           2016        M05                  71
JTS71000000JOL           2016        M06                  90
JTS71000000JOL           2016        M07                 112
JTS71000000JOL           2016        M08                  75
JTS71000000JOL           2016        M09                  75
JTS71000000JOL           2016        M10                  96
JTS71000000JOL           2016        M11                  96
JTS71000000JOL           2016        M12                  89
JTS71000000JOL           2017        M01                  83
JTS71000000JOL           2017        M02                  92
JTS71000000JOL           2017        M03                  77
JTS71000000JOL           2017        M04                  66
JTS71000000JOL           2017        M05                  58
JTS71000000JOL           2017        M06                  90
JTS71000000JOL           2017        M07                  84
JTS71000000JOL           2017        M08                  80
JTS71000000JOL           2017        M09                  88
JTS71000000JOL           2017        M10                  79
JTS71000000JOL           2017        M11                  75
JTS71000000JOL           2017        M12                  82        p
JTS71000000JOR           2000        M12                 2.0
JTS71000000JOR           2001        M01                 3.9
JTS71000000JOR           2001        M02                 2.9
JTS71000000JOR           2001        M03                 5.8
JTS71000000JOR           2001        M04                 2.9
JTS71000000JOR           2001        M05                 3.3
JTS71000000JOR           2001        M06                 3.1
JTS71000000JOR           2001        M07                 3.8
JTS71000000JOR           2001        M08                 3.0
JTS71000000JOR           2001        M09                 3.6
JTS71000000JOR           2001        M10                 3.0
JTS71000000JOR           2001        M11                 3.1
JTS71000000JOR           2001        M12                 3.1
JTS71000000JOR           2002        M01                 2.8
JTS71000000JOR           2002        M02                 3.5
JTS71000000JOR           2002        M03                 4.0
JTS71000000JOR           2002        M04                 3.0
JTS71000000JOR           2002        M05                 3.1
JTS71000000JOR           2002        M06                 2.7
JTS71000000JOR           2002        M07                 1.6
JTS71000000JOR           2002        M08                 3.1
JTS71000000JOR           2002        M09                 1.9
JTS71000000JOR           2002        M10                 2.7
JTS71000000JOR           2002        M11                 3.1
JTS71000000JOR           2002        M12                 2.4
JTS71000000JOR           2003        M01                 2.0
JTS71000000JOR           2003        M02                 3.0
JTS71000000JOR           2003        M03                 1.6
JTS71000000JOR           2003        M04                 2.8
JTS71000000JOR           2003        M05                 2.2
JTS71000000JOR           2003        M06                 3.6
JTS71000000JOR           2003        M07                 3.1
JTS71000000JOR           2003        M08                 2.3
JTS71000000JOR           2003        M09                 2.4
JTS71000000JOR           2003        M10                 2.6
JTS71000000JOR           2003        M11                 2.4
JTS71000000JOR           2003        M12                 2.8
JTS71000000JOR           2004        M01                 3.4
JTS71000000JOR           2004        M02                 2.7
JTS71000000JOR           2004        M03                 2.5
JTS71000000JOR           2004        M04                 2.2
JTS71000000JOR           2004        M05                 3.2
JTS71000000JOR           2004        M06                 2.6
JTS71000000JOR           2004        M07                 2.0
JTS71000000JOR           2004        M08                 3.6
JTS71000000JOR           2004        M09                 3.6
JTS71000000JOR           2004        M10                 2.5
JTS71000000JOR           2004        M11                 3.0
JTS71000000JOR           2004        M12                 4.2
JTS71000000JOR           2005        M01                 3.3
JTS71000000JOR           2005        M02                 3.2
JTS71000000JOR           2005        M03                 3.2
JTS71000000JOR           2005        M04                 3.8
JTS71000000JOR           2005        M05                 3.3
JTS71000000JOR           2005        M06                 3.7
JTS71000000JOR           2005        M07                 4.5
JTS71000000JOR           2005        M08                 3.3
JTS71000000JOR           2005        M09                 2.5
JTS71000000JOR           2005        M10                 2.9
JTS71000000JOR           2005        M11                 3.2
JTS71000000JOR           2005        M12                 3.1
JTS71000000JOR           2006        M01                 3.7
JTS71000000JOR           2006        M02                 3.0
JTS71000000JOR           2006        M03                 3.0
JTS71000000JOR           2006        M04                 3.7
JTS71000000JOR           2006        M05                 2.7
JTS71000000JOR           2006        M06                 3.0
JTS71000000JOR           2006        M07                 3.3
JTS71000000JOR           2006        M08                 2.5
JTS71000000JOR           2006        M09                 4.9
JTS71000000JOR           2006        M10                 4.8
JTS71000000JOR           2006        M11                 4.0
JTS71000000JOR           2006        M12                 3.1
JTS71000000JOR           2007        M01                 3.8
JTS71000000JOR           2007        M02                 3.6
JTS71000000JOR           2007        M03                 3.5
JTS71000000JOR           2007        M04                 4.0
JTS71000000JOR           2007        M05                 3.4
JTS71000000JOR           2007        M06                 3.4
JTS71000000JOR           2007        M07                 3.0
JTS71000000JOR           2007        M08                 2.9
JTS71000000JOR           2007        M09                 3.1
JTS71000000JOR           2007        M10                 3.1
JTS71000000JOR           2007        M11                 4.6
JTS71000000JOR           2007        M12                 2.0
JTS71000000JOR           2008        M01                 2.7
JTS71000000JOR           2008        M02                 3.7
JTS71000000JOR           2008        M03                 3.4
JTS71000000JOR           2008        M04                 2.8
JTS71000000JOR           2008        M05                 3.1
JTS71000000JOR           2008        M06                 2.5
JTS71000000JOR           2008        M07                 2.5
JTS71000000JOR           2008        M08                 3.1
JTS71000000JOR           2008        M09                 2.0
JTS71000000JOR           2008        M10                 2.2
JTS71000000JOR           2008        M11                 1.7
JTS71000000JOR           2008        M12                 1.8
JTS71000000JOR           2009        M01                 1.4
JTS71000000JOR           2009        M02                 1.2
JTS71000000JOR           2009        M03                 1.1
JTS71000000JOR           2009        M04                 1.2
JTS71000000JOR           2009        M05                 1.1
JTS71000000JOR           2009        M06                 0.8
JTS71000000JOR           2009        M07                 0.8
JTS71000000JOR           2009        M08                 1.0
JTS71000000JOR           2009        M09                 1.3
JTS71000000JOR           2009        M10                 1.3
JTS71000000JOR           2009        M11                 1.3
JTS71000000JOR           2009        M12                 0.9
JTS71000000JOR           2010        M01                 0.9
JTS71000000JOR           2010        M02                 1.1
JTS71000000JOR           2010        M03                 1.5
JTS71000000JOR           2010        M04                 1.3
JTS71000000JOR           2010        M05                 2.3
JTS71000000JOR           2010        M06                 2.5
JTS71000000JOR           2010        M07                 2.2
JTS71000000JOR           2010        M08                 1.9
JTS71000000JOR           2010        M09                 1.8
JTS71000000JOR           2010        M10                 1.5
JTS71000000JOR           2010        M11                 1.5
JTS71000000JOR           2010        M12                 2.1
JTS71000000JOR           2011        M01                 1.8
JTS71000000JOR           2011        M02                 2.8
JTS71000000JOR           2011        M03                 2.2
JTS71000000JOR           2011        M04                 1.7
JTS71000000JOR           2011        M05                 1.8
JTS71000000JOR           2011        M06                 2.9
JTS71000000JOR           2011        M07                 3.6
JTS71000000JOR           2011        M08                 2.0
JTS71000000JOR           2011        M09                 3.0
JTS71000000JOR           2011        M10                 2.6
JTS71000000JOR           2011        M11                 2.7
JTS71000000JOR           2011        M12                 1.7
JTS71000000JOR           2012        M01                 3.4
JTS71000000JOR           2012        M02                 2.9
JTS71000000JOR           2012        M03                 2.3
JTS71000000JOR           2012        M04                 3.8
JTS71000000JOR           2012        M05                 2.8
JTS71000000JOR           2012        M06                 2.4
JTS71000000JOR           2012        M07                 2.9
JTS71000000JOR           2012        M08                 2.7
JTS71000000JOR           2012        M09                 2.5
JTS71000000JOR           2012        M10                 2.4
JTS71000000JOR           2012        M11                 2.7
JTS71000000JOR           2012        M12                 3.0
JTS71000000JOR           2013        M01                 2.7
JTS71000000JOR           2013        M02                 2.8
JTS71000000JOR           2013        M03                 2.7
JTS71000000JOR           2013        M04                 2.4
JTS71000000JOR           2013        M05                 2.1
JTS71000000JOR           2013        M06                 2.1
JTS71000000JOR           2013        M07                 2.3
JTS71000000JOR           2013        M08                 3.6
JTS71000000JOR           2013        M09                 3.1
JTS71000000JOR           2013        M10                 3.9
JTS71000000JOR           2013        M11                 3.9
JTS71000000JOR           2013        M12                 3.5
JTS71000000JOR           2014        M01                 4.6
JTS71000000JOR           2014        M02                 3.4
JTS71000000JOR           2014        M03                 2.7
JTS71000000JOR           2014        M04                 3.9
JTS71000000JOR           2014        M05                 3.9
JTS71000000JOR           2014        M06                 3.1
JTS71000000JOR           2014        M07                 3.1
JTS71000000JOR           2014        M08                 3.5
JTS71000000JOR           2014        M09                 2.7
JTS71000000JOR           2014        M10                 2.6
JTS71000000JOR           2014        M11                 2.2
JTS71000000JOR           2014        M12                 3.4
JTS71000000JOR           2015        M01                 3.3
JTS71000000JOR           2015        M02                 3.1
JTS71000000JOR           2015        M03                 4.2
JTS71000000JOR           2015        M04                 3.1
JTS71000000JOR           2015        M05                 2.9
JTS71000000JOR           2015        M06                 2.9
JTS71000000JOR           2015        M07                 3.0
JTS71000000JOR           2015        M08                 2.3
JTS71000000JOR           2015        M09                 2.7
JTS71000000JOR           2015        M10                 2.5
JTS71000000JOR           2015        M11                 3.0
JTS71000000JOR           2015        M12                 2.9
JTS71000000JOR           2016        M01                 3.2
JTS71000000JOR           2016        M02                 3.0
JTS71000000JOR           2016        M03                 4.2
JTS71000000JOR           2016        M04                 3.6
JTS71000000JOR           2016        M05                 3.1
JTS71000000JOR           2016        M06                 3.9
JTS71000000JOR           2016        M07                 4.7
JTS71000000JOR           2016        M08                 3.3
JTS71000000JOR           2016        M09                 3.2
JTS71000000JOR           2016        M10                 4.1
JTS71000000JOR           2016        M11                 4.1
JTS71000000JOR           2016        M12                 3.8
JTS71000000JOR           2017        M01                 3.6
JTS71000000JOR           2017        M02                 3.9
JTS71000000JOR           2017        M03                 3.3
JTS71000000JOR           2017        M04                 2.8
JTS71000000JOR           2017        M05                 2.5
JTS71000000JOR           2017        M06                 3.8
JTS71000000JOR           2017        M07                 3.6
JTS71000000JOR           2017        M08                 3.4
JTS71000000JOR           2017        M09                 3.7
JTS71000000JOR           2017        M10                 3.3
JTS71000000JOR           2017        M11                 3.2
JTS71000000JOR           2017        M12                 3.5        p
JTS72000000JOL           2000        M12                 501
JTS72000000JOL           2001        M01                 627
JTS72000000JOL           2001        M02                 561
JTS72000000JOL           2001        M03                 570
JTS72000000JOL           2001        M04                 571
JTS72000000JOL           2001        M05                 553
JTS72000000JOL           2001        M06                 389
JTS72000000JOL           2001        M07                 540
JTS72000000JOL           2001        M08                 513
JTS72000000JOL           2001        M09                 496
JTS72000000JOL           2001        M10                 379
JTS72000000JOL           2001        M11                 417
JTS72000000JOL           2001        M12                 389
JTS72000000JOL           2002        M01                 330
JTS72000000JOL           2002        M02                 365
JTS72000000JOL           2002        M03                 353
JTS72000000JOL           2002        M04                 358
JTS72000000JOL           2002        M05                 357
JTS72000000JOL           2002        M06                 305
JTS72000000JOL           2002        M07                 331
JTS72000000JOL           2002        M08                 353
JTS72000000JOL           2002        M09                 332
JTS72000000JOL           2002        M10                 324
JTS72000000JOL           2002        M11                 374
JTS72000000JOL           2002        M12                 330
JTS72000000JOL           2003        M01                 361
JTS72000000JOL           2003        M02                 310
JTS72000000JOL           2003        M03                 316
JTS72000000JOL           2003        M04                 319
JTS72000000JOL           2003        M05                 330
JTS72000000JOL           2003        M06                 354
JTS72000000JOL           2003        M07                 297
JTS72000000JOL           2003        M08                 317
JTS72000000JOL           2003        M09                 355
JTS72000000JOL           2003        M10                 377
JTS72000000JOL           2003        M11                 352
JTS72000000JOL           2003        M12                 424
JTS72000000JOL           2004        M01                 377
JTS72000000JOL           2004        M02                 390
JTS72000000JOL           2004        M03                 379
JTS72000000JOL           2004        M04                 361
JTS72000000JOL           2004        M05                 355
JTS72000000JOL           2004        M06                 414
JTS72000000JOL           2004        M07                 428
JTS72000000JOL           2004        M08                 405
JTS72000000JOL           2004        M09                 391
JTS72000000JOL           2004        M10                 419
JTS72000000JOL           2004        M11                 369
JTS72000000JOL           2004        M12                 380
JTS72000000JOL           2005        M01                 430
JTS72000000JOL           2005        M02                 482
JTS72000000JOL           2005        M03                 413
JTS72000000JOL           2005        M04                 513
JTS72000000JOL           2005        M05                 428
JTS72000000JOL           2005        M06                 424
JTS72000000JOL           2005        M07                 456
JTS72000000JOL           2005        M08                 414
JTS72000000JOL           2005        M09                 418
JTS72000000JOL           2005        M10                 415
JTS72000000JOL           2005        M11                 489
JTS72000000JOL           2005        M12                 470
JTS72000000JOL           2006        M01                 483
JTS72000000JOL           2006        M02                 522
JTS72000000JOL           2006        M03                 535
JTS72000000JOL           2006        M04                 572
JTS72000000JOL           2006        M05                 509
JTS72000000JOL           2006        M06                 468
JTS72000000JOL           2006        M07                 480
JTS72000000JOL           2006        M08                 490
JTS72000000JOL           2006        M09                 458
JTS72000000JOL           2006        M10                 503
JTS72000000JOL           2006        M11                 564
JTS72000000JOL           2006        M12                 520
JTS72000000JOL           2007        M01                 472
JTS72000000JOL           2007        M02                 489
JTS72000000JOL           2007        M03                 522
JTS72000000JOL           2007        M04                 481
JTS72000000JOL           2007        M05                 529
JTS72000000JOL           2007        M06                 525
JTS72000000JOL           2007        M07                 535
JTS72000000JOL           2007        M08                 577
JTS72000000JOL           2007        M09                 573
JTS72000000JOL           2007        M10                 551
JTS72000000JOL           2007        M11                 534
JTS72000000JOL           2007        M12                 539
JTS72000000JOL           2008        M01                 522
JTS72000000JOL           2008        M02                 480
JTS72000000JOL           2008        M03                 476
JTS72000000JOL           2008        M04                 485
JTS72000000JOL           2008        M05                 469
JTS72000000JOL           2008        M06                 437
JTS72000000JOL           2008        M07                 402
JTS72000000JOL           2008        M08                 335
JTS72000000JOL           2008        M09                 365
JTS72000000JOL           2008        M10                 340
JTS72000000JOL           2008        M11                 291
JTS72000000JOL           2008        M12                 277
JTS72000000JOL           2009        M01                 207
JTS72000000JOL           2009        M02                 285
JTS72000000JOL           2009        M03                 246
JTS72000000JOL           2009        M04                 252
JTS72000000JOL           2009        M05                 242
JTS72000000JOL           2009        M06                 245
JTS72000000JOL           2009        M07                 204
JTS72000000JOL           2009        M08                 178
JTS72000000JOL           2009        M09                 263
JTS72000000JOL           2009        M10                 222
JTS72000000JOL           2009        M11                 237
JTS72000000JOL           2009        M12                 239
JTS72000000JOL           2010        M01                 246
JTS72000000JOL           2010        M02                 223
JTS72000000JOL           2010        M03                 196
JTS72000000JOL           2010        M04                 240
JTS72000000JOL           2010        M05                 242
JTS72000000JOL           2010        M06                 232
JTS72000000JOL           2010        M07                 263
JTS72000000JOL           2010        M08                 306
JTS72000000JOL           2010        M09                 246
JTS72000000JOL           2010        M10                 271
JTS72000000JOL           2010        M11                 262
JTS72000000JOL           2010        M12                 261
JTS72000000JOL           2011        M01                 286
JTS72000000JOL           2011        M02                 353
JTS72000000JOL           2011        M03                 331
JTS72000000JOL           2011        M04                 284
JTS72000000JOL           2011        M05                 292
JTS72000000JOL           2011        M06                 303
JTS72000000JOL           2011        M07                 249
JTS72000000JOL           2011        M08                 333
JTS72000000JOL           2011        M09                 361
JTS72000000JOL           2011        M10                 356
JTS72000000JOL           2011        M11                 361
JTS72000000JOL           2011        M12                 385
JTS72000000JOL           2012        M01                 387
JTS72000000JOL           2012        M02                 350
JTS72000000JOL           2012        M03                 374
JTS72000000JOL           2012        M04                 386
JTS72000000JOL           2012        M05                 391
JTS72000000JOL           2012        M06                 411
JTS72000000JOL           2012        M07                 407
JTS72000000JOL           2012        M08                 367
JTS72000000JOL           2012        M09                 325
JTS72000000JOL           2012        M10                 396
JTS72000000JOL           2012        M11                 430
JTS72000000JOL           2012        M12                 430
JTS72000000JOL           2013        M01                 419
JTS72000000JOL           2013        M02                 434
JTS72000000JOL           2013        M03                 432
JTS72000000JOL           2013        M04                 414
JTS72000000JOL           2013        M05                 416
JTS72000000JOL           2013        M06                 444
JTS72000000JOL           2013        M07                 472
JTS72000000JOL           2013        M08                 464
JTS72000000JOL           2013        M09                 486
JTS72000000JOL           2013        M10                 451
JTS72000000JOL           2013        M11                 479
JTS72000000JOL           2013        M12                 510
JTS72000000JOL           2014        M01                 510
JTS72000000JOL           2014        M02                 521
JTS72000000JOL           2014        M03                 551
JTS72000000JOL           2014        M04                 580
JTS72000000JOL           2014        M05                 649
JTS72000000JOL           2014        M06                 630
JTS72000000JOL           2014        M07                 525
JTS72000000JOL           2014        M08                 618
JTS72000000JOL           2014        M09                 615
JTS72000000JOL           2014        M10                 650
JTS72000000JOL           2014        M11                 574
JTS72000000JOL           2014        M12                 611
JTS72000000JOL           2015        M01                 705
JTS72000000JOL           2015        M02                 665
JTS72000000JOL           2015        M03                 632
JTS72000000JOL           2015        M04                 673
JTS72000000JOL           2015        M05                 657
JTS72000000JOL           2015        M06                 599
JTS72000000JOL           2015        M07                 713
JTS72000000JOL           2015        M08                 663
JTS72000000JOL           2015        M09                 643
JTS72000000JOL           2015        M10                 691
JTS72000000JOL           2015        M11                 671
JTS72000000JOL           2015        M12                 662
JTS72000000JOL           2016        M01                 661
JTS72000000JOL           2016        M02                 706
JTS72000000JOL           2016        M03                 714
JTS72000000JOL           2016        M04                 684
JTS72000000JOL           2016        M05                 675
JTS72000000JOL           2016        M06                 646
JTS72000000JOL           2016        M07                 649
JTS72000000JOL           2016        M08                 674
JTS72000000JOL           2016        M09                 650
JTS72000000JOL           2016        M10                 636
JTS72000000JOL           2016        M11                 660
JTS72000000JOL           2016        M12                 640
JTS72000000JOL           2017        M01                 646
JTS72000000JOL           2017        M02                 693
JTS72000000JOL           2017        M03                 657
JTS72000000JOL           2017        M04                 761
JTS72000000JOL           2017        M05                 740
JTS72000000JOL           2017        M06                 729
JTS72000000JOL           2017        M07                 755
JTS72000000JOL           2017        M08                 778
JTS72000000JOL           2017        M09                 682
JTS72000000JOL           2017        M10                 769
JTS72000000JOL           2017        M11                 773
JTS72000000JOL           2017        M12                 808        p
JTS72000000JOR           2000        M12                 4.7
JTS72000000JOR           2001        M01                 5.8
JTS72000000JOR           2001        M02                 5.2
JTS72000000JOR           2001        M03                 5.3
JTS72000000JOR           2001        M04                 5.3
JTS72000000JOR           2001        M05                 5.1
JTS72000000JOR           2001        M06                 3.7
JTS72000000JOR           2001        M07                 5.0
JTS72000000JOR           2001        M08                 4.8
JTS72000000JOR           2001        M09                 4.6
JTS72000000JOR           2001        M10                 3.6
JTS72000000JOR           2001        M11                 3.9
JTS72000000JOR           2001        M12                 3.7
JTS72000000JOR           2002        M01                 3.1
JTS72000000JOR           2002        M02                 3.5
JTS72000000JOR           2002        M03                 3.4
JTS72000000JOR           2002        M04                 3.4
JTS72000000JOR           2002        M05                 3.4
JTS72000000JOR           2002        M06                 2.9
JTS72000000JOR           2002        M07                 3.2
JTS72000000JOR           2002        M08                 3.3
JTS72000000JOR           2002        M09                 3.1
JTS72000000JOR           2002        M10                 3.1
JTS72000000JOR           2002        M11                 3.5
JTS72000000JOR           2002        M12                 3.1
JTS72000000JOR           2003        M01                 3.4
JTS72000000JOR           2003        M02                 2.9
JTS72000000JOR           2003        M03                 3.0
JTS72000000JOR           2003        M04                 3.0
JTS72000000JOR           2003        M05                 3.1
JTS72000000JOR           2003        M06                 3.3
JTS72000000JOR           2003        M07                 2.8
JTS72000000JOR           2003        M08                 3.0
JTS72000000JOR           2003        M09                 3.3
JTS72000000JOR           2003        M10                 3.5
JTS72000000JOR           2003        M11                 3.3
JTS72000000JOR           2003        M12                 3.9
JTS72000000JOR           2004        M01                 3.5
JTS72000000JOR           2004        M02                 3.6
JTS72000000JOR           2004        M03                 3.5
JTS72000000JOR           2004        M04                 3.3
JTS72000000JOR           2004        M05                 3.2
JTS72000000JOR           2004        M06                 3.7
JTS72000000JOR           2004        M07                 3.9
JTS72000000JOR           2004        M08                 3.7
JTS72000000JOR           2004        M09                 3.5
JTS72000000JOR           2004        M10                 3.8
JTS72000000JOR           2004        M11                 3.3
JTS72000000JOR           2004        M12                 3.4
JTS72000000JOR           2005        M01                 3.8
JTS72000000JOR           2005        M02                 4.3
JTS72000000JOR           2005        M03                 3.7
JTS72000000JOR           2005        M04                 4.5
JTS72000000JOR           2005        M05                 3.8
JTS72000000JOR           2005        M06                 3.7
JTS72000000JOR           2005        M07                 4.0
JTS72000000JOR           2005        M08                 3.6
JTS72000000JOR           2005        M09                 3.7
JTS72000000JOR           2005        M10                 3.7
JTS72000000JOR           2005        M11                 4.3
JTS72000000JOR           2005        M12                 4.1
JTS72000000JOR           2006        M01                 4.2
JTS72000000JOR           2006        M02                 4.5
JTS72000000JOR           2006        M03                 4.6
JTS72000000JOR           2006        M04                 4.9
JTS72000000JOR           2006        M05                 4.4
JTS72000000JOR           2006        M06                 4.0
JTS72000000JOR           2006        M07                 4.1
JTS72000000JOR           2006        M08                 4.2
JTS72000000JOR           2006        M09                 3.9
JTS72000000JOR           2006        M10                 4.3
JTS72000000JOR           2006        M11                 4.8
JTS72000000JOR           2006        M12                 4.4
JTS72000000JOR           2007        M01                 4.0
JTS72000000JOR           2007        M02                 4.1
JTS72000000JOR           2007        M03                 4.4
JTS72000000JOR           2007        M04                 4.0
JTS72000000JOR           2007        M05                 4.4
JTS72000000JOR           2007        M06                 4.4
JTS72000000JOR           2007        M07                 4.5
JTS72000000JOR           2007        M08                 4.8
JTS72000000JOR           2007        M09                 4.7
JTS72000000JOR           2007        M10                 4.6
JTS72000000JOR           2007        M11                 4.4
JTS72000000JOR           2007        M12                 4.5
JTS72000000JOR           2008        M01                 4.3
JTS72000000JOR           2008        M02                 4.0
JTS72000000JOR           2008        M03                 4.0
JTS72000000JOR           2008        M04                 4.0
JTS72000000JOR           2008        M05                 3.9
JTS72000000JOR           2008        M06                 3.7
JTS72000000JOR           2008        M07                 3.4
JTS72000000JOR           2008        M08                 2.8
JTS72000000JOR           2008        M09                 3.1
JTS72000000JOR           2008        M10                 2.9
JTS72000000JOR           2008        M11                 2.5
JTS72000000JOR           2008        M12                 2.4
JTS72000000JOR           2009        M01                 1.8
JTS72000000JOR           2009        M02                 2.5
JTS72000000JOR           2009        M03                 2.2
JTS72000000JOR           2009        M04                 2.2
JTS72000000JOR           2009        M05                 2.1
JTS72000000JOR           2009        M06                 2.1
JTS72000000JOR           2009        M07                 1.8
JTS72000000JOR           2009        M08                 1.6
JTS72000000JOR           2009        M09                 2.3
JTS72000000JOR           2009        M10                 2.0
JTS72000000JOR           2009        M11                 2.1
JTS72000000JOR           2009        M12                 2.1
JTS72000000JOR           2010        M01                 2.2
JTS72000000JOR           2010        M02                 2.0
JTS72000000JOR           2010        M03                 1.7
JTS72000000JOR           2010        M04                 2.1
JTS72000000JOR           2010        M05                 2.1
JTS72000000JOR           2010        M06                 2.0
JTS72000000JOR           2010        M07                 2.3
JTS72000000JOR           2010        M08                 2.7
JTS72000000JOR           2010        M09                 2.1
JTS72000000JOR           2010        M10                 2.4
JTS72000000JOR           2010        M11                 2.3
JTS72000000JOR           2010        M12                 2.3
JTS72000000JOR           2011        M01                 2.5
JTS72000000JOR           2011        M02                 3.0
JTS72000000JOR           2011        M03                 2.8
JTS72000000JOR           2011        M04                 2.4
JTS72000000JOR           2011        M05                 2.5
JTS72000000JOR           2011        M06                 2.6
JTS72000000JOR           2011        M07                 2.1
JTS72000000JOR           2011        M08                 2.8
JTS72000000JOR           2011        M09                 3.0
JTS72000000JOR           2011        M10                 3.0
JTS72000000JOR           2011        M11                 3.0
JTS72000000JOR           2011        M12                 3.2
JTS72000000JOR           2012        M01                 3.2
JTS72000000JOR           2012        M02                 2.9
JTS72000000JOR           2012        M03                 3.1
JTS72000000JOR           2012        M04                 3.2
JTS72000000JOR           2012        M05                 3.2
JTS72000000JOR           2012        M06                 3.4
JTS72000000JOR           2012        M07                 3.3
JTS72000000JOR           2012        M08                 3.0
JTS72000000JOR           2012        M09                 2.7
JTS72000000JOR           2012        M10                 3.2
JTS72000000JOR           2012        M11                 3.5
JTS72000000JOR           2012        M12                 3.5
JTS72000000JOR           2013        M01                 3.4
JTS72000000JOR           2013        M02                 3.5
JTS72000000JOR           2013        M03                 3.5
JTS72000000JOR           2013        M04                 3.3
JTS72000000JOR           2013        M05                 3.3
JTS72000000JOR           2013        M06                 3.5
JTS72000000JOR           2013        M07                 3.7
JTS72000000JOR           2013        M08                 3.6
JTS72000000JOR           2013        M09                 3.8
JTS72000000JOR           2013        M10                 3.5
JTS72000000JOR           2013        M11                 3.7
JTS72000000JOR           2013        M12                 4.0
JTS72000000JOR           2014        M01                 3.9
JTS72000000JOR           2014        M02                 4.0
JTS72000000JOR           2014        M03                 4.2
JTS72000000JOR           2014        M04                 4.4
JTS72000000JOR           2014        M05                 4.9
JTS72000000JOR           2014        M06                 4.8
JTS72000000JOR           2014        M07                 4.0
JTS72000000JOR           2014        M08                 4.7
JTS72000000JOR           2014        M09                 4.6
JTS72000000JOR           2014        M10                 4.9
JTS72000000JOR           2014        M11                 4.3
JTS72000000JOR           2014        M12                 4.6
JTS72000000JOR           2015        M01                 5.2
JTS72000000JOR           2015        M02                 4.9
JTS72000000JOR           2015        M03                 4.7
JTS72000000JOR           2015        M04                 5.0
JTS72000000JOR           2015        M05                 4.8
JTS72000000JOR           2015        M06                 4.4
JTS72000000JOR           2015        M07                 5.2
JTS72000000JOR           2015        M08                 4.8
JTS72000000JOR           2015        M09                 4.7
JTS72000000JOR           2015        M10                 5.0
JTS72000000JOR           2015        M11                 4.8
JTS72000000JOR           2015        M12                 4.8
JTS72000000JOR           2016        M01                 4.8
JTS72000000JOR           2016        M02                 5.1
JTS72000000JOR           2016        M03                 5.1
JTS72000000JOR           2016        M04                 4.9
JTS72000000JOR           2016        M05                 4.8
JTS72000000JOR           2016        M06                 4.6
JTS72000000JOR           2016        M07                 4.6
JTS72000000JOR           2016        M08                 4.8
JTS72000000JOR           2016        M09                 4.6
JTS72000000JOR           2016        M10                 4.5
JTS72000000JOR           2016        M11                 4.7
JTS72000000JOR           2016        M12                 4.5
JTS72000000JOR           2017        M01                 4.6
JTS72000000JOR           2017        M02                 4.9
JTS72000000JOR           2017        M03                 4.6
JTS72000000JOR           2017        M04                 5.3
JTS72000000JOR           2017        M05                 5.2
JTS72000000JOR           2017        M06                 5.1
JTS72000000JOR           2017        M07                 5.2
JTS72000000JOR           2017        M08                 5.4
JTS72000000JOR           2017        M09                 4.8
JTS72000000JOR           2017        M10                 5.3
JTS72000000JOR           2017        M11                 5.3
JTS72000000JOR           2017        M12                 5.5        p
JTS81000000JOL           2000        M12                 288
JTS81000000JOL           2001        M01                 356
JTS81000000JOL           2001        M02                 155
JTS81000000JOL           2001        M03                 131
JTS81000000JOL           2001        M04                 203
JTS81000000JOL           2001        M05                 209
JTS81000000JOL           2001        M06                 212
JTS81000000JOL           2001        M07                 276
JTS81000000JOL           2001        M08                 258
JTS81000000JOL           2001        M09                 278
JTS81000000JOL           2001        M10                 192
JTS81000000JOL           2001        M11                 123
JTS81000000JOL           2001        M12                 169
JTS81000000JOL           2002        M01                 171
JTS81000000JOL           2002        M02                 130
JTS81000000JOL           2002        M03                 156
JTS81000000JOL           2002        M04                 157
JTS81000000JOL           2002        M05                 161
JTS81000000JOL           2002        M06                 101
JTS81000000JOL           2002        M07                 149
JTS81000000JOL           2002        M08                 142
JTS81000000JOL           2002        M09                 155
JTS81000000JOL           2002        M10                 148
JTS81000000JOL           2002        M11                 137
JTS81000000JOL           2002        M12                 115
JTS81000000JOL           2003        M01                 130
JTS81000000JOL           2003        M02                 167
JTS81000000JOL           2003        M03                 108
JTS81000000JOL           2003        M04                 185
JTS81000000JOL           2003        M05                 132
JTS81000000JOL           2003        M06                 118
JTS81000000JOL           2003        M07                 112
JTS81000000JOL           2003        M08                 106
JTS81000000JOL           2003        M09                 107
JTS81000000JOL           2003        M10                 107
JTS81000000JOL           2003        M11                 123
JTS81000000JOL           2003        M12                 105
JTS81000000JOL           2004        M01                 137
JTS81000000JOL           2004        M02                 152
JTS81000000JOL           2004        M03                 155
JTS81000000JOL           2004        M04                 163
JTS81000000JOL           2004        M05                 173
JTS81000000JOL           2004        M06                  92
JTS81000000JOL           2004        M07                 195
JTS81000000JOL           2004        M08                 142
JTS81000000JOL           2004        M09                 126
JTS81000000JOL           2004        M10                 141
JTS81000000JOL           2004        M11                 130
JTS81000000JOL           2004        M12                 112
JTS81000000JOL           2005        M01                 155
JTS81000000JOL           2005        M02                 111
JTS81000000JOL           2005        M03                 146
JTS81000000JOL           2005        M04                 162
JTS81000000JOL           2005        M05                 123
JTS81000000JOL           2005        M06                 123
JTS81000000JOL           2005        M07                 154
JTS81000000JOL           2005        M08                 154
JTS81000000JOL           2005        M09                 176
JTS81000000JOL           2005        M10                 200
JTS81000000JOL           2005        M11                  96
JTS81000000JOL           2005        M12                  79
JTS81000000JOL           2006        M01                  83
JTS81000000JOL           2006        M02                  77
JTS81000000JOL           2006        M03                 174
JTS81000000JOL           2006        M04                 156
JTS81000000JOL           2006        M05                 166
JTS81000000JOL           2006        M06                 175
JTS81000000JOL           2006        M07                 166
JTS81000000JOL           2006        M08                 214
JTS81000000JOL           2006        M09                 193
JTS81000000JOL           2006        M10                 160
JTS81000000JOL           2006        M11                 137
JTS81000000JOL           2006        M12                 171
JTS81000000JOL           2007        M01                 188
JTS81000000JOL           2007        M02                 237
JTS81000000JOL           2007        M03                 167
JTS81000000JOL           2007        M04                 228
JTS81000000JOL           2007        M05                 182
JTS81000000JOL           2007        M06                 176
JTS81000000JOL           2007        M07                 168
JTS81000000JOL           2007        M08                 180
JTS81000000JOL           2007        M09                 173
JTS81000000JOL           2007        M10                 195
JTS81000000JOL           2007        M11                 169
JTS81000000JOL           2007        M12                 127
JTS81000000JOL           2008        M01                 191
JTS81000000JOL           2008        M02                 140
JTS81000000JOL           2008        M03                 144
JTS81000000JOL           2008        M04                 232
JTS81000000JOL           2008        M05                 200
JTS81000000JOL           2008        M06                 133
JTS81000000JOL           2008        M07                 223
JTS81000000JOL           2008        M08                 229
JTS81000000JOL           2008        M09                 112
JTS81000000JOL           2008        M10                 152
JTS81000000JOL           2008        M11                 155
JTS81000000JOL           2008        M12                 166
JTS81000000JOL           2009        M01                 128
JTS81000000JOL           2009        M02                 149
JTS81000000JOL           2009        M03                 132
JTS81000000JOL           2009        M04                 125
JTS81000000JOL           2009        M05                 108
JTS81000000JOL           2009        M06                 127
JTS81000000JOL           2009        M07                 101
JTS81000000JOL           2009        M08                 120
JTS81000000JOL           2009        M09                  81
JTS81000000JOL           2009        M10                  92
JTS81000000JOL           2009        M11                 100
JTS81000000JOL           2009        M12                  95
JTS81000000JOL           2010        M01                 142
JTS81000000JOL           2010        M02                 174
JTS81000000JOL           2010        M03                 136
JTS81000000JOL           2010        M04                 218
JTS81000000JOL           2010        M05                 111
JTS81000000JOL           2010        M06                 114
JTS81000000JOL           2010        M07                 157
JTS81000000JOL           2010        M08                 158
JTS81000000JOL           2010        M09                 102
JTS81000000JOL           2010        M10                 110
JTS81000000JOL           2010        M11                 113
JTS81000000JOL           2010        M12                  88
JTS81000000JOL           2011        M01                 139
JTS81000000JOL           2011        M02                 129
JTS81000000JOL           2011        M03                 116
JTS81000000JOL           2011        M04                 122
JTS81000000JOL           2011        M05                 112
JTS81000000JOL           2011        M06                 133
JTS81000000JOL           2011        M07                 132
JTS81000000JOL           2011        M08                 100
JTS81000000JOL           2011        M09                 123
JTS81000000JOL           2011        M10                 104
JTS81000000JOL           2011        M11                  92
JTS81000000JOL           2011        M12                  95
JTS81000000JOL           2012        M01                 118
JTS81000000JOL           2012        M02                 155
JTS81000000JOL           2012        M03                 143
JTS81000000JOL           2012        M04                 183
JTS81000000JOL           2012        M05                 152
JTS81000000JOL           2012        M06                 152
JTS81000000JOL           2012        M07                 122
JTS81000000JOL           2012        M08                  92
JTS81000000JOL           2012        M09                 123
JTS81000000JOL           2012        M10                 148
JTS81000000JOL           2012        M11                 104
JTS81000000JOL           2012        M12                 103
JTS81000000JOL           2013        M01                 172
JTS81000000JOL           2013        M02                 113
JTS81000000JOL           2013        M03                 179
JTS81000000JOL           2013        M04                 136
JTS81000000JOL           2013        M05                 143
JTS81000000JOL           2013        M06                 145
JTS81000000JOL           2013        M07                 164
JTS81000000JOL           2013        M08                 104
JTS81000000JOL           2013        M09                 148
JTS81000000JOL           2013        M10                 163
JTS81000000JOL           2013        M11                 122
JTS81000000JOL           2013        M12                 149
JTS81000000JOL           2014        M01                 150
JTS81000000JOL           2014        M02                 147
JTS81000000JOL           2014        M03                 124
JTS81000000JOL           2014        M04                 164
JTS81000000JOL           2014        M05                 126
JTS81000000JOL           2014        M06                 113
JTS81000000JOL           2014        M07                 146
JTS81000000JOL           2014        M08                 196
JTS81000000JOL           2014        M09                 147
JTS81000000JOL           2014        M10                 181
JTS81000000JOL           2014        M11                 145
JTS81000000JOL           2014        M12                 145
JTS81000000JOL           2015        M01                 182
JTS81000000JOL           2015        M02                 176
JTS81000000JOL           2015        M03                 223
JTS81000000JOL           2015        M04                 188
JTS81000000JOL           2015        M05                 147
JTS81000000JOL           2015        M06                 148
JTS81000000JOL           2015        M07                 187
JTS81000000JOL           2015        M08                 183
JTS81000000JOL           2015        M09                 179
JTS81000000JOL           2015        M10                 204
JTS81000000JOL           2015        M11                 128
JTS81000000JOL           2015        M12                 192
JTS81000000JOL           2016        M01                 203
JTS81000000JOL           2016        M02                 235
JTS81000000JOL           2016        M03                 270
JTS81000000JOL           2016        M04                 270
JTS81000000JOL           2016        M05                 168
JTS81000000JOL           2016        M06                 187
JTS81000000JOL           2016        M07                 203
JTS81000000JOL           2016        M08                 195
JTS81000000JOL           2016        M09                 185
JTS81000000JOL           2016        M10                 194
JTS81000000JOL           2016        M11                 192
JTS81000000JOL           2016        M12                 236
JTS81000000JOL           2017        M01                 241
JTS81000000JOL           2017        M02                 250
JTS81000000JOL           2017        M03                 306
JTS81000000JOL           2017        M04                 327
JTS81000000JOL           2017        M05                 270
JTS81000000JOL           2017        M06                 218
JTS81000000JOL           2017        M07                 330
JTS81000000JOL           2017        M08                 228
JTS81000000JOL           2017        M09                 297
JTS81000000JOL           2017        M10                 296
JTS81000000JOL           2017        M11                 240
JTS81000000JOL           2017        M12                 221        p
JTS81000000JOR           2000        M12                 5.2
JTS81000000JOR           2001        M01                 6.4
JTS81000000JOR           2001        M02                 2.9
JTS81000000JOR           2001        M03                 2.5
JTS81000000JOR           2001        M04                 3.7
JTS81000000JOR           2001        M05                 3.8
JTS81000000JOR           2001        M06                 3.9
JTS81000000JOR           2001        M07                 5.0
JTS81000000JOR           2001        M08                 4.7
JTS81000000JOR           2001        M09                 5.0
JTS81000000JOR           2001        M10                 3.5
JTS81000000JOR           2001        M11                 2.3
JTS81000000JOR           2001        M12                 3.1
JTS81000000JOR           2002        M01                 3.1
JTS81000000JOR           2002        M02                 2.4
JTS81000000JOR           2002        M03                 2.8
JTS81000000JOR           2002        M04                 2.8
JTS81000000JOR           2002        M05                 2.9
JTS81000000JOR           2002        M06                 1.9
JTS81000000JOR           2002        M07                 2.7
JTS81000000JOR           2002        M08                 2.6
JTS81000000JOR           2002        M09                 2.8
JTS81000000JOR           2002        M10                 2.7
JTS81000000JOR           2002        M11                 2.5
JTS81000000JOR           2002        M12                 2.1
JTS81000000JOR           2003        M01                 2.4
JTS81000000JOR           2003        M02                 3.0
JTS81000000JOR           2003        M03                 2.0
JTS81000000JOR           2003        M04                 3.3
JTS81000000JOR           2003        M05                 2.4
JTS81000000JOR           2003        M06                 2.1
JTS81000000JOR           2003        M07                 2.0
JTS81000000JOR           2003        M08                 1.9
JTS81000000JOR           2003        M09                 1.9
JTS81000000JOR           2003        M10                 1.9
JTS81000000JOR           2003        M11                 2.2
JTS81000000JOR           2003        M12                 1.9
JTS81000000JOR           2004        M01                 2.5
JTS81000000JOR           2004        M02                 2.7
JTS81000000JOR           2004        M03                 2.8
JTS81000000JOR           2004        M04                 2.9
JTS81000000JOR           2004        M05                 3.1
JTS81000000JOR           2004        M06                 1.7
JTS81000000JOR           2004        M07                 3.5
JTS81000000JOR           2004        M08                 2.6
JTS81000000JOR           2004        M09                 2.3
JTS81000000JOR           2004        M10                 2.5
JTS81000000JOR           2004        M11                 2.3
JTS81000000JOR           2004        M12                 2.0
JTS81000000JOR           2005        M01                 2.8
JTS81000000JOR           2005        M02                 2.0
JTS81000000JOR           2005        M03                 2.6
JTS81000000JOR           2005        M04                 2.9
JTS81000000JOR           2005        M05                 2.2
JTS81000000JOR           2005        M06                 2.2
JTS81000000JOR           2005        M07                 2.8
JTS81000000JOR           2005        M08                 2.8
JTS81000000JOR           2005        M09                 3.2
JTS81000000JOR           2005        M10                 3.6
JTS81000000JOR           2005        M11                 1.8
JTS81000000JOR           2005        M12                 1.4
JTS81000000JOR           2006        M01                 1.5
JTS81000000JOR           2006        M02                 1.4
JTS81000000JOR           2006        M03                 3.1
JTS81000000JOR           2006        M04                 2.8
JTS81000000JOR           2006        M05                 3.0
JTS81000000JOR           2006        M06                 3.1
JTS81000000JOR           2006        M07                 3.0
JTS81000000JOR           2006        M08                 3.8
JTS81000000JOR           2006        M09                 3.4
JTS81000000JOR           2006        M10                 2.8
JTS81000000JOR           2006        M11                 2.4
JTS81000000JOR           2006        M12                 3.0
JTS81000000JOR           2007        M01                 3.3
JTS81000000JOR           2007        M02                 4.2
JTS81000000JOR           2007        M03                 3.0
JTS81000000JOR           2007        M04                 4.0
JTS81000000JOR           2007        M05                 3.2
JTS81000000JOR           2007        M06                 3.1
JTS81000000JOR           2007        M07                 3.0
JTS81000000JOR           2007        M08                 3.2
JTS81000000JOR           2007        M09                 3.1
JTS81000000JOR           2007        M10                 3.4
JTS81000000JOR           2007        M11                 3.0
JTS81000000JOR           2007        M12                 2.2
JTS81000000JOR           2008        M01                 3.3
JTS81000000JOR           2008        M02                 2.5
JTS81000000JOR           2008        M03                 2.5
JTS81000000JOR           2008        M04                 4.0
JTS81000000JOR           2008        M05                 3.5
JTS81000000JOR           2008        M06                 2.4
JTS81000000JOR           2008        M07                 3.9
JTS81000000JOR           2008        M08                 4.0
JTS81000000JOR           2008        M09                 2.0
JTS81000000JOR           2008        M10                 2.7
JTS81000000JOR           2008        M11                 2.7
JTS81000000JOR           2008        M12                 3.0
JTS81000000JOR           2009        M01                 2.3
JTS81000000JOR           2009        M02                 2.7
JTS81000000JOR           2009        M03                 2.4
JTS81000000JOR           2009        M04                 2.3
JTS81000000JOR           2009        M05                 2.0
JTS81000000JOR           2009        M06                 2.3
JTS81000000JOR           2009        M07                 1.9
JTS81000000JOR           2009        M08                 2.2
JTS81000000JOR           2009        M09                 1.5
JTS81000000JOR           2009        M10                 1.7
JTS81000000JOR           2009        M11                 1.9
JTS81000000JOR           2009        M12                 1.8
JTS81000000JOR           2010        M01                 2.6
JTS81000000JOR           2010        M02                 3.2
JTS81000000JOR           2010        M03                 2.5
JTS81000000JOR           2010        M04                 3.9
JTS81000000JOR           2010        M05                 2.0
JTS81000000JOR           2010        M06                 2.1
JTS81000000JOR           2010        M07                 2.9
JTS81000000JOR           2010        M08                 2.9
JTS81000000JOR           2010        M09                 1.9
JTS81000000JOR           2010        M10                 2.0
JTS81000000JOR           2010        M11                 2.1
JTS81000000JOR           2010        M12                 1.6
JTS81000000JOR           2011        M01                 2.5
JTS81000000JOR           2011        M02                 2.4
JTS81000000JOR           2011        M03                 2.1
JTS81000000JOR           2011        M04                 2.2
JTS81000000JOR           2011        M05                 2.1
JTS81000000JOR           2011        M06                 2.4
JTS81000000JOR           2011        M07                 2.4
JTS81000000JOR           2011        M08                 1.8
JTS81000000JOR           2011        M09                 2.2
JTS81000000JOR           2011        M10                 1.9
JTS81000000JOR           2011        M11                 1.7
JTS81000000JOR           2011        M12                 1.7
JTS81000000JOR           2012        M01                 2.1
JTS81000000JOR           2012        M02                 2.8
JTS81000000JOR           2012        M03                 2.6
JTS81000000JOR           2012        M04                 3.3
JTS81000000JOR           2012        M05                 2.7
JTS81000000JOR           2012        M06                 2.7
JTS81000000JOR           2012        M07                 2.2
JTS81000000JOR           2012        M08                 1.7
JTS81000000JOR           2012        M09                 2.2
JTS81000000JOR           2012        M10                 2.7
JTS81000000JOR           2012        M11                 1.9
JTS81000000JOR           2012        M12                 1.8
JTS81000000JOR           2013        M01                 3.1
JTS81000000JOR           2013        M02                 2.0
JTS81000000JOR           2013        M03                 3.2
JTS81000000JOR           2013        M04                 2.4
JTS81000000JOR           2013        M05                 2.5
JTS81000000JOR           2013        M06                 2.6
JTS81000000JOR           2013        M07                 2.9
JTS81000000JOR           2013        M08                 1.9
JTS81000000JOR           2013        M09                 2.6
JTS81000000JOR           2013        M10                 2.9
JTS81000000JOR           2013        M11                 2.2
JTS81000000JOR           2013        M12                 2.6
JTS81000000JOR           2014        M01                 2.6
JTS81000000JOR           2014        M02                 2.6
JTS81000000JOR           2014        M03                 2.2
JTS81000000JOR           2014        M04                 2.9
JTS81000000JOR           2014        M05                 2.2
JTS81000000JOR           2014        M06                 2.0
JTS81000000JOR           2014        M07                 2.6
JTS81000000JOR           2014        M08                 3.4
JTS81000000JOR           2014        M09                 2.6
JTS81000000JOR           2014        M10                 3.1
JTS81000000JOR           2014        M11                 2.5
JTS81000000JOR           2014        M12                 2.5
JTS81000000JOR           2015        M01                 3.1
JTS81000000JOR           2015        M02                 3.0
JTS81000000JOR           2015        M03                 3.8
JTS81000000JOR           2015        M04                 3.2
JTS81000000JOR           2015        M05                 2.6
JTS81000000JOR           2015        M06                 2.6
JTS81000000JOR           2015        M07                 3.2
JTS81000000JOR           2015        M08                 3.2
JTS81000000JOR           2015        M09                 3.1
JTS81000000JOR           2015        M10                 3.5
JTS81000000JOR           2015        M11                 2.2
JTS81000000JOR           2015        M12                 3.3
JTS81000000JOR           2016        M01                 3.5
JTS81000000JOR           2016        M02                 4.0
JTS81000000JOR           2016        M03                 4.5
JTS81000000JOR           2016        M04                 4.5
JTS81000000JOR           2016        M05                 2.9
JTS81000000JOR           2016        M06                 3.2
JTS81000000JOR           2016        M07                 3.4
JTS81000000JOR           2016        M08                 3.3
JTS81000000JOR           2016        M09                 3.1
JTS81000000JOR           2016        M10                 3.3
JTS81000000JOR           2016        M11                 3.2
JTS81000000JOR           2016        M12                 4.0
JTS81000000JOR           2017        M01                 4.0
JTS81000000JOR           2017        M02                 4.2
JTS81000000JOR           2017        M03                 5.1
JTS81000000JOR           2017        M04                 5.4
JTS81000000JOR           2017        M05                 4.5
JTS81000000JOR           2017        M06                 3.7
JTS81000000JOR           2017        M07                 5.4
JTS81000000JOR           2017        M08                 3.8
JTS81000000JOR           2017        M09                 4.9
JTS81000000JOR           2017        M10                 4.9
JTS81000000JOR           2017        M11                 4.0
JTS81000000JOR           2017        M12                 3.7        p
JTS90000000JOL           2000        M12                 472
JTS90000000JOL           2001        M01                 499
JTS90000000JOL           2001        M02                 426
JTS90000000JOL           2001        M03                 480
JTS90000000JOL           2001        M04                 453
JTS90000000JOL           2001        M05                 507
JTS90000000JOL           2001        M06                 525
JTS90000000JOL           2001        M07                 490
JTS90000000JOL           2001        M08                 468
JTS90000000JOL           2001        M09                 383
JTS90000000JOL           2001        M10                 440
JTS90000000JOL           2001        M11                 427
JTS90000000JOL           2001        M12                 385
JTS90000000JOL           2002        M01                 378
JTS90000000JOL           2002        M02                 446
JTS90000000JOL           2002        M03                 439
JTS90000000JOL           2002        M04                 405
JTS90000000JOL           2002        M05                 473
JTS90000000JOL           2002        M06                 406
JTS90000000JOL           2002        M07                 411
JTS90000000JOL           2002        M08                 454
JTS90000000JOL           2002        M09                 390
JTS90000000JOL           2002        M10                 383
JTS90000000JOL           2002        M11                 405
JTS90000000JOL           2002        M12                 345
JTS90000000JOL           2003        M01                 400
JTS90000000JOL           2003        M02                 382
JTS90000000JOL           2003        M03                 367
JTS90000000JOL           2003        M04                 371
JTS90000000JOL           2003        M05                 328
JTS90000000JOL           2003        M06                 407
JTS90000000JOL           2003        M07                 350
JTS90000000JOL           2003        M08                 316
JTS90000000JOL           2003        M09                 306
JTS90000000JOL           2003        M10                 349
JTS90000000JOL           2003        M11                 307
JTS90000000JOL           2003        M12                 314
JTS90000000JOL           2004        M01                 306
JTS90000000JOL           2004        M02                 329
JTS90000000JOL           2004        M03                 368
JTS90000000JOL           2004        M04                 369
JTS90000000JOL           2004        M05                 366
JTS90000000JOL           2004        M06                 339
JTS90000000JOL           2004        M07                 331
JTS90000000JOL           2004        M08                 327
JTS90000000JOL           2004        M09                 350
JTS90000000JOL           2004        M10                 378
JTS90000000JOL           2004        M11                 350
JTS90000000JOL           2004        M12                 371
JTS90000000JOL           2005        M01                 312
JTS90000000JOL           2005        M02                 356
JTS90000000JOL           2005        M03                 364
JTS90000000JOL           2005        M04                 378
JTS90000000JOL           2005        M05                 378
JTS90000000JOL           2005        M06                 374
JTS90000000JOL           2005        M07                 409
JTS90000000JOL           2005        M08                 387
JTS90000000JOL           2005        M09                 404
JTS90000000JOL           2005        M10                 379
JTS90000000JOL           2005        M11                 357
JTS90000000JOL           2005        M12                 399
JTS90000000JOL           2006        M01                 370
JTS90000000JOL           2006        M02                 389
JTS90000000JOL           2006        M03                 430
JTS90000000JOL           2006        M04                 437
JTS90000000JOL           2006        M05                 413
JTS90000000JOL           2006        M06                 419
JTS90000000JOL           2006        M07                 502
JTS90000000JOL           2006        M08                 482
JTS90000000JOL           2006        M09                 468
JTS90000000JOL           2006        M10                 406
JTS90000000JOL           2006        M11                 423
JTS90000000JOL           2006        M12                 402
JTS90000000JOL           2007        M01                 436
JTS90000000JOL           2007        M02                 432
JTS90000000JOL           2007        M03                 455
JTS90000000JOL           2007        M04                 445
JTS90000000JOL           2007        M05                 433
JTS90000000JOL           2007        M06                 445
JTS90000000JOL           2007        M07                 452
JTS90000000JOL           2007        M08                 475
JTS90000000JOL           2007        M09                 451
JTS90000000JOL           2007        M10                 418
JTS90000000JOL           2007        M11                 426
JTS90000000JOL           2007        M12                 410
JTS90000000JOL           2008        M01                 402
JTS90000000JOL           2008        M02                 423
JTS90000000JOL           2008        M03                 426
JTS90000000JOL           2008        M04                 395
JTS90000000JOL           2008        M05                 474
JTS90000000JOL           2008        M06                 432
JTS90000000JOL           2008        M07                 409
JTS90000000JOL           2008        M08                 420
JTS90000000JOL           2008        M09                 410
JTS90000000JOL           2008        M10                 382
JTS90000000JOL           2008        M11                 362
JTS90000000JOL           2008        M12                 285
JTS90000000JOL           2009        M01                 380
JTS90000000JOL           2009        M02                 351
JTS90000000JOL           2009        M03                 359
JTS90000000JOL           2009        M04                 379
JTS90000000JOL           2009        M05                 293
JTS90000000JOL           2009        M06                 327
JTS90000000JOL           2009        M07                 279
JTS90000000JOL           2009        M08                 317
JTS90000000JOL           2009        M09                 271
JTS90000000JOL           2009        M10                 404
JTS90000000JOL           2009        M11                 340
JTS90000000JOL           2009        M12                 317
JTS90000000JOL           2010        M01                 385
JTS90000000JOL           2010        M02                 348
JTS90000000JOL           2010        M03                 416
JTS90000000JOL           2010        M04                 648
JTS90000000JOL           2010        M05                 380
JTS90000000JOL           2010        M06                 307
JTS90000000JOL           2010        M07                 320
JTS90000000JOL           2010        M08                 332
JTS90000000JOL           2010        M09                 309
JTS90000000JOL           2010        M10                 348
JTS90000000JOL           2010        M11                 298
JTS90000000JOL           2010        M12                 388
JTS90000000JOL           2011        M01                 328
JTS90000000JOL           2011        M02                 302
JTS90000000JOL           2011        M03                 333
JTS90000000JOL           2011        M04                 339
JTS90000000JOL           2011        M05                 289
JTS90000000JOL           2011        M06                 347
JTS90000000JOL           2011        M07                 314
JTS90000000JOL           2011        M08                 330
JTS90000000JOL           2011        M09                 387
JTS90000000JOL           2011        M10                 362
JTS90000000JOL           2011        M11                 333
JTS90000000JOL           2011        M12                 346
JTS90000000JOL           2012        M01                 343
JTS90000000JOL           2012        M02                 390
JTS90000000JOL           2012        M03                 406
JTS90000000JOL           2012        M04                 377
JTS90000000JOL           2012        M05                 369
JTS90000000JOL           2012        M06                 380
JTS90000000JOL           2012        M07                 368
JTS90000000JOL           2012        M08                 406
JTS90000000JOL           2012        M09                 366
JTS90000000JOL           2012        M10                 378
JTS90000000JOL           2012        M11                 343
JTS90000000JOL           2012        M12                 374
JTS90000000JOL           2013        M01                 400
JTS90000000JOL           2013        M02                 427
JTS90000000JOL           2013        M03                 393
JTS90000000JOL           2013        M04                 437
JTS90000000JOL           2013        M05                 421
JTS90000000JOL           2013        M06                 387
JTS90000000JOL           2013        M07                 377
JTS90000000JOL           2013        M08                 380
JTS90000000JOL           2013        M09                 378
JTS90000000JOL           2013        M10                 398
JTS90000000JOL           2013        M11                 361
JTS90000000JOL           2013        M12                 329
JTS90000000JOL           2014        M01                 368
JTS90000000JOL           2014        M02                 403
JTS90000000JOL           2014        M03                 451
JTS90000000JOL           2014        M04                 448
JTS90000000JOL           2014        M05                 457
JTS90000000JOL           2014        M06                 510
JTS90000000JOL           2014        M07                 459
JTS90000000JOL           2014        M08                 459
JTS90000000JOL           2014        M09                 470
JTS90000000JOL           2014        M10                 419
JTS90000000JOL           2014        M11                 442
JTS90000000JOL           2014        M12                 459
JTS90000000JOL           2015        M01                 512
JTS90000000JOL           2015        M02                 539
JTS90000000JOL           2015        M03                 528
JTS90000000JOL           2015        M04                 508
JTS90000000JOL           2015        M05                 543
JTS90000000JOL           2015        M06                 457
JTS90000000JOL           2015        M07                 519
JTS90000000JOL           2015        M08                 494
JTS90000000JOL           2015        M09                 467
JTS90000000JOL           2015        M10                 478
JTS90000000JOL           2015        M11                 464
JTS90000000JOL           2015        M12                 500
JTS90000000JOL           2016        M01                 499
JTS90000000JOL           2016        M02                 474
JTS90000000JOL           2016        M03                 514
JTS90000000JOL           2016        M04                 524
JTS90000000JOL           2016        M05                 538
JTS90000000JOL           2016        M06                 544
JTS90000000JOL           2016        M07                 556
JTS90000000JOL           2016        M08                 511
JTS90000000JOL           2016        M09                 533
JTS90000000JOL           2016        M10                 484
JTS90000000JOL           2016        M11                 575
JTS90000000JOL           2016        M12                 474
JTS90000000JOL           2017        M01                 492
JTS90000000JOL           2017        M02                 503
JTS90000000JOL           2017        M03                 541
JTS90000000JOL           2017        M04                 557
JTS90000000JOL           2017        M05                 531
JTS90000000JOL           2017        M06                 571
JTS90000000JOL           2017        M07                 515
JTS90000000JOL           2017        M08                 506
JTS90000000JOL           2017        M09                 527
JTS90000000JOL           2017        M10                 517
JTS90000000JOL           2017        M11                 511
JTS90000000JOL           2017        M12                 521        p
JTS90000000JOR           2000        M12                 2.2
JTS90000000JOR           2001        M01                 2.3
JTS90000000JOR           2001        M02                 2.0
JTS90000000JOR           2001        M03                 2.2
JTS90000000JOR           2001        M04                 2.1
JTS90000000JOR           2001        M05                 2.4
JTS90000000JOR           2001        M06                 2.4
JTS90000000JOR           2001        M07                 2.3
JTS90000000JOR           2001        M08                 2.2
JTS90000000JOR           2001        M09                 1.8
JTS90000000JOR           2001        M10                 2.0
JTS90000000JOR           2001        M11                 2.0
JTS90000000JOR           2001        M12                 1.8
JTS90000000JOR           2002        M01                 1.7
JTS90000000JOR           2002        M02                 2.0
JTS90000000JOR           2002        M03                 2.0
JTS90000000JOR           2002        M04                 1.9
JTS90000000JOR           2002        M05                 2.2
JTS90000000JOR           2002        M06                 1.8
JTS90000000JOR           2002        M07                 1.9
JTS90000000JOR           2002        M08                 2.1
JTS90000000JOR           2002        M09                 1.8
JTS90000000JOR           2002        M10                 1.7
JTS90000000JOR           2002        M11                 1.8
JTS90000000JOR           2002        M12                 1.6
JTS90000000JOR           2003        M01                 1.8
JTS90000000JOR           2003        M02                 1.7
JTS90000000JOR           2003        M03                 1.7
JTS90000000JOR           2003        M04                 1.7
JTS90000000JOR           2003        M05                 1.5
JTS90000000JOR           2003        M06                 1.8
JTS90000000JOR           2003        M07                 1.6
JTS90000000JOR           2003        M08                 1.4
JTS90000000JOR           2003        M09                 1.4
JTS90000000JOR           2003        M10                 1.6
JTS90000000JOR           2003        M11                 1.4
JTS90000000JOR           2003        M12                 1.4
JTS90000000JOR           2004        M01                 1.4
JTS90000000JOR           2004        M02                 1.5
JTS90000000JOR           2004        M03                 1.7
JTS90000000JOR           2004        M04                 1.7
JTS90000000JOR           2004        M05                 1.7
JTS90000000JOR           2004        M06                 1.5
JTS90000000JOR           2004        M07                 1.5
JTS90000000JOR           2004        M08                 1.5
JTS90000000JOR           2004        M09                 1.6
JTS90000000JOR           2004        M10                 1.7
JTS90000000JOR           2004        M11                 1.6
JTS90000000JOR           2004        M12                 1.7
JTS90000000JOR           2005        M01                 1.4
JTS90000000JOR           2005        M02                 1.6
JTS90000000JOR           2005        M03                 1.6
JTS90000000JOR           2005        M04                 1.7
JTS90000000JOR           2005        M05                 1.7
JTS90000000JOR           2005        M06                 1.7
JTS90000000JOR           2005        M07                 1.8
JTS90000000JOR           2005        M08                 1.7
JTS90000000JOR           2005        M09                 1.8
JTS90000000JOR           2005        M10                 1.7
JTS90000000JOR           2005        M11                 1.6
JTS90000000JOR           2005        M12                 1.8
JTS90000000JOR           2006        M01                 1.7
JTS90000000JOR           2006        M02                 1.7
JTS90000000JOR           2006        M03                 1.9
JTS90000000JOR           2006        M04                 2.0
JTS90000000JOR           2006        M05                 1.8
JTS90000000JOR           2006        M06                 1.9
JTS90000000JOR           2006        M07                 2.2
JTS90000000JOR           2006        M08                 2.1
JTS90000000JOR           2006        M09                 2.1
JTS90000000JOR           2006        M10                 1.8
JTS90000000JOR           2006        M11                 1.9
JTS90000000JOR           2006        M12                 1.8
JTS90000000JOR           2007        M01                 1.9
JTS90000000JOR           2007        M02                 1.9
JTS90000000JOR           2007        M03                 2.0
JTS90000000JOR           2007        M04                 2.0
JTS90000000JOR           2007        M05                 1.9
JTS90000000JOR           2007        M06                 2.0
JTS90000000JOR           2007        M07                 2.0
JTS90000000JOR           2007        M08                 2.1
JTS90000000JOR           2007        M09                 2.0
JTS90000000JOR           2007        M10                 1.8
JTS90000000JOR           2007        M11                 1.9
JTS90000000JOR           2007        M12                 1.8
JTS90000000JOR           2008        M01                 1.8
JTS90000000JOR           2008        M02                 1.9
JTS90000000JOR           2008        M03                 1.9
JTS90000000JOR           2008        M04                 1.7
JTS90000000JOR           2008        M05                 2.1
JTS90000000JOR           2008        M06                 1.9
JTS90000000JOR           2008        M07                 1.8
JTS90000000JOR           2008        M08                 1.8
JTS90000000JOR           2008        M09                 1.8
JTS90000000JOR           2008        M10                 1.7
JTS90000000JOR           2008        M11                 1.6
JTS90000000JOR           2008        M12                 1.2
JTS90000000JOR           2009        M01                 1.7
JTS90000000JOR           2009        M02                 1.5
JTS90000000JOR           2009        M03                 1.6
JTS90000000JOR           2009        M04                 1.6
JTS90000000JOR           2009        M05                 1.3
JTS90000000JOR           2009        M06                 1.4
JTS90000000JOR           2009        M07                 1.2
JTS90000000JOR           2009        M08                 1.4
JTS90000000JOR           2009        M09                 1.2
JTS90000000JOR           2009        M10                 1.8
JTS90000000JOR           2009        M11                 1.5
JTS90000000JOR           2009        M12                 1.4
JTS90000000JOR           2010        M01                 1.7
JTS90000000JOR           2010        M02                 1.5
JTS90000000JOR           2010        M03                 1.8
JTS90000000JOR           2010        M04                 2.8
JTS90000000JOR           2010        M05                 1.6
JTS90000000JOR           2010        M06                 1.3
JTS90000000JOR           2010        M07                 1.4
JTS90000000JOR           2010        M08                 1.5
JTS90000000JOR           2010        M09                 1.4
JTS90000000JOR           2010        M10                 1.5
JTS90000000JOR           2010        M11                 1.3
JTS90000000JOR           2010        M12                 1.7
JTS90000000JOR           2011        M01                 1.5
JTS90000000JOR           2011        M02                 1.3
JTS90000000JOR           2011        M03                 1.5
JTS90000000JOR           2011        M04                 1.5
JTS90000000JOR           2011        M05                 1.3
JTS90000000JOR           2011        M06                 1.5
JTS90000000JOR           2011        M07                 1.4
JTS90000000JOR           2011        M08                 1.5
JTS90000000JOR           2011        M09                 1.7
JTS90000000JOR           2011        M10                 1.6
JTS90000000JOR           2011        M11                 1.5
JTS90000000JOR           2011        M12                 1.6
JTS90000000JOR           2012        M01                 1.5
JTS90000000JOR           2012        M02                 1.7
JTS90000000JOR           2012        M03                 1.8
JTS90000000JOR           2012        M04                 1.7
JTS90000000JOR           2012        M05                 1.7
JTS90000000JOR           2012        M06                 1.7
JTS90000000JOR           2012        M07                 1.7
JTS90000000JOR           2012        M08                 1.8
JTS90000000JOR           2012        M09                 1.6
JTS90000000JOR           2012        M10                 1.7
JTS90000000JOR           2012        M11                 1.5
JTS90000000JOR           2012        M12                 1.7
JTS90000000JOR           2013        M01                 1.8
JTS90000000JOR           2013        M02                 1.9
JTS90000000JOR           2013        M03                 1.8
JTS90000000JOR           2013        M04                 2.0
JTS90000000JOR           2013        M05                 1.9
JTS90000000JOR           2013        M06                 1.7
JTS90000000JOR           2013        M07                 1.7
JTS90000000JOR           2013        M08                 1.7
JTS90000000JOR           2013        M09                 1.7
JTS90000000JOR           2013        M10                 1.8
JTS90000000JOR           2013        M11                 1.6
JTS90000000JOR           2013        M12                 1.5
JTS90000000JOR           2014        M01                 1.7
JTS90000000JOR           2014        M02                 1.8
JTS90000000JOR           2014        M03                 2.0
JTS90000000JOR           2014        M04                 2.0
JTS90000000JOR           2014        M05                 2.0
JTS90000000JOR           2014        M06                 2.3
JTS90000000JOR           2014        M07                 2.1
JTS90000000JOR           2014        M08                 2.1
JTS90000000JOR           2014        M09                 2.1
JTS90000000JOR           2014        M10                 1.9
JTS90000000JOR           2014        M11                 2.0
JTS90000000JOR           2014        M12                 2.0
JTS90000000JOR           2015        M01                 2.3
JTS90000000JOR           2015        M02                 2.4
JTS90000000JOR           2015        M03                 2.3
JTS90000000JOR           2015        M04                 2.3
JTS90000000JOR           2015        M05                 2.4
JTS90000000JOR           2015        M06                 2.0
JTS90000000JOR           2015        M07                 2.3
JTS90000000JOR           2015        M08                 2.2
JTS90000000JOR           2015        M09                 2.1
JTS90000000JOR           2015        M10                 2.1
JTS90000000JOR           2015        M11                 2.1
JTS90000000JOR           2015        M12                 2.2
JTS90000000JOR           2016        M01                 2.2
JTS90000000JOR           2016        M02                 2.1
JTS90000000JOR           2016        M03                 2.3
JTS90000000JOR           2016        M04                 2.3
JTS90000000JOR           2016        M05                 2.4
JTS90000000JOR           2016        M06                 2.4
JTS90000000JOR           2016        M07                 2.4
JTS90000000JOR           2016        M08                 2.2
JTS90000000JOR           2016        M09                 2.3
JTS90000000JOR           2016        M10                 2.1
JTS90000000JOR           2016        M11                 2.5
JTS90000000JOR           2016        M12                 2.1
JTS90000000JOR           2017        M01                 2.2
JTS90000000JOR           2017        M02                 2.2
JTS90000000JOR           2017        M03                 2.4
JTS90000000JOR           2017        M04                 2.4
JTS90000000JOR           2017        M05                 2.3
JTS90000000JOR           2017        M06                 2.5
JTS90000000JOR           2017        M07                 2.3
JTS90000000JOR           2017        M08                 2.2
JTS90000000JOR           2017        M09                 2.3
JTS90000000JOR           2017        M10                 2.3
JTS90000000JOR           2017        M11                 2.2
JTS90000000JOR           2017        M12                 2.3        p
JTS91000000JOL           2000        M12                  58
JTS91000000JOL           2001        M01                  58
JTS91000000JOL           2001        M02                  59
JTS91000000JOL           2001        M03                  66
JTS91000000JOL           2001        M04                  74
JTS91000000JOL           2001        M05                  66
JTS91000000JOL           2001        M06                  80
JTS91000000JOL           2001        M07                  43
JTS91000000JOL           2001        M08                  44
JTS91000000JOL           2001        M09                  43
JTS91000000JOL           2001        M10                  42
JTS91000000JOL           2001        M11                  43
JTS91000000JOL           2001        M12                  35
JTS91000000JOL           2002        M01                  40
JTS91000000JOL           2002        M02                  51
JTS91000000JOL           2002        M03                  53
JTS91000000JOL           2002        M04                  55
JTS91000000JOL           2002        M05                  61
JTS91000000JOL           2002        M06                  37
JTS91000000JOL           2002        M07                  51
JTS91000000JOL           2002        M08                  55
JTS91000000JOL           2002        M09                  45
JTS91000000JOL           2002        M10                  32
JTS91000000JOL           2002        M11                  45
JTS91000000JOL           2002        M12                  37
JTS91000000JOL           2003        M01                  46
JTS91000000JOL           2003        M02                  50
JTS91000000JOL           2003        M03                  52
JTS91000000JOL           2003        M04                  30
JTS91000000JOL           2003        M05                  44
JTS91000000JOL           2003        M06                  72
JTS91000000JOL           2003        M07                  57
JTS91000000JOL           2003        M08                  56
JTS91000000JOL           2003        M09                  48
JTS91000000JOL           2003        M10                  39
JTS91000000JOL           2003        M11                  41
JTS91000000JOL           2003        M12                  50
JTS91000000JOL           2004        M01                  49
JTS91000000JOL           2004        M02                  54
JTS91000000JOL           2004        M03                  61
JTS91000000JOL           2004        M04                  70
JTS91000000JOL           2004        M05                  34
JTS91000000JOL           2004        M06                  59
JTS91000000JOL           2004        M07                  43
JTS91000000JOL           2004        M08                  45
JTS91000000JOL           2004        M09                  48
JTS91000000JOL           2004        M10                  39
JTS91000000JOL           2004        M11                  42
JTS91000000JOL           2004        M12                  60
JTS91000000JOL           2005        M01                  34
JTS91000000JOL           2005        M02                  41
JTS91000000JOL           2005        M03                  52
JTS91000000JOL           2005        M04                  44
JTS91000000JOL           2005        M05                  55
JTS91000000JOL           2005        M06                  46
JTS91000000JOL           2005        M07                  50
JTS91000000JOL           2005        M08                  52
JTS91000000JOL           2005        M09                  49
JTS91000000JOL           2005        M10                  38
JTS91000000JOL           2005        M11                  40
JTS91000000JOL           2005        M12                  54
JTS91000000JOL           2006        M01                  40
JTS91000000JOL           2006        M02                  49
JTS91000000JOL           2006        M03                  51
JTS91000000JOL           2006        M04                  56
JTS91000000JOL           2006        M05                  48
JTS91000000JOL           2006        M06                  51
JTS91000000JOL           2006        M07                  66
JTS91000000JOL           2006        M08                  64
JTS91000000JOL           2006        M09                  37
JTS91000000JOL           2006        M10                  35
JTS91000000JOL           2006        M11                  39
JTS91000000JOL           2006        M12                  35
JTS91000000JOL           2007        M01                  40
JTS91000000JOL           2007        M02                  46
JTS91000000JOL           2007        M03                  59
JTS91000000JOL           2007        M04                  55
JTS91000000JOL           2007        M05                  44
JTS91000000JOL           2007        M06                  40
JTS91000000JOL           2007        M07                  47
JTS91000000JOL           2007        M08                  62
JTS91000000JOL           2007        M09                  52
JTS91000000JOL           2007        M10                  42
JTS91000000JOL           2007        M11                  49
JTS91000000JOL           2007        M12                  51
JTS91000000JOL           2008        M01                  37
JTS91000000JOL           2008        M02                  52
JTS91000000JOL           2008        M03                  60
JTS91000000JOL           2008        M04                  35
JTS91000000JOL           2008        M05                  62
JTS91000000JOL           2008        M06                  57
JTS91000000JOL           2008        M07                  60
JTS91000000JOL           2008        M08                  84
JTS91000000JOL           2008        M09                  57
JTS91000000JOL           2008        M10                  60
JTS91000000JOL           2008        M11                  27
JTS91000000JOL           2008        M12                  26
JTS91000000JOL           2009        M01                  80
JTS91000000JOL           2009        M02                  72
JTS91000000JOL           2009        M03                 112
JTS91000000JOL           2009        M04                  85
JTS91000000JOL           2009        M05                  40
JTS91000000JOL           2009        M06                  52
JTS91000000JOL           2009        M07                  56
JTS91000000JOL           2009        M08                  33
JTS91000000JOL           2009        M09                  55
JTS91000000JOL           2009        M10                 125
JTS91000000JOL           2009        M11                  95
JTS91000000JOL           2009        M12                  73
JTS91000000JOL           2010        M01                 137
JTS91000000JOL           2010        M02                 129
JTS91000000JOL           2010        M03                 165
JTS91000000JOL           2010        M04                 379
JTS91000000JOL           2010        M05                 136
JTS91000000JOL           2010        M06                  85
JTS91000000JOL           2010        M07                  75
JTS91000000JOL           2010        M08                  89
JTS91000000JOL           2010        M09                  77
JTS91000000JOL           2010        M10                  64
JTS91000000JOL           2010        M11                  77
JTS91000000JOL           2010        M12                  86
JTS91000000JOL           2011        M01                  61
JTS91000000JOL           2011        M02                  53
JTS91000000JOL           2011        M03                  61
JTS91000000JOL           2011        M04                  49
JTS91000000JOL           2011        M05                  48
JTS91000000JOL           2011        M06                  49
JTS91000000JOL           2011        M07                  63
JTS91000000JOL           2011        M08                  46
JTS91000000JOL           2011        M09                  52
JTS91000000JOL           2011        M10                  65
JTS91000000JOL           2011        M11                  46
JTS91000000JOL           2011        M12                  49
JTS91000000JOL           2012        M01                  56
JTS91000000JOL           2012        M02                  64
JTS91000000JOL           2012        M03                  81
JTS91000000JOL           2012        M04                  78
JTS91000000JOL           2012        M05                  59
JTS91000000JOL           2012        M06                  72
JTS91000000JOL           2012        M07                  50
JTS91000000JOL           2012        M08                  86
JTS91000000JOL           2012        M09                  68
JTS91000000JOL           2012        M10                  72
JTS91000000JOL           2012        M11                  51
JTS91000000JOL           2012        M12                  65
JTS91000000JOL           2013        M01                  74
JTS91000000JOL           2013        M02                  68
JTS91000000JOL           2013        M03                  58
JTS91000000JOL           2013        M04                  77
JTS91000000JOL           2013        M05                  51
JTS91000000JOL           2013        M06                  43
JTS91000000JOL           2013        M07                  49
JTS91000000JOL           2013        M08                  41
JTS91000000JOL           2013        M09                  46
JTS91000000JOL           2013        M10                  46
JTS91000000JOL           2013        M11                  47
JTS91000000JOL           2013        M12                  42
JTS91000000JOL           2014        M01                  48
JTS91000000JOL           2014        M02                  59
JTS91000000JOL           2014        M03                  78
JTS91000000JOL           2014        M04                  63
JTS91000000JOL           2014        M05                  67
JTS91000000JOL           2014        M06                  68
JTS91000000JOL           2014        M07                  55
JTS91000000JOL           2014        M08                  72
JTS91000000JOL           2014        M09                  62
JTS91000000JOL           2014        M10                  58
JTS91000000JOL           2014        M11                  55
JTS91000000JOL           2014        M12                  62
JTS91000000JOL           2015        M01                  74
JTS91000000JOL           2015        M02                  91
JTS91000000JOL           2015        M03                  86
JTS91000000JOL           2015        M04                  83
JTS91000000JOL           2015        M05                  80
JTS91000000JOL           2015        M06                  65
JTS91000000JOL           2015        M07                  74
JTS91000000JOL           2015        M08                  67
JTS91000000JOL           2015        M09                  55
JTS91000000JOL           2015        M10                  68
JTS91000000JOL           2015        M11                  73
JTS91000000JOL           2015        M12                  83
JTS91000000JOL           2016        M01                  86
JTS91000000JOL           2016        M02                  87
JTS91000000JOL           2016        M03                  94
JTS91000000JOL           2016        M04                  82
JTS91000000JOL           2016        M05                 101
JTS91000000JOL           2016        M06                  99
JTS91000000JOL           2016        M07                  91
JTS91000000JOL           2016        M08                  85
JTS91000000JOL           2016        M09                 102
JTS91000000JOL           2016        M10                  74
JTS91000000JOL           2016        M11                  82
JTS91000000JOL           2016        M12                 110
JTS91000000JOL           2017        M01                  82
JTS91000000JOL           2017        M02                  83
JTS91000000JOL           2017        M03                  91
JTS91000000JOL           2017        M04                  93
JTS91000000JOL           2017        M05                 118
JTS91000000JOL           2017        M06                 101
JTS91000000JOL           2017        M07                  83
JTS91000000JOL           2017        M08                  66
JTS91000000JOL           2017        M09                  75
JTS91000000JOL           2017        M10                  73
JTS91000000JOL           2017        M11                  71
JTS91000000JOL           2017        M12                  84        p
JTS91000000JOR           2000        M12                 2.1
JTS91000000JOR           2001        M01                 2.1
JTS91000000JOR           2001        M02                 2.1
JTS91000000JOR           2001        M03                 2.4
JTS91000000JOR           2001        M04                 2.6
JTS91000000JOR           2001        M05                 2.3
JTS91000000JOR           2001        M06                 2.8
JTS91000000JOR           2001        M07                 1.5
JTS91000000JOR           2001        M08                 1.6
JTS91000000JOR           2001        M09                 1.5
JTS91000000JOR           2001        M10                 1.5
JTS91000000JOR           2001        M11                 1.5
JTS91000000JOR           2001        M12                 1.3
JTS91000000JOR           2002        M01                 1.4
JTS91000000JOR           2002        M02                 1.8
JTS91000000JOR           2002        M03                 1.9
JTS91000000JOR           2002        M04                 2.0
JTS91000000JOR           2002        M05                 2.2
JTS91000000JOR           2002        M06                 1.3
JTS91000000JOR           2002        M07                 1.8
JTS91000000JOR           2002        M08                 1.9
JTS91000000JOR           2002        M09                 1.6
JTS91000000JOR           2002        M10                 1.1
JTS91000000JOR           2002        M11                 1.6
JTS91000000JOR           2002        M12                 1.3
JTS91000000JOR           2003        M01                 1.6
JTS91000000JOR           2003        M02                 1.8
JTS91000000JOR           2003        M03                 1.8
JTS91000000JOR           2003        M04                 1.1
JTS91000000JOR           2003        M05                 1.6
JTS91000000JOR           2003        M06                 2.6
JTS91000000JOR           2003        M07                 2.0
JTS91000000JOR           2003        M08                 2.0
JTS91000000JOR           2003        M09                 1.7
JTS91000000JOR           2003        M10                 1.4
JTS91000000JOR           2003        M11                 1.5
JTS91000000JOR           2003        M12                 1.8
JTS91000000JOR           2004        M01                 1.7
JTS91000000JOR           2004        M02                 1.9
JTS91000000JOR           2004        M03                 2.2
JTS91000000JOR           2004        M04                 2.5
JTS91000000JOR           2004        M05                 1.2
JTS91000000JOR           2004        M06                 2.1
JTS91000000JOR           2004        M07                 1.6
JTS91000000JOR           2004        M08                 1.6
JTS91000000JOR           2004        M09                 1.7
JTS91000000JOR           2004        M10                 1.4
JTS91000000JOR           2004        M11                 1.5
JTS91000000JOR           2004        M12                 2.1
JTS91000000JOR           2005        M01                 1.2
JTS91000000JOR           2005        M02                 1.5
JTS91000000JOR           2005        M03                 1.9
JTS91000000JOR           2005        M04                 1.6
JTS91000000JOR           2005        M05                 2.0
JTS91000000JOR           2005        M06                 1.7
JTS91000000JOR           2005        M07                 1.8
JTS91000000JOR           2005        M08                 1.9
JTS91000000JOR           2005        M09                 1.8
JTS91000000JOR           2005        M10                 1.4
JTS91000000JOR           2005        M11                 1.4
JTS91000000JOR           2005        M12                 1.9
JTS91000000JOR           2006        M01                 1.4
JTS91000000JOR           2006        M02                 1.8
JTS91000000JOR           2006        M03                 1.8
JTS91000000JOR           2006        M04                 2.0
JTS91000000JOR           2006        M05                 1.7
JTS91000000JOR           2006        M06                 1.8
JTS91000000JOR           2006        M07                 2.4
JTS91000000JOR           2006        M08                 2.3
JTS91000000JOR           2006        M09                 1.4
JTS91000000JOR           2006        M10                 1.3
JTS91000000JOR           2006        M11                 1.4
JTS91000000JOR           2006        M12                 1.3
JTS91000000JOR           2007        M01                 1.4
JTS91000000JOR           2007        M02                 1.6
JTS91000000JOR           2007        M03                 2.1
JTS91000000JOR           2007        M04                 2.0
JTS91000000JOR           2007        M05                 1.6
JTS91000000JOR           2007        M06                 1.5
JTS91000000JOR           2007        M07                 1.7
JTS91000000JOR           2007        M08                 2.2
JTS91000000JOR           2007        M09                 1.9
JTS91000000JOR           2007        M10                 1.5
JTS91000000JOR           2007        M11                 1.8
JTS91000000JOR           2007        M12                 1.8
JTS91000000JOR           2008        M01                 1.3
JTS91000000JOR           2008        M02                 1.9
JTS91000000JOR           2008        M03                 2.1
JTS91000000JOR           2008        M04                 1.3
JTS91000000JOR           2008        M05                 2.2
JTS91000000JOR           2008        M06                 2.0
JTS91000000JOR           2008        M07                 2.1
JTS91000000JOR           2008        M08                 2.9
JTS91000000JOR           2008        M09                 2.0
JTS91000000JOR           2008        M10                 2.1
JTS91000000JOR           2008        M11                 0.9
JTS91000000JOR           2008        M12                 0.9
JTS91000000JOR           2009        M01                 2.8
JTS91000000JOR           2009        M02                 2.5
JTS91000000JOR           2009        M03                 3.8
JTS91000000JOR           2009        M04                 2.8
JTS91000000JOR           2009        M05                 1.4
JTS91000000JOR           2009        M06                 1.8
JTS91000000JOR           2009        M07                 2.0
JTS91000000JOR           2009        M08                 1.2
JTS91000000JOR           2009        M09                 1.9
JTS91000000JOR           2009        M10                 4.2
JTS91000000JOR           2009        M11                 3.2
JTS91000000JOR           2009        M12                 2.5
JTS91000000JOR           2010        M01                 4.6
JTS91000000JOR           2010        M02                 4.3
JTS91000000JOR           2010        M03                 5.3
JTS91000000JOR           2010        M04                11.3
JTS91000000JOR           2010        M05                 3.8
JTS91000000JOR           2010        M06                 2.6
JTS91000000JOR           2010        M07                 2.4
JTS91000000JOR           2010        M08                 2.9
JTS91000000JOR           2010        M09                 2.6
JTS91000000JOR           2010        M10                 2.2
JTS91000000JOR           2010        M11                 2.6
JTS91000000JOR           2010        M12                 2.9
JTS91000000JOR           2011        M01                 2.1
JTS91000000JOR           2011        M02                 1.8
JTS91000000JOR           2011        M03                 2.1
JTS91000000JOR           2011        M04                 1.7
JTS91000000JOR           2011        M05                 1.6
JTS91000000JOR           2011        M06                 1.7
JTS91000000JOR           2011        M07                 2.1
JTS91000000JOR           2011        M08                 1.6
JTS91000000JOR           2011        M09                 1.8
JTS91000000JOR           2011        M10                 2.2
JTS91000000JOR           2011        M11                 1.6
JTS91000000JOR           2011        M12                 1.7
JTS91000000JOR           2012        M01                 1.9
JTS91000000JOR           2012        M02                 2.2
JTS91000000JOR           2012        M03                 2.8
JTS91000000JOR           2012        M04                 2.7
JTS91000000JOR           2012        M05                 2.0
JTS91000000JOR           2012        M06                 2.5
JTS91000000JOR           2012        M07                 1.8
JTS91000000JOR           2012        M08                 3.0
JTS91000000JOR           2012        M09                 2.4
JTS91000000JOR           2012        M10                 2.5
JTS91000000JOR           2012        M11                 1.8
JTS91000000JOR           2012        M12                 2.3
JTS91000000JOR           2013        M01                 2.6
JTS91000000JOR           2013        M02                 2.4
JTS91000000JOR           2013        M03                 2.0
JTS91000000JOR           2013        M04                 2.7
JTS91000000JOR           2013        M05                 1.8
JTS91000000JOR           2013        M06                 1.5
JTS91000000JOR           2013        M07                 1.7
JTS91000000JOR           2013        M08                 1.5
JTS91000000JOR           2013        M09                 1.7
JTS91000000JOR           2013        M10                 1.7
JTS91000000JOR           2013        M11                 1.7
JTS91000000JOR           2013        M12                 1.5
JTS91000000JOR           2014        M01                 1.7
JTS91000000JOR           2014        M02                 2.1
JTS91000000JOR           2014        M03                 2.8
JTS91000000JOR           2014        M04                 2.3
JTS91000000JOR           2014        M05                 2.4
JTS91000000JOR           2014        M06                 2.4
JTS91000000JOR           2014        M07                 2.0
JTS91000000JOR           2014        M08                 2.6
JTS91000000JOR           2014        M09                 2.2
JTS91000000JOR           2014        M10                 2.1
JTS91000000JOR           2014        M11                 2.0
JTS91000000JOR           2014        M12                 2.2
JTS91000000JOR           2015        M01                 2.6
JTS91000000JOR           2015        M02                 3.2
JTS91000000JOR           2015        M03                 3.0
JTS91000000JOR           2015        M04                 2.9
JTS91000000JOR           2015        M05                 2.8
JTS91000000JOR           2015        M06                 2.3
JTS91000000JOR           2015        M07                 2.6
JTS91000000JOR           2015        M08                 2.4
JTS91000000JOR           2015        M09                 1.9
JTS91000000JOR           2015        M10                 2.4
JTS91000000JOR           2015        M11                 2.6
JTS91000000JOR           2015        M12                 2.9
JTS91000000JOR           2016        M01                 3.0
JTS91000000JOR           2016        M02                 3.0
JTS91000000JOR           2016        M03                 3.3
JTS91000000JOR           2016        M04                 2.9
JTS91000000JOR           2016        M05                 3.5
JTS91000000JOR           2016        M06                 3.4
JTS91000000JOR           2016        M07                 3.2
JTS91000000JOR           2016        M08                 2.9
JTS91000000JOR           2016        M09                 3.5
JTS91000000JOR           2016        M10                 2.6
JTS91000000JOR           2016        M11                 2.8
JTS91000000JOR           2016        M12                 3.8
JTS91000000JOR           2017        M01                 2.8
JTS91000000JOR           2017        M02                 2.9
JTS91000000JOR           2017        M03                 3.1
JTS91000000JOR           2017        M04                 3.2
JTS91000000JOR           2017        M05                 4.0
JTS91000000JOR           2017        M06                 3.5
JTS91000000JOR           2017        M07                 2.9
JTS91000000JOR           2017        M08                 2.3
JTS91000000JOR           2017        M09                 2.6
JTS91000000JOR           2017        M10                 2.5
JTS91000000JOR           2017        M11                 2.5
JTS91000000JOR           2017        M12                 2.9        p
JTS92000000JOL           2000        M12                 414
JTS92000000JOL           2001        M01                 440
JTS92000000JOL           2001        M02                 367
JTS92000000JOL           2001        M03                 413
JTS92000000JOL           2001        M04                 379
JTS92000000JOL           2001        M05                 441
JTS92000000JOL           2001        M06                 445
JTS92000000JOL           2001        M07                 447
JTS92000000JOL           2001        M08                 424
JTS92000000JOL           2001        M09                 340
JTS92000000JOL           2001        M10                 398
JTS92000000JOL           2001        M11                 383
JTS92000000JOL           2001        M12                 350
JTS92000000JOL           2002        M01                 338
JTS92000000JOL           2002        M02                 395
JTS92000000JOL           2002        M03                 386
JTS92000000JOL           2002        M04                 350
JTS92000000JOL           2002        M05                 412
JTS92000000JOL           2002        M06                 369
JTS92000000JOL           2002        M07                 360
JTS92000000JOL           2002        M08                 400
JTS92000000JOL           2002        M09                 345
JTS92000000JOL           2002        M10                 351
JTS92000000JOL           2002        M11                 360
JTS92000000JOL           2002        M12                 308
JTS92000000JOL           2003        M01                 354
JTS92000000JOL           2003        M02                 332
JTS92000000JOL           2003        M03                 315
JTS92000000JOL           2003        M04                 341
JTS92000000JOL           2003        M05                 285
JTS92000000JOL           2003        M06                 334
JTS92000000JOL           2003        M07                 294
JTS92000000JOL           2003        M08                 260
JTS92000000JOL           2003        M09                 258
JTS92000000JOL           2003        M10                 310
JTS92000000JOL           2003        M11                 266
JTS92000000JOL           2003        M12                 264
JTS92000000JOL           2004        M01                 257
JTS92000000JOL           2004        M02                 275
JTS92000000JOL           2004        M03                 307
JTS92000000JOL           2004        M04                 299
JTS92000000JOL           2004        M05                 332
JTS92000000JOL           2004        M06                 280
JTS92000000JOL           2004        M07                 288
JTS92000000JOL           2004        M08                 282
JTS92000000JOL           2004        M09                 303
JTS92000000JOL           2004        M10                 339
JTS92000000JOL           2004        M11                 308
JTS92000000JOL           2004        M12                 311
JTS92000000JOL           2005        M01                 279
JTS92000000JOL           2005        M02                 314
JTS92000000JOL           2005        M03                 312
JTS92000000JOL           2005        M04                 333
JTS92000000JOL           2005        M05                 323
JTS92000000JOL           2005        M06                 328
JTS92000000JOL           2005        M07                 359
JTS92000000JOL           2005        M08                 334
JTS92000000JOL           2005        M09                 354
JTS92000000JOL           2005        M10                 341
JTS92000000JOL           2005        M11                 317
JTS92000000JOL           2005        M12                 344
JTS92000000JOL           2006        M01                 330
JTS92000000JOL           2006        M02                 339
JTS92000000JOL           2006        M03                 379
JTS92000000JOL           2006        M04                 381
JTS92000000JOL           2006        M05                 365
JTS92000000JOL           2006        M06                 368
JTS92000000JOL           2006        M07                 436
JTS92000000JOL           2006        M08                 418
JTS92000000JOL           2006        M09                 431
JTS92000000JOL           2006        M10                 371
JTS92000000JOL           2006        M11                 384
JTS92000000JOL           2006        M12                 367
JTS92000000JOL           2007        M01                 396
JTS92000000JOL           2007        M02                 387
JTS92000000JOL           2007        M03                 396
JTS92000000JOL           2007        M04                 391
JTS92000000JOL           2007        M05                 389
JTS92000000JOL           2007        M06                 404
JTS92000000JOL           2007        M07                 405
JTS92000000JOL           2007        M08                 413
JTS92000000JOL           2007        M09                 399
JTS92000000JOL           2007        M10                 376
JTS92000000JOL           2007        M11                 377
JTS92000000JOL           2007        M12                 359
JTS92000000JOL           2008        M01                 364
JTS92000000JOL           2008        M02                 371
JTS92000000JOL           2008        M03                 367
JTS92000000JOL           2008        M04                 359
JTS92000000JOL           2008        M05                 412
JTS92000000JOL           2008        M06                 375
JTS92000000JOL           2008        M07                 349
JTS92000000JOL           2008        M08                 336
JTS92000000JOL           2008        M09                 353
JTS92000000JOL           2008        M10                 322
JTS92000000JOL           2008        M11                 336
JTS92000000JOL           2008        M12                 259
JTS92000000JOL           2009        M01                 300
JTS92000000JOL           2009        M02                 279
JTS92000000JOL           2009        M03                 248
JTS92000000JOL           2009        M04                 294
JTS92000000JOL           2009        M05                 253
JTS92000000JOL           2009        M06                 275
JTS92000000JOL           2009        M07                 223
JTS92000000JOL           2009        M08                 284
JTS92000000JOL           2009        M09                 216
JTS92000000JOL           2009        M10                 279
JTS92000000JOL           2009        M11                 246
JTS92000000JOL           2009        M12                 244
JTS92000000JOL           2010        M01                 248
JTS92000000JOL           2010        M02                 219
JTS92000000JOL           2010        M03                 251
JTS92000000JOL           2010        M04                 269
JTS92000000JOL           2010        M05                 244
JTS92000000JOL           2010        M06                 222
JTS92000000JOL           2010        M07                 245
JTS92000000JOL           2010        M08                 243
JTS92000000JOL           2010        M09                 232
JTS92000000JOL           2010        M10                 284
JTS92000000JOL           2010        M11                 220
JTS92000000JOL           2010        M12                 302
JTS92000000JOL           2011        M01                 267
JTS92000000JOL           2011        M02                 248
JTS92000000JOL           2011        M03                 272
JTS92000000JOL           2011        M04                 290
JTS92000000JOL           2011        M05                 241
JTS92000000JOL           2011        M06                 297
JTS92000000JOL           2011        M07                 251
JTS92000000JOL           2011        M08                 284
JTS92000000JOL           2011        M09                 336
JTS92000000JOL           2011        M10                 297
JTS92000000JOL           2011        M11                 287
JTS92000000JOL           2011        M12                 297
JTS92000000JOL           2012        M01                 287
JTS92000000JOL           2012        M02                 327
JTS92000000JOL           2012        M03                 326
JTS92000000JOL           2012        M04                 299
JTS92000000JOL           2012        M05                 310
JTS92000000JOL           2012        M06                 308
JTS92000000JOL           2012        M07                 317
JTS92000000JOL           2012        M08                 320
JTS92000000JOL           2012        M09                 297
JTS92000000JOL           2012        M10                 306
JTS92000000JOL           2012        M11                 292
JTS92000000JOL           2012        M12                 309
JTS92000000JOL           2013        M01                 326
JTS92000000JOL           2013        M02                 358
JTS92000000JOL           2013        M03                 334
JTS92000000JOL           2013        M04                 360
JTS92000000JOL           2013        M05                 370
JTS92000000JOL           2013        M06                 344
JTS92000000JOL           2013        M07                 328
JTS92000000JOL           2013        M08                 339
JTS92000000JOL           2013        M09                 331
JTS92000000JOL           2013        M10                 352
JTS92000000JOL           2013        M11                 314
JTS92000000JOL           2013        M12                 286
JTS92000000JOL           2014        M01                 321
JTS92000000JOL           2014        M02                 345
JTS92000000JOL           2014        M03                 372
JTS92000000JOL           2014        M04                 385
JTS92000000JOL           2014        M05                 390
JTS92000000JOL           2014        M06                 442
JTS92000000JOL           2014        M07                 404
JTS92000000JOL           2014        M08                 387
JTS92000000JOL           2014        M09                 409
JTS92000000JOL           2014        M10                 361
JTS92000000JOL           2014        M11                 387
JTS92000000JOL           2014        M12                 397
JTS92000000JOL           2015        M01                 438
JTS92000000JOL           2015        M02                 447
JTS92000000JOL           2015        M03                 443
JTS92000000JOL           2015        M04                 425
JTS92000000JOL           2015        M05                 463
JTS92000000JOL           2015        M06                 392
JTS92000000JOL           2015        M07                 445
JTS92000000JOL           2015        M08                 428
JTS92000000JOL           2015        M09                 412
JTS92000000JOL           2015        M10                 409
JTS92000000JOL           2015        M11                 391
JTS92000000JOL           2015        M12                 417
JTS92000000JOL           2016        M01                 413
JTS92000000JOL           2016        M02                 387
JTS92000000JOL           2016        M03                 421
JTS92000000JOL           2016        M04                 443
JTS92000000JOL           2016        M05                 438
JTS92000000JOL           2016        M06                 445
JTS92000000JOL           2016        M07                 465
JTS92000000JOL           2016        M08                 426
JTS92000000JOL           2016        M09                 432
JTS92000000JOL           2016        M10                 410
JTS92000000JOL           2016        M11                 494
JTS92000000JOL           2016        M12                 364
JTS92000000JOL           2017        M01                 410
JTS92000000JOL           2017        M02                 420
JTS92000000JOL           2017        M03                 450
JTS92000000JOL           2017        M04                 464
JTS92000000JOL           2017        M05                 414
JTS92000000JOL           2017        M06                 471
JTS92000000JOL           2017        M07                 432
JTS92000000JOL           2017        M08                 440
JTS92000000JOL           2017        M09                 453
JTS92000000JOL           2017        M10                 444
JTS92000000JOL           2017        M11                 440
JTS92000000JOL           2017        M12                 437        p
JTS92000000JOR           2000        M12                 2.2
JTS92000000JOR           2001        M01                 2.4
JTS92000000JOR           2001        M02                 2.0
JTS92000000JOR           2001        M03                 2.2
JTS92000000JOR           2001        M04                 2.0
JTS92000000JOR           2001        M05                 2.4
JTS92000000JOR           2001        M06                 2.4
JTS92000000JOR           2001        M07                 2.4
JTS92000000JOR           2001        M08                 2.2
JTS92000000JOR           2001        M09                 1.8
JTS92000000JOR           2001        M10                 2.1
JTS92000000JOR           2001        M11                 2.0
JTS92000000JOR           2001        M12                 1.8
JTS92000000JOR           2002        M01                 1.8
JTS92000000JOR           2002        M02                 2.1
JTS92000000JOR           2002        M03                 2.0
JTS92000000JOR           2002        M04                 1.8
JTS92000000JOR           2002        M05                 2.2
JTS92000000JOR           2002        M06                 1.9
JTS92000000JOR           2002        M07                 1.9
JTS92000000JOR           2002        M08                 2.1
JTS92000000JOR           2002        M09                 1.8
JTS92000000JOR           2002        M10                 1.8
JTS92000000JOR           2002        M11                 1.9
JTS92000000JOR           2002        M12                 1.6
JTS92000000JOR           2003        M01                 1.8
JTS92000000JOR           2003        M02                 1.7
JTS92000000JOR           2003        M03                 1.6
JTS92000000JOR           2003        M04                 1.8
JTS92000000JOR           2003        M05                 1.5
JTS92000000JOR           2003        M06                 1.7
JTS92000000JOR           2003        M07                 1.5
JTS92000000JOR           2003        M08                 1.4
JTS92000000JOR           2003        M09                 1.4
JTS92000000JOR           2003        M10                 1.6
JTS92000000JOR           2003        M11                 1.4
JTS92000000JOR           2003        M12                 1.4
JTS92000000JOR           2004        M01                 1.3
JTS92000000JOR           2004        M02                 1.4
JTS92000000JOR           2004        M03                 1.6
JTS92000000JOR           2004        M04                 1.6
JTS92000000JOR           2004        M05                 1.7
JTS92000000JOR           2004        M06                 1.5
JTS92000000JOR           2004        M07                 1.5
JTS92000000JOR           2004        M08                 1.5
JTS92000000JOR           2004        M09                 1.6
JTS92000000JOR           2004        M10                 1.8
JTS92000000JOR           2004        M11                 1.6
JTS92000000JOR           2004        M12                 1.6
JTS92000000JOR           2005        M01                 1.4
JTS92000000JOR           2005        M02                 1.6
JTS92000000JOR           2005        M03                 1.6
JTS92000000JOR           2005        M04                 1.7
JTS92000000JOR           2005        M05                 1.7
JTS92000000JOR           2005        M06                 1.7
JTS92000000JOR           2005        M07                 1.8
JTS92000000JOR           2005        M08                 1.7
JTS92000000JOR           2005        M09                 1.8
JTS92000000JOR           2005        M10                 1.8
JTS92000000JOR           2005        M11                 1.6
JTS92000000JOR           2005        M12                 1.8
JTS92000000JOR           2006        M01                 1.7
JTS92000000JOR           2006        M02                 1.7
JTS92000000JOR           2006        M03                 1.9
JTS92000000JOR           2006        M04                 1.9
JTS92000000JOR           2006        M05                 1.9
JTS92000000JOR           2006        M06                 1.9
JTS92000000JOR           2006        M07                 2.2
JTS92000000JOR           2006        M08                 2.1
JTS92000000JOR           2006        M09                 2.2
JTS92000000JOR           2006        M10                 1.9
JTS92000000JOR           2006        M11                 1.9
JTS92000000JOR           2006        M12                 1.9
JTS92000000JOR           2007        M01                 2.0
JTS92000000JOR           2007        M02                 2.0
JTS92000000JOR           2007        M03                 2.0
JTS92000000JOR           2007        M04                 2.0
JTS92000000JOR           2007        M05                 2.0
JTS92000000JOR           2007        M06                 2.0
JTS92000000JOR           2007        M07                 2.0
JTS92000000JOR           2007        M08                 2.1
JTS92000000JOR           2007        M09                 2.0
JTS92000000JOR           2007        M10                 1.9
JTS92000000JOR           2007        M11                 1.9
JTS92000000JOR           2007        M12                 1.8
JTS92000000JOR           2008        M01                 1.8
JTS92000000JOR           2008        M02                 1.9
JTS92000000JOR           2008        M03                 1.8
JTS92000000JOR           2008        M04                 1.8
JTS92000000JOR           2008        M05                 2.0
JTS92000000JOR           2008        M06                 1.9
JTS92000000JOR           2008        M07                 1.7
JTS92000000JOR           2008        M08                 1.7
JTS92000000JOR           2008        M09                 1.8
JTS92000000JOR           2008        M10                 1.6
JTS92000000JOR           2008        M11                 1.7
JTS92000000JOR           2008        M12                 1.3
JTS92000000JOR           2009        M01                 1.5
JTS92000000JOR           2009        M02                 1.4
JTS92000000JOR           2009        M03                 1.2
JTS92000000JOR           2009        M04                 1.5
JTS92000000JOR           2009        M05                 1.3
JTS92000000JOR           2009        M06                 1.4
JTS92000000JOR           2009        M07                 1.1
JTS92000000JOR           2009        M08                 1.4
JTS92000000JOR           2009        M09                 1.1
JTS92000000JOR           2009        M10                 1.4
JTS92000000JOR           2009        M11                 1.2
JTS92000000JOR           2009        M12                 1.2
JTS92000000JOR           2010        M01                 1.2
JTS92000000JOR           2010        M02                 1.1
JTS92000000JOR           2010        M03                 1.3
JTS92000000JOR           2010        M04                 1.4
JTS92000000JOR           2010        M05                 1.2
JTS92000000JOR           2010        M06                 1.1
JTS92000000JOR           2010        M07                 1.2
JTS92000000JOR           2010        M08                 1.2
JTS92000000JOR           2010        M09                 1.2
JTS92000000JOR           2010        M10                 1.4
JTS92000000JOR           2010        M11                 1.1
JTS92000000JOR           2010        M12                 1.5
JTS92000000JOR           2011        M01                 1.4
JTS92000000JOR           2011        M02                 1.3
JTS92000000JOR           2011        M03                 1.4
JTS92000000JOR           2011        M04                 1.5
JTS92000000JOR           2011        M05                 1.2
JTS92000000JOR           2011        M06                 1.5
JTS92000000JOR           2011        M07                 1.3
JTS92000000JOR           2011        M08                 1.5
JTS92000000JOR           2011        M09                 1.7
JTS92000000JOR           2011        M10                 1.5
JTS92000000JOR           2011        M11                 1.5
JTS92000000JOR           2011        M12                 1.5
JTS92000000JOR           2012        M01                 1.5
JTS92000000JOR           2012        M02                 1.7
JTS92000000JOR           2012        M03                 1.7
JTS92000000JOR           2012        M04                 1.5
JTS92000000JOR           2012        M05                 1.6
JTS92000000JOR           2012        M06                 1.6
JTS92000000JOR           2012        M07                 1.6
JTS92000000JOR           2012        M08                 1.6
JTS92000000JOR           2012        M09                 1.5
JTS92000000JOR           2012        M10                 1.6
JTS92000000JOR           2012        M11                 1.5
JTS92000000JOR           2012        M12                 1.6
JTS92000000JOR           2013        M01                 1.7
JTS92000000JOR           2013        M02                 1.8
JTS92000000JOR           2013        M03                 1.7
JTS92000000JOR           2013        M04                 1.9
JTS92000000JOR           2013        M05                 1.9
JTS92000000JOR           2013        M06                 1.8
JTS92000000JOR           2013        M07                 1.7
JTS92000000JOR           2013        M08                 1.7
JTS92000000JOR           2013        M09                 1.7
JTS92000000JOR           2013        M10                 1.8
JTS92000000JOR           2013        M11                 1.6
JTS92000000JOR           2013        M12                 1.5
JTS92000000JOR           2014        M01                 1.7
JTS92000000JOR           2014        M02                 1.8
JTS92000000JOR           2014        M03                 1.9
JTS92000000JOR           2014        M04                 2.0
JTS92000000JOR           2014        M05                 2.0
JTS92000000JOR           2014        M06                 2.3
JTS92000000JOR           2014        M07                 2.1
JTS92000000JOR           2014        M08                 2.0
JTS92000000JOR           2014        M09                 2.1
JTS92000000JOR           2014        M10                 1.8
JTS92000000JOR           2014        M11                 2.0
JTS92000000JOR           2014        M12                 2.0
JTS92000000JOR           2015        M01                 2.2
JTS92000000JOR           2015        M02                 2.3
JTS92000000JOR           2015        M03                 2.3
JTS92000000JOR           2015        M04                 2.2
JTS92000000JOR           2015        M05                 2.3
JTS92000000JOR           2015        M06                 2.0
JTS92000000JOR           2015        M07                 2.3
JTS92000000JOR           2015        M08                 2.2
JTS92000000JOR           2015        M09                 2.1
JTS92000000JOR           2015        M10                 2.1
JTS92000000JOR           2015        M11                 2.0
JTS92000000JOR           2015        M12                 2.1
JTS92000000JOR           2016        M01                 2.1
JTS92000000JOR           2016        M02                 2.0
JTS92000000JOR           2016        M03                 2.1
JTS92000000JOR           2016        M04                 2.2
JTS92000000JOR           2016        M05                 2.2
JTS92000000JOR           2016        M06                 2.2
JTS92000000JOR           2016        M07                 2.3
JTS92000000JOR           2016        M08                 2.1
JTS92000000JOR           2016        M09                 2.2
JTS92000000JOR           2016        M10                 2.1
JTS92000000JOR           2016        M11                 2.5
JTS92000000JOR           2016        M12                 1.8
JTS92000000JOR           2017        M01                 2.1
JTS92000000JOR           2017        M02                 2.1
JTS92000000JOR           2017        M03                 2.3
JTS92000000JOR           2017        M04                 2.3
JTS92000000JOR           2017        M05                 2.1
JTS92000000JOR           2017        M06                 2.4
JTS92000000JOR           2017        M07                 2.2
JTS92000000JOR           2017        M08                 2.2
JTS92000000JOR           2017        M09                 2.3
JTS92000000JOR           2017        M10                 2.2
JTS92000000JOR           2017        M11                 2.2
JTS92000000JOR           2017        M12                 2.2        p
JTS92300000JOL           2000        M12                 148
JTS92300000JOL           2001        M01                 140
JTS92300000JOL           2001        M02                 137
JTS92300000JOL           2001        M03                 132
JTS92300000JOL           2001        M04                 128
JTS92300000JOL           2001        M05                 123
JTS92300000JOL           2001        M06                 128
JTS92300000JOL           2001        M07                 116
JTS92300000JOL           2001        M08                 127
JTS92300000JOL           2001        M09                 169
JTS92300000JOL           2001        M10                 122
JTS92300000JOL           2001        M11                 127
JTS92300000JOL           2001        M12                 123
JTS92300000JOL           2002        M01                 135
JTS92300000JOL           2002        M02                 111
JTS92300000JOL           2002        M03                 121
JTS92300000JOL           2002        M04                 108
JTS92300000JOL           2002        M05                 132
JTS92300000JOL           2002        M06                 132
JTS92300000JOL           2002        M07                 120
JTS92300000JOL           2002        M08                 134
JTS92300000JOL           2002        M09                 104
JTS92300000JOL           2002        M10                 107
JTS92300000JOL           2002        M11                 136
JTS92300000JOL           2002        M12                 111
JTS92300000JOL           2003        M01                 126
JTS92300000JOL           2003        M02                 135
JTS92300000JOL           2003        M03                 103
JTS92300000JOL           2003        M04                 138
JTS92300000JOL           2003        M05                 108
JTS92300000JOL           2003        M06                 142
JTS92300000JOL           2003        M07                 108
JTS92300000JOL           2003        M08                  72
JTS92300000JOL           2003        M09                  73
JTS92300000JOL           2003        M10                 127
JTS92300000JOL           2003        M11                  83
JTS92300000JOL           2003        M12                  92
JTS92300000JOL           2004        M01                  85
JTS92300000JOL           2004        M02                  88
JTS92300000JOL           2004        M03                 105
JTS92300000JOL           2004        M04                  89
JTS92300000JOL           2004        M05                 107
JTS92300000JOL           2004        M06                  97
JTS92300000JOL           2004        M07                  99
JTS92300000JOL           2004        M08                  88
JTS92300000JOL           2004        M09                 108
JTS92300000JOL           2004        M10                 119
JTS92300000JOL           2004        M11                 115
JTS92300000JOL           2004        M12                 103
JTS92300000JOL           2005        M01                 107
JTS92300000JOL           2005        M02                 100
JTS92300000JOL           2005        M03                 105
JTS92300000JOL           2005        M04                 120
JTS92300000JOL           2005        M05                 102
JTS92300000JOL           2005        M06                  98
JTS92300000JOL           2005        M07                 157
JTS92300000JOL           2005        M08                 110
JTS92300000JOL           2005        M09                 114
JTS92300000JOL           2005        M10                 112
JTS92300000JOL           2005        M11                 103
JTS92300000JOL           2005        M12                 134
JTS92300000JOL           2006        M01                 108
JTS92300000JOL           2006        M02                 129
JTS92300000JOL           2006        M03                 133
JTS92300000JOL           2006        M04                 126
JTS92300000JOL           2006        M05                 106
JTS92300000JOL           2006        M06                 129
JTS92300000JOL           2006        M07                 165
JTS92300000JOL           2006        M08                 155
JTS92300000JOL           2006        M09                 150
JTS92300000JOL           2006        M10                 110
JTS92300000JOL           2006        M11                 127
JTS92300000JOL           2006        M12                 120
JTS92300000JOL           2007        M01                 128
JTS92300000JOL           2007        M02                 135
JTS92300000JOL           2007        M03                 128
JTS92300000JOL           2007        M04                 123
JTS92300000JOL           2007        M05                 131
JTS92300000JOL           2007        M06                 125
JTS92300000JOL           2007        M07                 122
JTS92300000JOL           2007        M08                 147
JTS92300000JOL           2007        M09                 161
JTS92300000JOL           2007        M10                 121
JTS92300000JOL           2007        M11                 126
JTS92300000JOL           2007        M12                 128
JTS92300000JOL           2008        M01                 105
JTS92300000JOL           2008        M02                 130
JTS92300000JOL           2008        M03                 123
JTS92300000JOL           2008        M04                 116
JTS92300000JOL           2008        M05                 132
JTS92300000JOL           2008        M06                 115
JTS92300000JOL           2008        M07                 120
JTS92300000JOL           2008        M08                  97
JTS92300000JOL           2008        M09                 109
JTS92300000JOL           2008        M10                 103
JTS92300000JOL           2008        M11                 103
JTS92300000JOL           2008        M12                  91
JTS92300000JOL           2009        M01                 106
JTS92300000JOL           2009        M02                  98
JTS92300000JOL           2009        M03                  78
JTS92300000JOL           2009        M04                  82
JTS92300000JOL           2009        M05                  81
JTS92300000JOL           2009        M06                  95
JTS92300000JOL           2009        M07                  63
JTS92300000JOL           2009        M08                 108
JTS92300000JOL           2009        M09                  62
JTS92300000JOL           2009        M10                 126
JTS92300000JOL           2009        M11                  96
JTS92300000JOL           2009        M12                  84
JTS92300000JOL           2010        M01                  94
JTS92300000JOL           2010        M02                  76
JTS92300000JOL           2010        M03                  90
JTS92300000JOL           2010        M04                  95
JTS92300000JOL           2010        M05                  85
JTS92300000JOL           2010        M06                  84
JTS92300000JOL           2010        M07                  83
JTS92300000JOL           2010        M08                  71
JTS92300000JOL           2010        M09                  63
JTS92300000JOL           2010        M10                  97
JTS92300000JOL           2010        M11                  87
JTS92300000JOL           2010        M12                 102
JTS92300000JOL           2011        M01                 100
JTS92300000JOL           2011        M02                  65
JTS92300000JOL           2011        M03                  91
JTS92300000JOL           2011        M04                 102
JTS92300000JOL           2011        M05                  71
JTS92300000JOL           2011        M06                 120
JTS92300000JOL           2011        M07                  77
JTS92300000JOL           2011        M08                  90
JTS92300000JOL           2011        M09                 110
JTS92300000JOL           2011        M10                 122
JTS92300000JOL           2011        M11                 109
JTS92300000JOL           2011        M12                 111
JTS92300000JOL           2012        M01                 105
JTS92300000JOL           2012        M02                 110
JTS92300000JOL           2012        M03                 107
JTS92300000JOL           2012        M04                 106
JTS92300000JOL           2012        M05                 108
JTS92300000JOL           2012        M06                 105
JTS92300000JOL           2012        M07                 124
JTS92300000JOL           2012        M08                 126
JTS92300000JOL           2012        M09                 112
JTS92300000JOL           2012        M10                  94
JTS92300000JOL           2012        M11                 105
JTS92300000JOL           2012        M12                 114
JTS92300000JOL           2013        M01                  99
JTS92300000JOL           2013        M02                 140
JTS92300000JOL           2013        M03                 119
JTS92300000JOL           2013        M04                 109
JTS92300000JOL           2013        M05                 131
JTS92300000JOL           2013        M06                  89
JTS92300000JOL           2013        M07                 113
JTS92300000JOL           2013        M08                 134
JTS92300000JOL           2013        M09                 128
JTS92300000JOL           2013        M10                 126
JTS92300000JOL           2013        M11                 116
JTS92300000JOL           2013        M12                 106
JTS92300000JOL           2014        M01                 112
JTS92300000JOL           2014        M02                 124
JTS92300000JOL           2014        M03                 128
JTS92300000JOL           2014        M04                 129
JTS92300000JOL           2014        M05                 127
JTS92300000JOL           2014        M06                 150
JTS92300000JOL           2014        M07                 138
JTS92300000JOL           2014        M08                 115
JTS92300000JOL           2014        M09                 171
JTS92300000JOL           2014        M10                 118
JTS92300000JOL           2014        M11                 130
JTS92300000JOL           2014        M12                 130
JTS92300000JOL           2015        M01                 152
JTS92300000JOL           2015        M02                 158
JTS92300000JOL           2015        M03                 139
JTS92300000JOL           2015        M04                 141
JTS92300000JOL           2015        M05                 148
JTS92300000JOL           2015        M06                 153
JTS92300000JOL           2015        M07                 166
JTS92300000JOL           2015        M08                 154
JTS92300000JOL           2015        M09                 141
JTS92300000JOL           2015        M10                 158
JTS92300000JOL           2015        M11                 156
JTS92300000JOL           2015        M12                 168
JTS92300000JOL           2016        M01                 155
JTS92300000JOL           2016        M02                 145
JTS92300000JOL           2016        M03                 156
JTS92300000JOL           2016        M04                 147
JTS92300000JOL           2016        M05                 145
JTS92300000JOL           2016        M06                 137
JTS92300000JOL           2016        M07                 167
JTS92300000JOL           2016        M08                 145
JTS92300000JOL           2016        M09                 144
JTS92300000JOL           2016        M10                 126
JTS92300000JOL           2016        M11                 150
JTS92300000JOL           2016        M12                 143
JTS92300000JOL           2017        M01                 161
JTS92300000JOL           2017        M02                 140
JTS92300000JOL           2017        M03                 163
JTS92300000JOL           2017        M04                 166
JTS92300000JOL           2017        M05                 145
JTS92300000JOL           2017        M06                 154
JTS92300000JOL           2017        M07                 155
JTS92300000JOL           2017        M08                 146
JTS92300000JOL           2017        M09                 173
JTS92300000JOL           2017        M10                 166
JTS92300000JOL           2017        M11                 165
JTS92300000JOL           2017        M12                 170        p
JTS92300000JOR           2000        M12                 1.6
JTS92300000JOR           2001        M01                 1.5
JTS92300000JOR           2001        M02                 1.4
JTS92300000JOR           2001        M03                 1.4
JTS92300000JOR           2001        M04                 1.3
JTS92300000JOR           2001        M05                 1.3
JTS92300000JOR           2001        M06                 1.3
JTS92300000JOR           2001        M07                 1.2
JTS92300000JOR           2001        M08                 1.3
JTS92300000JOR           2001        M09                 1.7
JTS92300000JOR           2001        M10                 1.2
JTS92300000JOR           2001        M11                 1.3
JTS92300000JOR           2001        M12                 1.2
JTS92300000JOR           2002        M01                 1.4
JTS92300000JOR           2002        M02                 1.1
JTS92300000JOR           2002        M03                 1.2
JTS92300000JOR           2002        M04                 1.1
JTS92300000JOR           2002        M05                 1.3
JTS92300000JOR           2002        M06                 1.3
JTS92300000JOR           2002        M07                 1.2
JTS92300000JOR           2002        M08                 1.3
JTS92300000JOR           2002        M09                 1.0
JTS92300000JOR           2002        M10                 1.1
JTS92300000JOR           2002        M11                 1.4
JTS92300000JOR           2002        M12                 1.1
JTS92300000JOR           2003        M01                 1.3
JTS92300000JOR           2003        M02                 1.3
JTS92300000JOR           2003        M03                 1.0
JTS92300000JOR           2003        M04                 1.4
JTS92300000JOR           2003        M05                 1.1
JTS92300000JOR           2003        M06                 1.4
JTS92300000JOR           2003        M07                 1.1
JTS92300000JOR           2003        M08                 0.7
JTS92300000JOR           2003        M09                 0.7
JTS92300000JOR           2003        M10                 1.3
JTS92300000JOR           2003        M11                 0.8
JTS92300000JOR           2003        M12                 0.9
JTS92300000JOR           2004        M01                 0.8
JTS92300000JOR           2004        M02                 0.9
JTS92300000JOR           2004        M03                 1.0
JTS92300000JOR           2004        M04                 0.9
JTS92300000JOR           2004        M05                 1.1
JTS92300000JOR           2004        M06                 1.0
JTS92300000JOR           2004        M07                 1.0
JTS92300000JOR           2004        M08                 0.9
JTS92300000JOR           2004        M09                 1.1
JTS92300000JOR           2004        M10                 1.2
JTS92300000JOR           2004        M11                 1.1
JTS92300000JOR           2004        M12                 1.0
JTS92300000JOR           2005        M01                 1.1
JTS92300000JOR           2005        M02                 1.0
JTS92300000JOR           2005        M03                 1.0
JTS92300000JOR           2005        M04                 1.2
JTS92300000JOR           2005        M05                 1.0
JTS92300000JOR           2005        M06                 1.0
JTS92300000JOR           2005        M07                 1.5
JTS92300000JOR           2005        M08                 1.1
JTS92300000JOR           2005        M09                 1.1
JTS92300000JOR           2005        M10                 1.1
JTS92300000JOR           2005        M11                 1.0
JTS92300000JOR           2005        M12                 1.3
JTS92300000JOR           2006        M01                 1.1
JTS92300000JOR           2006        M02                 1.3
JTS92300000JOR           2006        M03                 1.3
JTS92300000JOR           2006        M04                 1.2
JTS92300000JOR           2006        M05                 1.0
JTS92300000JOR           2006        M06                 1.3
JTS92300000JOR           2006        M07                 1.6
JTS92300000JOR           2006        M08                 1.5
JTS92300000JOR           2006        M09                 1.4
JTS92300000JOR           2006        M10                 1.1
JTS92300000JOR           2006        M11                 1.2
JTS92300000JOR           2006        M12                 1.2
JTS92300000JOR           2007        M01                 1.2
JTS92300000JOR           2007        M02                 1.3
JTS92300000JOR           2007        M03                 1.2
JTS92300000JOR           2007        M04                 1.2
JTS92300000JOR           2007        M05                 1.3
JTS92300000JOR           2007        M06                 1.2
JTS92300000JOR           2007        M07                 1.2
JTS92300000JOR           2007        M08                 1.4
JTS92300000JOR           2007        M09                 1.5
JTS92300000JOR           2007        M10                 1.2
JTS92300000JOR           2007        M11                 1.2
JTS92300000JOR           2007        M12                 1.2
JTS92300000JOR           2008        M01                 1.0
JTS92300000JOR           2008        M02                 1.2
JTS92300000JOR           2008        M03                 1.2
JTS92300000JOR           2008        M04                 1.1
JTS92300000JOR           2008        M05                 1.3
JTS92300000JOR           2008        M06                 1.1
JTS92300000JOR           2008        M07                 1.1
JTS92300000JOR           2008        M08                 0.9
JTS92300000JOR           2008        M09                 1.0
JTS92300000JOR           2008        M10                 1.0
JTS92300000JOR           2008        M11                 1.0
JTS92300000JOR           2008        M12                 0.9
JTS92300000JOR           2009        M01                 1.0
JTS92300000JOR           2009        M02                 0.9
JTS92300000JOR           2009        M03                 0.7
JTS92300000JOR           2009        M04                 0.8
JTS92300000JOR           2009        M05                 0.8
JTS92300000JOR           2009        M06                 0.9
JTS92300000JOR           2009        M07                 0.6
JTS92300000JOR           2009        M08                 1.0
JTS92300000JOR           2009        M09                 0.6
JTS92300000JOR           2009        M10                 1.2
JTS92300000JOR           2009        M11                 0.9
JTS92300000JOR           2009        M12                 0.8
JTS92300000JOR           2010        M01                 0.9
JTS92300000JOR           2010        M02                 0.7
JTS92300000JOR           2010        M03                 0.9
JTS92300000JOR           2010        M04                 0.9
JTS92300000JOR           2010        M05                 0.8
JTS92300000JOR           2010        M06                 0.8
JTS92300000JOR           2010        M07                 0.8
JTS92300000JOR           2010        M08                 0.7
JTS92300000JOR           2010        M09                 0.6
JTS92300000JOR           2010        M10                 0.9
JTS92300000JOR           2010        M11                 0.8
JTS92300000JOR           2010        M12                 1.0
JTS92300000JOR           2011        M01                 1.0
JTS92300000JOR           2011        M02                 0.6
JTS92300000JOR           2011        M03                 0.9
JTS92300000JOR           2011        M04                 1.0
JTS92300000JOR           2011        M05                 0.7
JTS92300000JOR           2011        M06                 1.2
JTS92300000JOR           2011        M07                 0.7
JTS92300000JOR           2011        M08                 0.9
JTS92300000JOR           2011        M09                 1.1
JTS92300000JOR           2011        M10                 1.2
JTS92300000JOR           2011        M11                 1.1
JTS92300000JOR           2011        M12                 1.1
JTS92300000JOR           2012        M01                 1.0
JTS92300000JOR           2012        M02                 1.1
JTS92300000JOR           2012        M03                 1.0
JTS92300000JOR           2012        M04                 1.0
JTS92300000JOR           2012        M05                 1.1
JTS92300000JOR           2012        M06                 1.0
JTS92300000JOR           2012        M07                 1.2
JTS92300000JOR           2012        M08                 1.2
JTS92300000JOR           2012        M09                 1.1
JTS92300000JOR           2012        M10                 0.9
JTS92300000JOR           2012        M11                 1.0
JTS92300000JOR           2012        M12                 1.1
JTS92300000JOR           2013        M01                 1.0
JTS92300000JOR           2013        M02                 1.4
JTS92300000JOR           2013        M03                 1.2
JTS92300000JOR           2013        M04                 1.1
JTS92300000JOR           2013        M05                 1.3
JTS92300000JOR           2013        M06                 0.9
JTS92300000JOR           2013        M07                 1.1
JTS92300000JOR           2013        M08                 1.3
JTS92300000JOR           2013        M09                 1.2
JTS92300000JOR           2013        M10                 1.2
JTS92300000JOR           2013        M11                 1.1
JTS92300000JOR           2013        M12                 1.0
JTS92300000JOR           2014        M01                 1.1
JTS92300000JOR           2014        M02                 1.2
JTS92300000JOR           2014        M03                 1.2
JTS92300000JOR           2014        M04                 1.3
JTS92300000JOR           2014        M05                 1.2
JTS92300000JOR           2014        M06                 1.4
JTS92300000JOR           2014        M07                 1.3
JTS92300000JOR           2014        M08                 1.1
JTS92300000JOR           2014        M09                 1.6
JTS92300000JOR           2014        M10                 1.1
JTS92300000JOR           2014        M11                 1.3
JTS92300000JOR           2014        M12                 1.3
JTS92300000JOR           2015        M01                 1.5
JTS92300000JOR           2015        M02                 1.5
JTS92300000JOR           2015        M03                 1.3
JTS92300000JOR           2015        M04                 1.4
JTS92300000JOR           2015        M05                 1.4
JTS92300000JOR           2015        M06                 1.5
JTS92300000JOR           2015        M07                 1.6
JTS92300000JOR           2015        M08                 1.5
JTS92300000JOR           2015        M09                 1.4
JTS92300000JOR           2015        M10                 1.5
JTS92300000JOR           2015        M11                 1.5
JTS92300000JOR           2015        M12                 1.6
JTS92300000JOR           2016        M01                 1.5
JTS92300000JOR           2016        M02                 1.4
JTS92300000JOR           2016        M03                 1.5
JTS92300000JOR           2016        M04                 1.4
JTS92300000JOR           2016        M05                 1.4
JTS92300000JOR           2016        M06                 1.3
JTS92300000JOR           2016        M07                 1.6
JTS92300000JOR           2016        M08                 1.4
JTS92300000JOR           2016        M09                 1.4
JTS92300000JOR           2016        M10                 1.2
JTS92300000JOR           2016        M11                 1.4
JTS92300000JOR           2016        M12                 1.4
JTS92300000JOR           2017        M01                 1.5
JTS92300000JOR           2017        M02                 1.3
JTS92300000JOR           2017        M03                 1.5
JTS92300000JOR           2017        M04                 1.6
JTS92300000JOR           2017        M05                 1.4
JTS92300000JOR           2017        M06                 1.5
JTS92300000JOR           2017        M07                 1.5
JTS92300000JOR           2017        M08                 1.4
JTS92300000JOR           2017        M09                 1.6
JTS92300000JOR           2017        M10                 1.6
JTS92300000JOR           2017        M11                 1.6
JTS92300000JOR           2017        M12                 1.6        p
JTS92900000JOL           2000        M12                 266
JTS92900000JOL           2001        M01                 300
JTS92900000JOL           2001        M02                 230
JTS92900000JOL           2001        M03                 281
JTS92900000JOL           2001        M04                 251
JTS92900000JOL           2001        M05                 318
JTS92900000JOL           2001        M06                 317
JTS92900000JOL           2001        M07                 331
JTS92900000JOL           2001        M08                 298
JTS92900000JOL           2001        M09                 171
JTS92900000JOL           2001        M10                 276
JTS92900000JOL           2001        M11                 256
JTS92900000JOL           2001        M12                 227
JTS92900000JOL           2002        M01                 203
JTS92900000JOL           2002        M02                 284
JTS92900000JOL           2002        M03                 265
JTS92900000JOL           2002        M04                 242
JTS92900000JOL           2002        M05                 280
JTS92900000JOL           2002        M06                 238
JTS92900000JOL           2002        M07                 240
JTS92900000JOL           2002        M08                 266
JTS92900000JOL           2002        M09                 241
JTS92900000JOL           2002        M10                 244
JTS92900000JOL           2002        M11                 224
JTS92900000JOL           2002        M12                 197
JTS92900000JOL           2003        M01                 228
JTS92900000JOL           2003        M02                 197
JTS92900000JOL           2003        M03                 212
JTS92900000JOL           2003        M04                 203
JTS92900000JOL           2003        M05                 177
JTS92900000JOL           2003        M06                 192
JTS92900000JOL           2003        M07                 186
JTS92900000JOL           2003        M08                 188
JTS92900000JOL           2003        M09                 185
JTS92900000JOL           2003        M10                 183
JTS92900000JOL           2003        M11                 183
JTS92900000JOL           2003        M12                 172
JTS92900000JOL           2004        M01                 173
JTS92900000JOL           2004        M02                 187
JTS92900000JOL           2004        M03                 202
JTS92900000JOL           2004        M04                 209
JTS92900000JOL           2004        M05                 226
JTS92900000JOL           2004        M06                 183
JTS92900000JOL           2004        M07                 189
JTS92900000JOL           2004        M08                 194
JTS92900000JOL           2004        M09                 195
JTS92900000JOL           2004        M10                 220
JTS92900000JOL           2004        M11                 193
JTS92900000JOL           2004        M12                 208
JTS92900000JOL           2005        M01                 172
JTS92900000JOL           2005        M02                 214
JTS92900000JOL           2005        M03                 207
JTS92900000JOL           2005        M04                 214
JTS92900000JOL           2005        M05                 221
JTS92900000JOL           2005        M06                 230
JTS92900000JOL           2005        M07                 202
JTS92900000JOL           2005        M08                 224
JTS92900000JOL           2005        M09                 240
JTS92900000JOL           2005        M10                 229
JTS92900000JOL           2005        M11                 214
JTS92900000JOL           2005        M12                 210
JTS92900000JOL           2006        M01                 222
JTS92900000JOL           2006        M02                 211
JTS92900000JOL           2006        M03                 246
JTS92900000JOL           2006        M04                 255
JTS92900000JOL           2006        M05                 259
JTS92900000JOL           2006        M06                 238
JTS92900000JOL           2006        M07                 270
JTS92900000JOL           2006        M08                 264
JTS92900000JOL           2006        M09                 280
JTS92900000JOL           2006        M10                 261
JTS92900000JOL           2006        M11                 257
JTS92900000JOL           2006        M12                 247
JTS92900000JOL           2007        M01                 268
JTS92900000JOL           2007        M02                 252
JTS92900000JOL           2007        M03                 268
JTS92900000JOL           2007        M04                 267
JTS92900000JOL           2007        M05                 258
JTS92900000JOL           2007        M06                 280
JTS92900000JOL           2007        M07                 283
JTS92900000JOL           2007        M08                 266
JTS92900000JOL           2007        M09                 238
JTS92900000JOL           2007        M10                 255
JTS92900000JOL           2007        M11                 251
JTS92900000JOL           2007        M12                 232
JTS92900000JOL           2008        M01                 259
JTS92900000JOL           2008        M02                 241
JTS92900000JOL           2008        M03                 243
JTS92900000JOL           2008        M04                 243
JTS92900000JOL           2008        M05                 280
JTS92900000JOL           2008        M06                 260
JTS92900000JOL           2008        M07                 229
JTS92900000JOL           2008        M08                 239
JTS92900000JOL           2008        M09                 244
JTS92900000JOL           2008        M10                 219
JTS92900000JOL           2008        M11                 233
JTS92900000JOL           2008        M12                 168
JTS92900000JOL           2009        M01                 194
JTS92900000JOL           2009        M02                 181
JTS92900000JOL           2009        M03                 169
JTS92900000JOL           2009        M04                 212
JTS92900000JOL           2009        M05                 172
JTS92900000JOL           2009        M06                 180
JTS92900000JOL           2009        M07                 160
JTS92900000JOL           2009        M08                 176
JTS92900000JOL           2009        M09                 154
JTS92900000JOL           2009        M10                 154
JTS92900000JOL           2009        M11                 150
JTS92900000JOL           2009        M12                 160
JTS92900000JOL           2010        M01                 154
JTS92900000JOL           2010        M02                 143
JTS92900000JOL           2010        M03                 161
JTS92900000JOL           2010        M04                 174
JTS92900000JOL           2010        M05                 159
JTS92900000JOL           2010        M06                 139
JTS92900000JOL           2010        M07                 162
JTS92900000JOL           2010        M08                 172
JTS92900000JOL           2010        M09                 169
JTS92900000JOL           2010        M10                 187
JTS92900000JOL           2010        M11                 133
JTS92900000JOL           2010        M12                 200
JTS92900000JOL           2011        M01                 167
JTS92900000JOL           2011        M02                 183
JTS92900000JOL           2011        M03                 180
JTS92900000JOL           2011        M04                 188
JTS92900000JOL           2011        M05                 170
JTS92900000JOL           2011        M06                 177
JTS92900000JOL           2011        M07                 174
JTS92900000JOL           2011        M08                 194
JTS92900000JOL           2011        M09                 226
JTS92900000JOL           2011        M10                 176
JTS92900000JOL           2011        M11                 178
JTS92900000JOL           2011        M12                 186
JTS92900000JOL           2012        M01                 182
JTS92900000JOL           2012        M02                 217
JTS92900000JOL           2012        M03                 219
JTS92900000JOL           2012        M04                 194
JTS92900000JOL           2012        M05                 202
JTS92900000JOL           2012        M06                 203
JTS92900000JOL           2012        M07                 193
JTS92900000JOL           2012        M08                 193
JTS92900000JOL           2012        M09                 185
JTS92900000JOL           2012        M10                 212
JTS92900000JOL           2012        M11                 187
JTS92900000JOL           2012        M12                 195
JTS92900000JOL           2013        M01                 227
JTS92900000JOL           2013        M02                 218
JTS92900000JOL           2013        M03                 215
JTS92900000JOL           2013        M04                 251
JTS92900000JOL           2013        M05                 239
JTS92900000JOL           2013        M06                 255
JTS92900000JOL           2013        M07                 215
JTS92900000JOL           2013        M08                 205
JTS92900000JOL           2013        M09                 203
JTS92900000JOL           2013        M10                 226
JTS92900000JOL           2013        M11                 198
JTS92900000JOL           2013        M12                 180
JTS92900000JOL           2014        M01                 208
JTS92900000JOL           2014        M02                 220
JTS92900000JOL           2014        M03                 244
JTS92900000JOL           2014        M04                 255
JTS92900000JOL           2014        M05                 263
JTS92900000JOL           2014        M06                 292
JTS92900000JOL           2014        M07                 267
JTS92900000JOL           2014        M08                 272
JTS92900000JOL           2014        M09                 238
JTS92900000JOL           2014        M10                 243
JTS92900000JOL           2014        M11                 258
JTS92900000JOL           2014        M12                 267
JTS92900000JOL           2015        M01                 286
JTS92900000JOL           2015        M02                 289
JTS92900000JOL           2015        M03                 303
JTS92900000JOL           2015        M04                 284
JTS92900000JOL           2015        M05                 315
JTS92900000JOL           2015        M06                 239
JTS92900000JOL           2015        M07                 279
JTS92900000JOL           2015        M08                 274
JTS92900000JOL           2015        M09                 271
JTS92900000JOL           2015        M10                 252
JTS92900000JOL           2015        M11                 234
JTS92900000JOL           2015        M12                 249
JTS92900000JOL           2016        M01                 258
JTS92900000JOL           2016        M02                 242
JTS92900000JOL           2016        M03                 265
JTS92900000JOL           2016        M04                 296
JTS92900000JOL           2016        M05                 292
JTS92900000JOL           2016        M06                 308
JTS92900000JOL           2016        M07                 298
JTS92900000JOL           2016        M08                 281
JTS92900000JOL           2016        M09                 288
JTS92900000JOL           2016        M10                 284
JTS92900000JOL           2016        M11                 344
JTS92900000JOL           2016        M12                 220
JTS92900000JOL           2017        M01                 249
JTS92900000JOL           2017        M02                 280
JTS92900000JOL           2017        M03                 288
JTS92900000JOL           2017        M04                 298
JTS92900000JOL           2017        M05                 269
JTS92900000JOL           2017        M06                 317
JTS92900000JOL           2017        M07                 277
JTS92900000JOL           2017        M08                 294
JTS92900000JOL           2017        M09                 280
JTS92900000JOL           2017        M10                 278
JTS92900000JOL           2017        M11                 275
JTS92900000JOL           2017        M12                 267        p
JTS92900000JOR           2000        M12                 3.0
JTS92900000JOR           2001        M01                 3.3
JTS92900000JOR           2001        M02                 2.6
JTS92900000JOR           2001        M03                 3.1
JTS92900000JOR           2001        M04                 2.8
JTS92900000JOR           2001        M05                 3.5
JTS92900000JOR           2001        M06                 3.5
JTS92900000JOR           2001        M07                 3.6
JTS92900000JOR           2001        M08                 3.3
JTS92900000JOR           2001        M09                 1.9
JTS92900000JOR           2001        M10                 3.0
JTS92900000JOR           2001        M11                 2.8
JTS92900000JOR           2001        M12                 2.5
JTS92900000JOR           2002        M01                 2.2
JTS92900000JOR           2002        M02                 3.1
JTS92900000JOR           2002        M03                 2.9
JTS92900000JOR           2002        M04                 2.7
JTS92900000JOR           2002        M05                 3.1
JTS92900000JOR           2002        M06                 2.6
JTS92900000JOR           2002        M07                 2.6
JTS92900000JOR           2002        M08                 2.9
JTS92900000JOR           2002        M09                 2.6
JTS92900000JOR           2002        M10                 2.7
JTS92900000JOR           2002        M11                 2.5
JTS92900000JOR           2002        M12                 2.2
JTS92900000JOR           2003        M01                 2.5
JTS92900000JOR           2003        M02                 2.2
JTS92900000JOR           2003        M03                 2.3
JTS92900000JOR           2003        M04                 2.2
JTS92900000JOR           2003        M05                 2.0
JTS92900000JOR           2003        M06                 2.1
JTS92900000JOR           2003        M07                 2.1
JTS92900000JOR           2003        M08                 2.1
JTS92900000JOR           2003        M09                 2.0
JTS92900000JOR           2003        M10                 2.0
JTS92900000JOR           2003        M11                 2.0
JTS92900000JOR           2003        M12                 1.9
JTS92900000JOR           2004        M01                 1.9
JTS92900000JOR           2004        M02                 2.1
JTS92900000JOR           2004        M03                 2.2
JTS92900000JOR           2004        M04                 2.3
JTS92900000JOR           2004        M05                 2.5
JTS92900000JOR           2004        M06                 2.0
JTS92900000JOR           2004        M07                 2.1
JTS92900000JOR           2004        M08                 2.1
JTS92900000JOR           2004        M09                 2.1
JTS92900000JOR           2004        M10                 2.4
JTS92900000JOR           2004        M11                 2.1
JTS92900000JOR           2004        M12                 2.3
JTS92900000JOR           2005        M01                 1.9
JTS92900000JOR           2005        M02                 2.3
JTS92900000JOR           2005        M03                 2.3
JTS92900000JOR           2005        M04                 2.3
JTS92900000JOR           2005        M05                 2.4
JTS92900000JOR           2005        M06                 2.5
JTS92900000JOR           2005        M07                 2.2
JTS92900000JOR           2005        M08                 2.4
JTS92900000JOR           2005        M09                 2.6
JTS92900000JOR           2005        M10                 2.5
JTS92900000JOR           2005        M11                 2.3
JTS92900000JOR           2005        M12                 2.3
JTS92900000JOR           2006        M01                 2.4
JTS92900000JOR           2006        M02                 2.3
JTS92900000JOR           2006        M03                 2.7
JTS92900000JOR           2006        M04                 2.8
JTS92900000JOR           2006        M05                 2.8
JTS92900000JOR           2006        M06                 2.6
JTS92900000JOR           2006        M07                 2.9
JTS92900000JOR           2006        M08                 2.8
JTS92900000JOR           2006        M09                 3.0
JTS92900000JOR           2006        M10                 2.8
JTS92900000JOR           2006        M11                 2.7
JTS92900000JOR           2006        M12                 2.6
JTS92900000JOR           2007        M01                 2.9
JTS92900000JOR           2007        M02                 2.7
JTS92900000JOR           2007        M03                 2.8
JTS92900000JOR           2007        M04                 2.8
JTS92900000JOR           2007        M05                 2.7
JTS92900000JOR           2007        M06                 3.0
JTS92900000JOR           2007        M07                 3.0
JTS92900000JOR           2007        M08                 2.8
JTS92900000JOR           2007        M09                 2.5
JTS92900000JOR           2007        M10                 2.7
JTS92900000JOR           2007        M11                 2.6
JTS92900000JOR           2007        M12                 2.4
JTS92900000JOR           2008        M01                 2.7
JTS92900000JOR           2008        M02                 2.5
JTS92900000JOR           2008        M03                 2.6
JTS92900000JOR           2008        M04                 2.5
JTS92900000JOR           2008        M05                 2.9
JTS92900000JOR           2008        M06                 2.7
JTS92900000JOR           2008        M07                 2.4
JTS92900000JOR           2008        M08                 2.5
JTS92900000JOR           2008        M09                 2.6
JTS92900000JOR           2008        M10                 2.3
JTS92900000JOR           2008        M11                 2.4
JTS92900000JOR           2008        M12                 1.8
JTS92900000JOR           2009        M01                 2.0
JTS92900000JOR           2009        M02                 1.9
JTS92900000JOR           2009        M03                 1.8
JTS92900000JOR           2009        M04                 2.2
JTS92900000JOR           2009        M05                 1.8
JTS92900000JOR           2009        M06                 1.9
JTS92900000JOR           2009        M07                 1.7
JTS92900000JOR           2009        M08                 1.9
JTS92900000JOR           2009        M09                 1.6
JTS92900000JOR           2009        M10                 1.6
JTS92900000JOR           2009        M11                 1.6
JTS92900000JOR           2009        M12                 1.7
JTS92900000JOR           2010        M01                 1.6
JTS92900000JOR           2010        M02                 1.5
JTS92900000JOR           2010        M03                 1.7
JTS92900000JOR           2010        M04                 1.9
JTS92900000JOR           2010        M05                 1.7
JTS92900000JOR           2010        M06                 1.5
JTS92900000JOR           2010        M07                 1.7
JTS92900000JOR           2010        M08                 1.9
JTS92900000JOR           2010        M09                 1.8
JTS92900000JOR           2010        M10                 2.0
JTS92900000JOR           2010        M11                 1.5
JTS92900000JOR           2010        M12                 2.2
JTS92900000JOR           2011        M01                 1.8
JTS92900000JOR           2011        M02                 2.0
JTS92900000JOR           2011        M03                 2.0
JTS92900000JOR           2011        M04                 2.0
JTS92900000JOR           2011        M05                 1.9
JTS92900000JOR           2011        M06                 1.9
JTS92900000JOR           2011        M07                 1.9
JTS92900000JOR           2011        M08                 2.1
JTS92900000JOR           2011        M09                 2.5
JTS92900000JOR           2011        M10                 1.9
JTS92900000JOR           2011        M11                 1.9
JTS92900000JOR           2011        M12                 2.0
JTS92900000JOR           2012        M01                 2.0
JTS92900000JOR           2012        M02                 2.4
JTS92900000JOR           2012        M03                 2.4
JTS92900000JOR           2012        M04                 2.1
JTS92900000JOR           2012        M05                 2.2
JTS92900000JOR           2012        M06                 2.2
JTS92900000JOR           2012        M07                 2.1
JTS92900000JOR           2012        M08                 2.1
JTS92900000JOR           2012        M09                 2.0
JTS92900000JOR           2012        M10                 2.3
JTS92900000JOR           2012        M11                 2.0
JTS92900000JOR           2012        M12                 2.1
JTS92900000JOR           2013        M01                 2.5
JTS92900000JOR           2013        M02                 2.4
JTS92900000JOR           2013        M03                 2.4
JTS92900000JOR           2013        M04                 2.7
JTS92900000JOR           2013        M05                 2.6
JTS92900000JOR           2013        M06                 2.8
JTS92900000JOR           2013        M07                 2.4
JTS92900000JOR           2013        M08                 2.3
JTS92900000JOR           2013        M09                 2.2
JTS92900000JOR           2013        M10                 2.5
JTS92900000JOR           2013        M11                 2.2
JTS92900000JOR           2013        M12                 2.0
JTS92900000JOR           2014        M01                 2.3
JTS92900000JOR           2014        M02                 2.4
JTS92900000JOR           2014        M03                 2.7
JTS92900000JOR           2014        M04                 2.8
JTS92900000JOR           2014        M05                 2.9
JTS92900000JOR           2014        M06                 3.2
JTS92900000JOR           2014        M07                 2.9
JTS92900000JOR           2014        M08                 2.9
JTS92900000JOR           2014        M09                 2.6
JTS92900000JOR           2014        M10                 2.6
JTS92900000JOR           2014        M11                 2.8
JTS92900000JOR           2014        M12                 2.9
JTS92900000JOR           2015        M01                 3.1
JTS92900000JOR           2015        M02                 3.1
JTS92900000JOR           2015        M03                 3.3
JTS92900000JOR           2015        M04                 3.1
JTS92900000JOR           2015        M05                 3.4
JTS92900000JOR           2015        M06                 2.6
JTS92900000JOR           2015        M07                 3.0
JTS92900000JOR           2015        M08                 2.9
JTS92900000JOR           2015        M09                 2.9
JTS92900000JOR           2015        M10                 2.7
JTS92900000JOR           2015        M11                 2.5
JTS92900000JOR           2015        M12                 2.7
JTS92900000JOR           2016        M01                 2.8
JTS92900000JOR           2016        M02                 2.6
JTS92900000JOR           2016        M03                 2.8
JTS92900000JOR           2016        M04                 3.2
JTS92900000JOR           2016        M05                 3.1
JTS92900000JOR           2016        M06                 3.3
JTS92900000JOR           2016        M07                 3.2
JTS92900000JOR           2016        M08                 3.0
JTS92900000JOR           2016        M09                 3.1
JTS92900000JOR           2016        M10                 3.0
JTS92900000JOR           2016        M11                 3.6
JTS92900000JOR           2016        M12                 2.4
JTS92900000JOR           2017        M01                 2.7
JTS92900000JOR           2017        M02                 3.0
JTS92900000JOR           2017        M03                 3.1
JTS92900000JOR           2017        M04                 3.2
JTS92900000JOR           2017        M05                 2.9
JTS92900000JOR           2017        M06                 3.4
JTS92900000JOR           2017        M07                 2.9
JTS92900000JOR           2017        M08                 3.1
JTS92900000JOR           2017        M09                 3.0
JTS92900000JOR           2017        M10                 3.0
JTS92900000JOR           2017        M11                 2.9
JTS92900000JOR           2017        M12                 2.8        p
JTU00000000JOL           2000        M12                4391
JTU00000000JOL           2001        M01                5569
JTU00000000JOL           2001        M02                4443
JTU00000000JOL           2001        M03                4465
JTU00000000JOL           2001        M04                5213
JTU00000000JOL           2001        M05                4515
JTU00000000JOL           2001        M06                4162
JTU00000000JOL           2001        M07                4778
JTU00000000JOL           2001        M08                4143
JTU00000000JOL           2001        M09                3960
JTU00000000JOL           2001        M10                3872
JTU00000000JOL           2001        M11                3132
JTU00000000JOL           2001        M12                3059
JTU00000000JOL           2002        M01                3930
JTU00000000JOL           2002        M02                3176
JTU00000000JOL           2002        M03                3458
JTU00000000JOL           2002        M04                3781
JTU00000000JOL           2002        M05                3575
JTU00000000JOL           2002        M06                3259
JTU00000000JOL           2002        M07                3676
JTU00000000JOL           2002        M08                3504
JTU00000000JOL           2002        M09                3307
JTU00000000JOL           2002        M10                3800
JTU00000000JOL           2002        M11                3157
JTU00000000JOL           2002        M12                2634
JTU00000000JOL           2003        M01                3953
JTU00000000JOL           2003        M02                3192
JTU00000000JOL           2003        M03                2981
JTU00000000JOL           2003        M04                3641
JTU00000000JOL           2003        M05                3205
JTU00000000JOL           2003        M06                3235
JTU00000000JOL           2003        M07                3517
JTU00000000JOL           2003        M08                3293
JTU00000000JOL           2003        M09                3068
JTU00000000JOL           2003        M10                3461
JTU00000000JOL           2003        M11                2924
JTU00000000JOL           2003        M12                2917
JTU00000000JOL           2004        M01                3585
JTU00000000JOL           2004        M02                3223
JTU00000000JOL           2004        M03                3312
JTU00000000JOL           2004        M04                3922
JTU00000000JOL           2004        M05                3643
JTU00000000JOL           2004        M06                3317
JTU00000000JOL           2004        M07                4177
JTU00000000JOL           2004        M08                3637
JTU00000000JOL           2004        M09                3714
JTU00000000JOL           2004        M10                4047
JTU00000000JOL           2004        M11                3005
JTU00000000JOL           2004        M12                3342
JTU00000000JOL           2005        M01                3775
JTU00000000JOL           2005        M02                3669
JTU00000000JOL           2005        M03                3767
JTU00000000JOL           2005        M04                4538
JTU00000000JOL           2005        M05                3879
JTU00000000JOL           2005        M06                3908
JTU00000000JOL           2005        M07                4580
JTU00000000JOL           2005        M08                4096
JTU00000000JOL           2005        M09                4204
JTU00000000JOL           2005        M10                4524
JTU00000000JOL           2005        M11                3989
JTU00000000JOL           2005        M12                3770
JTU00000000JOL           2006        M01                4412
JTU00000000JOL           2006        M02                4049
JTU00000000JOL           2006        M03                4409
JTU00000000JOL           2006        M04                4975
JTU00000000JOL           2006        M05                4388
JTU00000000JOL           2006        M06                4256
JTU00000000JOL           2006        M07                4401
JTU00000000JOL           2006        M08                4587
JTU00000000JOL           2006        M09                4491
JTU00000000JOL           2006        M10                4690
JTU00000000JOL           2006        M11                4113
JTU00000000JOL           2006        M12                3999
JTU00000000JOL           2007        M01                4717
JTU00000000JOL           2007        M02                4288
JTU00000000JOL           2007        M03                4583
JTU00000000JOL           2007        M04                5070
JTU00000000JOL           2007        M05                4564
JTU00000000JOL           2007        M06                4532
JTU00000000JOL           2007        M07                4727
JTU00000000JOL           2007        M08                4586
JTU00000000JOL           2007        M09                4504
JTU00000000JOL           2007        M10                4482
JTU00000000JOL           2007        M11                3943
JTU00000000JOL           2007        M12                3860
JTU00000000JOL           2008        M01                4366
JTU00000000JOL           2008        M02                3863
JTU00000000JOL           2008        M03                3920
JTU00000000JOL           2008        M04                4317
JTU00000000JOL           2008        M05                3974
JTU00000000JOL           2008        M06                3721
JTU00000000JOL           2008        M07                4040
JTU00000000JOL           2008        M08                3699
JTU00000000JOL           2008        M09                3274
JTU00000000JOL           2008        M10                3451
JTU00000000JOL           2008        M11                2769
JTU00000000JOL           2008        M12                2571
JTU00000000JOL           2009        M01                2868
JTU00000000JOL           2009        M02                2632
JTU00000000JOL           2009        M03                2429
JTU00000000JOL           2009        M04                2533
JTU00000000JOL           2009        M05                2427
JTU00000000JOL           2009        M06                2408
JTU00000000JOL           2009        M07                2373
JTU00000000JOL           2009        M08                2356
JTU00000000JOL           2009        M09                2493
JTU00000000JOL           2009        M10                2553
JTU00000000JOL           2009        M11                2164
JTU00000000JOL           2009        M12                2145
JTU00000000JOL           2010        M01                2744
JTU00000000JOL           2010        M02                2435
JTU00000000JOL           2010        M03                2610
JTU00000000JOL           2010        M04                3408
JTU00000000JOL           2010        M05                2893
JTU00000000JOL           2010        M06                2662
JTU00000000JOL           2010        M07                3137
JTU00000000JOL           2010        M08                2961
JTU00000000JOL           2010        M09                2789
JTU00000000JOL           2010        M10                3194
JTU00000000JOL           2010        M11                2710
JTU00000000JOL           2010        M12                2553
JTU00000000JOL           2011        M01                3036
JTU00000000JOL           2011        M02                2906
JTU00000000JOL           2011        M03                3081
JTU00000000JOL           2011        M04                3486
JTU00000000JOL           2011        M05                3110
JTU00000000JOL           2011        M06                3234
JTU00000000JOL           2011        M07                3647
JTU00000000JOL           2011        M08                3236
JTU00000000JOL           2011        M09                3505
JTU00000000JOL           2011        M10                3594
JTU00000000JOL           2011        M11                2935
JTU00000000JOL           2011        M12                3048
JTU00000000JOL           2012        M01                3769
JTU00000000JOL           2012        M02                3341
JTU00000000JOL           2012        M03                3796
JTU00000000JOL           2012        M04                3893
JTU00000000JOL           2012        M05                3692
JTU00000000JOL           2012        M06                3791
JTU00000000JOL           2012        M07                3901
JTU00000000JOL           2012        M08                3738
JTU00000000JOL           2012        M09                3542
JTU00000000JOL           2012        M10                3906
JTU00000000JOL           2012        M11                3303
JTU00000000JOL           2012        M12                3213
JTU00000000JOL           2013        M01                3796
JTU00000000JOL           2013        M02                3788
JTU00000000JOL           2013        M03                3854
JTU00000000JOL           2013        M04                4209
JTU00000000JOL           2013        M05                3873
JTU00000000JOL           2013        M06                3912
JTU00000000JOL           2013        M07                4117
JTU00000000JOL           2013        M08                4036
JTU00000000JOL           2013        M09                3975
JTU00000000JOL           2013        M10                4318
JTU00000000JOL           2013        M11                3615
JTU00000000JOL           2013        M12                3371
JTU00000000JOL           2014        M01                3957
JTU00000000JOL           2014        M02                3946
JTU00000000JOL           2014        M03                4156
JTU00000000JOL           2014        M04                4844
JTU00000000JOL           2014        M05                4607
JTU00000000JOL           2014        M06                4665
JTU00000000JOL           2014        M07                4890
JTU00000000JOL           2014        M08                5098
JTU00000000JOL           2014        M09                4639
JTU00000000JOL           2014        M10                5146
JTU00000000JOL           2014        M11                4453
JTU00000000JOL           2014        M12                4398
JTU00000000JOL           2015        M01                5068
JTU00000000JOL           2015        M02                4958
JTU00000000JOL           2015        M03                5116
JTU00000000JOL           2015        M04                5933
JTU00000000JOL           2015        M05                5428
JTU00000000JOL           2015        M06                5145
JTU00000000JOL           2015        M07                6168
JTU00000000JOL           2015        M08                5531
JTU00000000JOL           2015        M09                5423
JTU00000000JOL           2015        M10                5737
JTU00000000JOL           2015        M11                4969
JTU00000000JOL           2015        M12                4961
JTU00000000JOL           2016        M01                5679
JTU00000000JOL           2016        M02                5412
JTU00000000JOL           2016        M03                5827
JTU00000000JOL           2016        M04                5951
JTU00000000JOL           2016        M05                5591
JTU00000000JOL           2016        M06                5467
JTU00000000JOL           2016        M07                6254
JTU00000000JOL           2016        M08                5581
JTU00000000JOL           2016        M09                5676
JTU00000000JOL           2016        M10                5853
JTU00000000JOL           2016        M11                5379
JTU00000000JOL           2016        M12                5116
JTU00000000JOL           2017        M01                5557
JTU00000000JOL           2017        M02                5500
JTU00000000JOL           2017        M03                5723
JTU00000000JOL           2017        M04                6312
JTU00000000JOL           2017        M05                5701
JTU00000000JOL           2017        M06                6075
JTU00000000JOL           2017        M07                6434
JTU00000000JOL           2017        M08                6205
JTU00000000JOL           2017        M09                6232
JTU00000000JOL           2017        M10                6177
JTU00000000JOL           2017        M11                5748
JTU00000000JOL           2017        M12                5359        p
JTU00000000JOR           2000        M12                 3.2
JTU00000000JOR           2001        M01                 4.1
JTU00000000JOR           2001        M02                 3.3
JTU00000000JOR           2001        M03                 3.3
JTU00000000JOR           2001        M04                 3.8
JTU00000000JOR           2001        M05                 3.3
JTU00000000JOR           2001        M06                 3.0
JTU00000000JOR           2001        M07                 3.5
JTU00000000JOR           2001        M08                 3.0
JTU00000000JOR           2001        M09                 2.9
JTU00000000JOR           2001        M10                 2.8
JTU00000000JOR           2001        M11                 2.3
JTU00000000JOR           2001        M12                 2.3
JTU00000000JOR           2002        M01                 3.0
JTU00000000JOR           2002        M02                 2.4
JTU00000000JOR           2002        M03                 2.6
JTU00000000JOR           2002        M04                 2.8
JTU00000000JOR           2002        M05                 2.6
JTU00000000JOR           2002        M06                 2.4
JTU00000000JOR           2002        M07                 2.7
JTU00000000JOR           2002        M08                 2.6
JTU00000000JOR           2002        M09                 2.5
JTU00000000JOR           2002        M10                 2.8
JTU00000000JOR           2002        M11                 2.3
JTU00000000JOR           2002        M12                 2.0
JTU00000000JOR           2003        M01                 3.0
JTU00000000JOR           2003        M02                 2.4
JTU00000000JOR           2003        M03                 2.3
JTU00000000JOR           2003        M04                 2.7
JTU00000000JOR           2003        M05                 2.4
JTU00000000JOR           2003        M06                 2.4
JTU00000000JOR           2003        M07                 2.6
JTU00000000JOR           2003        M08                 2.5
JTU00000000JOR           2003        M09                 2.3
JTU00000000JOR           2003        M10                 2.6
JTU00000000JOR           2003        M11                 2.2
JTU00000000JOR           2003        M12                 2.2
JTU00000000JOR           2004        M01                 2.7
JTU00000000JOR           2004        M02                 2.4
JTU00000000JOR           2004        M03                 2.5
JTU00000000JOR           2004        M04                 2.9
JTU00000000JOR           2004        M05                 2.7
JTU00000000JOR           2004        M06                 2.4
JTU00000000JOR           2004        M07                 3.1
JTU00000000JOR           2004        M08                 2.7
JTU00000000JOR           2004        M09                 2.7
JTU00000000JOR           2004        M10                 2.9
JTU00000000JOR           2004        M11                 2.2
JTU00000000JOR           2004        M12                 2.4
JTU00000000JOR           2005        M01                 2.8
JTU00000000JOR           2005        M02                 2.7
JTU00000000JOR           2005        M03                 2.8
JTU00000000JOR           2005        M04                 3.3
JTU00000000JOR           2005        M05                 2.8
JTU00000000JOR           2005        M06                 2.8
JTU00000000JOR           2005        M07                 3.3
JTU00000000JOR           2005        M08                 3.0
JTU00000000JOR           2005        M09                 3.0
JTU00000000JOR           2005        M10                 3.2
JTU00000000JOR           2005        M11                 2.8
JTU00000000JOR           2005        M12                 2.7
JTU00000000JOR           2006        M01                 3.2
JTU00000000JOR           2006        M02                 2.9
JTU00000000JOR           2006        M03                 3.2
JTU00000000JOR           2006        M04                 3.5
JTU00000000JOR           2006        M05                 3.1
JTU00000000JOR           2006        M06                 3.0
JTU00000000JOR           2006        M07                 3.1
JTU00000000JOR           2006        M08                 3.3
JTU00000000JOR           2006        M09                 3.2
JTU00000000JOR           2006        M10                 3.3
JTU00000000JOR           2006        M11                 2.9
JTU00000000JOR           2006        M12                 2.8
JTU00000000JOR           2007        M01                 3.4
JTU00000000JOR           2007        M02                 3.1
JTU00000000JOR           2007        M03                 3.2
JTU00000000JOR           2007        M04                 3.6
JTU00000000JOR           2007        M05                 3.2
JTU00000000JOR           2007        M06                 3.2
JTU00000000JOR           2007        M07                 3.3
JTU00000000JOR           2007        M08                 3.2
JTU00000000JOR           2007        M09                 3.2
JTU00000000JOR           2007        M10                 3.1
JTU00000000JOR           2007        M11                 2.7
JTU00000000JOR           2007        M12                 2.7
JTU00000000JOR           2008        M01                 3.1
JTU00000000JOR           2008        M02                 2.7
JTU00000000JOR           2008        M03                 2.8
JTU00000000JOR           2008        M04                 3.0
JTU00000000JOR           2008        M05                 2.8
JTU00000000JOR           2008        M06                 2.6
JTU00000000JOR           2008        M07                 2.9
JTU00000000JOR           2008        M08                 2.6
JTU00000000JOR           2008        M09                 2.3
JTU00000000JOR           2008        M10                 2.4
JTU00000000JOR           2008        M11                 2.0
JTU00000000JOR           2008        M12                 1.9
JTU00000000JOR           2009        M01                 2.1
JTU00000000JOR           2009        M02                 2.0
JTU00000000JOR           2009        M03                 1.8
JTU00000000JOR           2009        M04                 1.9
JTU00000000JOR           2009        M05                 1.8
JTU00000000JOR           2009        M06                 1.8
JTU00000000JOR           2009        M07                 1.8
JTU00000000JOR           2009        M08                 1.8
JTU00000000JOR           2009        M09                 1.9
JTU00000000JOR           2009        M10                 1.9
JTU00000000JOR           2009        M11                 1.6
JTU00000000JOR           2009        M12                 1.6
JTU00000000JOR           2010        M01                 2.1
JTU00000000JOR           2010        M02                 1.9
JTU00000000JOR           2010        M03                 2.0
JTU00000000JOR           2010        M04                 2.6
JTU00000000JOR           2010        M05                 2.2
JTU00000000JOR           2010        M06                 2.0
JTU00000000JOR           2010        M07                 2.4
JTU00000000JOR           2010        M08                 2.2
JTU00000000JOR           2010        M09                 2.1
JTU00000000JOR           2010        M10                 2.4
JTU00000000JOR           2010        M11                 2.0
JTU00000000JOR           2010        M12                 1.9
JTU00000000JOR           2011        M01                 2.3
JTU00000000JOR           2011        M02                 2.2
JTU00000000JOR           2011        M03                 2.3
JTU00000000JOR           2011        M04                 2.6
JTU00000000JOR           2011        M05                 2.3
JTU00000000JOR           2011        M06                 2.4
JTU00000000JOR           2011        M07                 2.7
JTU00000000JOR           2011        M08                 2.4
JTU00000000JOR           2011        M09                 2.6
JTU00000000JOR           2011        M10                 2.6
JTU00000000JOR           2011        M11                 2.1
JTU00000000JOR           2011        M12                 2.2
JTU00000000JOR           2012        M01                 2.8
JTU00000000JOR           2012        M02                 2.5
JTU00000000JOR           2012        M03                 2.8
JTU00000000JOR           2012        M04                 2.8
JTU00000000JOR           2012        M05                 2.7
JTU00000000JOR           2012        M06                 2.7
JTU00000000JOR           2012        M07                 2.8
JTU00000000JOR           2012        M08                 2.7
JTU00000000JOR           2012        M09                 2.6
JTU00000000JOR           2012        M10                 2.8
JTU00000000JOR           2012        M11                 2.4
JTU00000000JOR           2012        M12                 2.3
JTU00000000JOR           2013        M01                 2.8
JTU00000000JOR           2013        M02                 2.7
JTU00000000JOR           2013        M03                 2.8
JTU00000000JOR           2013        M04                 3.0
JTU00000000JOR           2013        M05                 2.8
JTU00000000JOR           2013        M06                 2.8
JTU00000000JOR           2013        M07                 2.9
JTU00000000JOR           2013        M08                 2.9
JTU00000000JOR           2013        M09                 2.8
JTU00000000JOR           2013        M10                 3.0
JTU00000000JOR           2013        M11                 2.5
JTU00000000JOR           2013        M12                 2.4
JTU00000000JOR           2014        M01                 2.8
JTU00000000JOR           2014        M02                 2.8
JTU00000000JOR           2014        M03                 2.9
JTU00000000JOR           2014        M04                 3.4
JTU00000000JOR           2014        M05                 3.2
JTU00000000JOR           2014        M06                 3.2
JTU00000000JOR           2014        M07                 3.4
JTU00000000JOR           2014        M08                 3.5
JTU00000000JOR           2014        M09                 3.2
JTU00000000JOR           2014        M10                 3.5
JTU00000000JOR           2014        M11                 3.1
JTU00000000JOR           2014        M12                 3.0
JTU00000000JOR           2015        M01                 3.5
JTU00000000JOR           2015        M02                 3.4
JTU00000000JOR           2015        M03                 3.5
JTU00000000JOR           2015        M04                 4.0
JTU00000000JOR           2015        M05                 3.7
JTU00000000JOR           2015        M06                 3.5
JTU00000000JOR           2015        M07                 4.2
JTU00000000JOR           2015        M08                 3.8
JTU00000000JOR           2015        M09                 3.7
JTU00000000JOR           2015        M10                 3.8
JTU00000000JOR           2015        M11                 3.3
JTU00000000JOR           2015        M12                 3.3
JTU00000000JOR           2016        M01                 3.9
JTU00000000JOR           2016        M02                 3.7
JTU00000000JOR           2016        M03                 3.9
JTU00000000JOR           2016        M04                 4.0
JTU00000000JOR           2016        M05                 3.7
JTU00000000JOR           2016        M06                 3.6
JTU00000000JOR           2016        M07                 4.2
JTU00000000JOR           2016        M08                 3.7
JTU00000000JOR           2016        M09                 3.8
JTU00000000JOR           2016        M10                 3.9
JTU00000000JOR           2016        M11                 3.5
JTU00000000JOR           2016        M12                 3.4
JTU00000000JOR           2017        M01                 3.7
JTU00000000JOR           2017        M02                 3.7
JTU00000000JOR           2017        M03                 3.8
JTU00000000JOR           2017        M04                 4.1
JTU00000000JOR           2017        M05                 3.7
JTU00000000JOR           2017        M06                 4.0
JTU00000000JOR           2017        M07                 4.2
JTU00000000JOR           2017        M08                 4.1
JTU00000000JOR           2017        M09                 4.1
JTU00000000JOR           2017        M10                 4.0
JTU00000000JOR           2017        M11                 3.7
JTU00000000JOR           2017        M12                 3.5        p
JTU000000MWJOL           2000        M12                1111
JTU000000MWJOL           2001        M01                1172
JTU000000MWJOL           2001        M02                 871
JTU000000MWJOL           2001        M03                1010
JTU000000MWJOL           2001        M04                1128
JTU000000MWJOL           2001        M05                1077
JTU000000MWJOL           2001        M06                1002
JTU000000MWJOL           2001        M07                1082
JTU000000MWJOL           2001        M08                1065
JTU000000MWJOL           2001        M09                 977
JTU000000MWJOL           2001        M10                 889
JTU000000MWJOL           2001        M11                 655
JTU000000MWJOL           2001        M12                 681
JTU000000MWJOL           2002        M01                 807
JTU000000MWJOL           2002        M02                 729
JTU000000MWJOL           2002        M03                 849
JTU000000MWJOL           2002        M04                 864
JTU000000MWJOL           2002        M05                 769
JTU000000MWJOL           2002        M06                 689
JTU000000MWJOL           2002        M07                 907
JTU000000MWJOL           2002        M08                 758
JTU000000MWJOL           2002        M09                 665
JTU000000MWJOL           2002        M10                 766
JTU000000MWJOL           2002        M11                 635
JTU000000MWJOL           2002        M12                 549
JTU000000MWJOL           2003        M01                 782
JTU000000MWJOL           2003        M02                 655
JTU000000MWJOL           2003        M03                 649
JTU000000MWJOL           2003        M04                 835
JTU000000MWJOL           2003        M05                 661
JTU000000MWJOL           2003        M06                 649
JTU000000MWJOL           2003        M07                 744
JTU000000MWJOL           2003        M08                 727
JTU000000MWJOL           2003        M09                 654
JTU000000MWJOL           2003        M10                 768
JTU000000MWJOL           2003        M11                 628
JTU000000MWJOL           2003        M12                 587
JTU000000MWJOL           2004        M01                 774
JTU000000MWJOL           2004        M02                 679
JTU000000MWJOL           2004        M03                 693
JTU000000MWJOL           2004        M04                 827
JTU000000MWJOL           2004        M05                 738
JTU000000MWJOL           2004        M06                 647
JTU000000MWJOL           2004        M07                 825
JTU000000MWJOL           2004        M08                 720
JTU000000MWJOL           2004        M09                 755
JTU000000MWJOL           2004        M10                 869
JTU000000MWJOL           2004        M11                 608
JTU000000MWJOL           2004        M12                 700
JTU000000MWJOL           2005        M01                 744
JTU000000MWJOL           2005        M02                 752
JTU000000MWJOL           2005        M03                 771
JTU000000MWJOL           2005        M04                 897
JTU000000MWJOL           2005        M05                 816
JTU000000MWJOL           2005        M06                 805
JTU000000MWJOL           2005        M07                 968
JTU000000MWJOL           2005        M08                 836
JTU000000MWJOL           2005        M09                 856
JTU000000MWJOL           2005        M10                 880
JTU000000MWJOL           2005        M11                 685
JTU000000MWJOL           2005        M12                 675
JTU000000MWJOL           2006        M01                 810
JTU000000MWJOL           2006        M02                 792
JTU000000MWJOL           2006        M03                 855
JTU000000MWJOL           2006        M04                 908
JTU000000MWJOL           2006        M05                 830
JTU000000MWJOL           2006        M06                 804
JTU000000MWJOL           2006        M07                 843
JTU000000MWJOL           2006        M08                 926
JTU000000MWJOL           2006        M09                 892
JTU000000MWJOL           2006        M10                 830
JTU000000MWJOL           2006        M11                 722
JTU000000MWJOL           2006        M12                 718
JTU000000MWJOL           2007        M01                 841
JTU000000MWJOL           2007        M02                 776
JTU000000MWJOL           2007        M03                 862
JTU000000MWJOL           2007        M04                 888
JTU000000MWJOL           2007        M05                 821
JTU000000MWJOL           2007        M06                 851
JTU000000MWJOL           2007        M07                 919
JTU000000MWJOL           2007        M08                 859
JTU000000MWJOL           2007        M09                 877
JTU000000MWJOL           2007        M10                 821
JTU000000MWJOL           2007        M11                 716
JTU000000MWJOL           2007        M12                 754
JTU000000MWJOL           2008        M01                 832
JTU000000MWJOL           2008        M02                 745
JTU000000MWJOL           2008        M03                 838
JTU000000MWJOL           2008        M04                 892
JTU000000MWJOL           2008        M05                 792
JTU000000MWJOL           2008        M06                 716
JTU000000MWJOL           2008        M07                 751
JTU000000MWJOL           2008        M08                 764
JTU000000MWJOL           2008        M09                 677
JTU000000MWJOL           2008        M10                 705
JTU000000MWJOL           2008        M11                 477
JTU000000MWJOL           2008        M12                 509
JTU000000MWJOL           2009        M01                 556
JTU000000MWJOL           2009        M02                 495
JTU000000MWJOL           2009        M03                 467
JTU000000MWJOL           2009        M04                 502
JTU000000MWJOL           2009        M05                 481
JTU000000MWJOL           2009        M06                 437
JTU000000MWJOL           2009        M07                 489
JTU000000MWJOL           2009        M08                 462
JTU000000MWJOL           2009        M09                 532
JTU000000MWJOL           2009        M10                 510
JTU000000MWJOL           2009        M11                 450
JTU000000MWJOL           2009        M12                 391
JTU000000MWJOL           2010        M01                 536
JTU000000MWJOL           2010        M02                 504
JTU000000MWJOL           2010        M03                 545
JTU000000MWJOL           2010        M04                 651
JTU000000MWJOL           2010        M05                 541
JTU000000MWJOL           2010        M06                 531
JTU000000MWJOL           2010        M07                 655
JTU000000MWJOL           2010        M08                 643
JTU000000MWJOL           2010        M09                 554
JTU000000MWJOL           2010        M10                 577
JTU000000MWJOL           2010        M11                 565
JTU000000MWJOL           2010        M12                 499
JTU000000MWJOL           2011        M01                 601
JTU000000MWJOL           2011        M02                 586
JTU000000MWJOL           2011        M03                 684
JTU000000MWJOL           2011        M04                 833
JTU000000MWJOL           2011        M05                 696
JTU000000MWJOL           2011        M06                 745
JTU000000MWJOL           2011        M07                 817
JTU000000MWJOL           2011        M08                 773
JTU000000MWJOL           2011        M09                 758
JTU000000MWJOL           2011        M10                 732
JTU000000MWJOL           2011        M11                 625
JTU000000MWJOL           2011        M12                 650
JTU000000MWJOL           2012        M01                 786
JTU000000MWJOL           2012        M02                 739
JTU000000MWJOL           2012        M03                 918
JTU000000MWJOL           2012        M04                 800
JTU000000MWJOL           2012        M05                 761
JTU000000MWJOL           2012        M06                 794
JTU000000MWJOL           2012        M07                 877
JTU000000MWJOL           2012        M08                 805
JTU000000MWJOL           2012        M09                 835
JTU000000MWJOL           2012        M10                 857
JTU000000MWJOL           2012        M11                 780
JTU000000MWJOL           2012        M12                 750
JTU000000MWJOL           2013        M01                 740
JTU000000MWJOL           2013        M02                 772
JTU000000MWJOL           2013        M03                 798
JTU000000MWJOL           2013        M04                 917
JTU000000MWJOL           2013        M05                 869
JTU000000MWJOL           2013        M06                 859
JTU000000MWJOL           2013        M07                 915
JTU000000MWJOL           2013        M08                 940
JTU000000MWJOL           2013        M09                 914
JTU000000MWJOL           2013        M10                1048
JTU000000MWJOL           2013        M11                 864
JTU000000MWJOL           2013        M12                 726
JTU000000MWJOL           2014        M01                 856
JTU000000MWJOL           2014        M02                 835
JTU000000MWJOL           2014        M03                 933
JTU000000MWJOL           2014        M04                1098
JTU000000MWJOL           2014        M05                1060
JTU000000MWJOL           2014        M06                1033
JTU000000MWJOL           2014        M07                1140
JTU000000MWJOL           2014        M08                1125
JTU000000MWJOL           2014        M09                1063
JTU000000MWJOL           2014        M10                1085
JTU000000MWJOL           2014        M11                1035
JTU000000MWJOL           2014        M12                 980
JTU000000MWJOL           2015        M01                1094
JTU000000MWJOL           2015        M02                1155
JTU000000MWJOL           2015        M03                1202
JTU000000MWJOL           2015        M04                1273
JTU000000MWJOL           2015        M05                1220
JTU000000MWJOL           2015        M06                1154
JTU000000MWJOL           2015        M07                1333
JTU000000MWJOL           2015        M08                1231
JTU000000MWJOL           2015        M09                1278
JTU000000MWJOL           2015        M10                1303
JTU000000MWJOL           2015        M11                1073
JTU000000MWJOL           2015        M12                1066
JTU000000MWJOL           2016        M01                1232
JTU000000MWJOL           2016        M02                1237
JTU000000MWJOL           2016        M03                1353
JTU000000MWJOL           2016        M04                1321
JTU000000MWJOL           2016        M05                1341
JTU000000MWJOL           2016        M06                1207
JTU000000MWJOL           2016        M07                1402
JTU000000MWJOL           2016        M08                1265
JTU000000MWJOL           2016        M09                1267
JTU000000MWJOL           2016        M10                1311
JTU000000MWJOL           2016        M11                1248
JTU000000MWJOL           2016        M12                1150
JTU000000MWJOL           2017        M01                1270
JTU000000MWJOL           2017        M02                1241
JTU000000MWJOL           2017        M03                1338
JTU000000MWJOL           2017        M04                1479
JTU000000MWJOL           2017        M05                1327
JTU000000MWJOL           2017        M06                1445
JTU000000MWJOL           2017        M07                1425
JTU000000MWJOL           2017        M08                1563
JTU000000MWJOL           2017        M09                1630
JTU000000MWJOL           2017        M10                1561
JTU000000MWJOL           2017        M11                1476
JTU000000MWJOL           2017        M12                1301        p
JTU000000MWJOR           2000        M12                 3.4
JTU000000MWJOR           2001        M01                 3.6
JTU000000MWJOR           2001        M02                 2.7
JTU000000MWJOR           2001        M03                 3.1
JTU000000MWJOR           2001        M04                 3.5
JTU000000MWJOR           2001        M05                 3.3
JTU000000MWJOR           2001        M06                 3.1
JTU000000MWJOR           2001        M07                 3.3
JTU000000MWJOR           2001        M08                 3.3
JTU000000MWJOR           2001        M09                 3.0
JTU000000MWJOR           2001        M10                 2.7
JTU000000MWJOR           2001        M11                 2.0
JTU000000MWJOR           2001        M12                 2.1
JTU000000MWJOR           2002        M01                 2.6
JTU000000MWJOR           2002        M02                 2.3
JTU000000MWJOR           2002        M03                 2.7
JTU000000MWJOR           2002        M04                 2.7
JTU000000MWJOR           2002        M05                 2.4
JTU000000MWJOR           2002        M06                 2.2
JTU000000MWJOR           2002        M07                 2.9
JTU000000MWJOR           2002        M08                 2.4
JTU000000MWJOR           2002        M09                 2.1
JTU000000MWJOR           2002        M10                 2.4
JTU000000MWJOR           2002        M11                 2.0
JTU000000MWJOR           2002        M12                 1.7
JTU000000MWJOR           2003        M01                 2.5
JTU000000MWJOR           2003        M02                 2.1
JTU000000MWJOR           2003        M03                 2.1
JTU000000MWJOR           2003        M04                 2.7
JTU000000MWJOR           2003        M05                 2.1
JTU000000MWJOR           2003        M06                 2.1
JTU000000MWJOR           2003        M07                 2.4
JTU000000MWJOR           2003        M08                 2.3
JTU000000MWJOR           2003        M09                 2.1
JTU000000MWJOR           2003        M10                 2.4
JTU000000MWJOR           2003        M11                 2.0
JTU000000MWJOR           2003        M12                 1.9
JTU000000MWJOR           2004        M01                 2.5
JTU000000MWJOR           2004        M02                 2.2
JTU000000MWJOR           2004        M03                 2.2
JTU000000MWJOR           2004        M04                 2.6
JTU000000MWJOR           2004        M05                 2.3
JTU000000MWJOR           2004        M06                 2.0
JTU000000MWJOR           2004        M07                 2.6
JTU000000MWJOR           2004        M08                 2.3
JTU000000MWJOR           2004        M09                 2.4
JTU000000MWJOR           2004        M10                 2.7
JTU000000MWJOR           2004        M11                 1.9
JTU000000MWJOR           2004        M12                 2.2
JTU000000MWJOR           2005        M01                 2.4
JTU000000MWJOR           2005        M02                 2.4
JTU000000MWJOR           2005        M03                 2.4
JTU000000MWJOR           2005        M04                 2.8
JTU000000MWJOR           2005        M05                 2.6
JTU000000MWJOR           2005        M06                 2.5
JTU000000MWJOR           2005        M07                 3.0
JTU000000MWJOR           2005        M08                 2.6
JTU000000MWJOR           2005        M09                 2.7
JTU000000MWJOR           2005        M10                 2.7
JTU000000MWJOR           2005        M11                 2.1
JTU000000MWJOR           2005        M12                 2.1
JTU000000MWJOR           2006        M01                 2.6
JTU000000MWJOR           2006        M02                 2.5
JTU000000MWJOR           2006        M03                 2.7
JTU000000MWJOR           2006        M04                 2.8
JTU000000MWJOR           2006        M05                 2.6
JTU000000MWJOR           2006        M06                 2.5
JTU000000MWJOR           2006        M07                 2.6
JTU000000MWJOR           2006        M08                 2.9
JTU000000MWJOR           2006        M09                 2.8
JTU000000MWJOR           2006        M10                 2.6
JTU000000MWJOR           2006        M11                 2.2
JTU000000MWJOR           2006        M12                 2.2
JTU000000MWJOR           2007        M01                 2.6
JTU000000MWJOR           2007        M02                 2.4
JTU000000MWJOR           2007        M03                 2.7
JTU000000MWJOR           2007        M04                 2.8
JTU000000MWJOR           2007        M05                 2.5
JTU000000MWJOR           2007        M06                 2.6
JTU000000MWJOR           2007        M07                 2.8
JTU000000MWJOR           2007        M08                 2.7
JTU000000MWJOR           2007        M09                 2.7
JTU000000MWJOR           2007        M10                 2.5
JTU000000MWJOR           2007        M11                 2.2
JTU000000MWJOR           2007        M12                 2.3
JTU000000MWJOR           2008        M01                 2.6
JTU000000MWJOR           2008        M02                 2.3
JTU000000MWJOR           2008        M03                 2.6
JTU000000MWJOR           2008        M04                 2.8
JTU000000MWJOR           2008        M05                 2.5
JTU000000MWJOR           2008        M06                 2.2
JTU000000MWJOR           2008        M07                 2.4
JTU000000MWJOR           2008        M08                 2.4
JTU000000MWJOR           2008        M09                 2.1
JTU000000MWJOR           2008        M10                 2.2
JTU000000MWJOR           2008        M11                 1.5
JTU000000MWJOR           2008        M12                 1.6
JTU000000MWJOR           2009        M01                 1.8
JTU000000MWJOR           2009        M02                 1.6
JTU000000MWJOR           2009        M03                 1.5
JTU000000MWJOR           2009        M04                 1.7
JTU000000MWJOR           2009        M05                 1.6
JTU000000MWJOR           2009        M06                 1.4
JTU000000MWJOR           2009        M07                 1.6
JTU000000MWJOR           2009        M08                 1.5
JTU000000MWJOR           2009        M09                 1.8
JTU000000MWJOR           2009        M10                 1.7
JTU000000MWJOR           2009        M11                 1.5
JTU000000MWJOR           2009        M12                 1.3
JTU000000MWJOR           2010        M01                 1.8
JTU000000MWJOR           2010        M02                 1.7
JTU000000MWJOR           2010        M03                 1.8
JTU000000MWJOR           2010        M04                 2.2
JTU000000MWJOR           2010        M05                 1.8
JTU000000MWJOR           2010        M06                 1.8
JTU000000MWJOR           2010        M07                 2.2
JTU000000MWJOR           2010        M08                 2.1
JTU000000MWJOR           2010        M09                 1.8
JTU000000MWJOR           2010        M10                 1.9
JTU000000MWJOR           2010        M11                 1.9
JTU000000MWJOR           2010        M12                 1.6
JTU000000MWJOR           2011        M01                 2.0
JTU000000MWJOR           2011        M02                 2.0
JTU000000MWJOR           2011        M03                 2.3
JTU000000MWJOR           2011        M04                 2.7
JTU000000MWJOR           2011        M05                 2.3
JTU000000MWJOR           2011        M06                 2.4
JTU000000MWJOR           2011        M07                 2.7
JTU000000MWJOR           2011        M08                 2.5
JTU000000MWJOR           2011        M09                 2.5
JTU000000MWJOR           2011        M10                 2.4
JTU000000MWJOR           2011        M11                 2.0
JTU000000MWJOR           2011        M12                 2.1
JTU000000MWJOR           2012        M01                 2.6
JTU000000MWJOR           2012        M02                 2.4
JTU000000MWJOR           2012        M03                 2.9
JTU000000MWJOR           2012        M04                 2.6
JTU000000MWJOR           2012        M05                 2.4
JTU000000MWJOR           2012        M06                 2.5
JTU000000MWJOR           2012        M07                 2.8
JTU000000MWJOR           2012        M08                 2.6
JTU000000MWJOR           2012        M09                 2.7
JTU000000MWJOR           2012        M10                 2.7
JTU000000MWJOR           2012        M11                 2.5
JTU000000MWJOR           2012        M12                 2.4
JTU000000MWJOR           2013        M01                 2.4
JTU000000MWJOR           2013        M02                 2.5
JTU000000MWJOR           2013        M03                 2.6
JTU000000MWJOR           2013        M04                 2.9
JTU000000MWJOR           2013        M05                 2.8
JTU000000MWJOR           2013        M06                 2.7
JTU000000MWJOR           2013        M07                 2.9
JTU000000MWJOR           2013        M08                 3.0
JTU000000MWJOR           2013        M09                 2.9
JTU000000MWJOR           2013        M10                 3.3
JTU000000MWJOR           2013        M11                 2.7
JTU000000MWJOR           2013        M12                 2.3
JTU000000MWJOR           2014        M01                 2.7
JTU000000MWJOR           2014        M02                 2.7
JTU000000MWJOR           2014        M03                 2.9
JTU000000MWJOR           2014        M04                 3.4
JTU000000MWJOR           2014        M05                 3.3
JTU000000MWJOR           2014        M06                 3.2
JTU000000MWJOR           2014        M07                 3.5
JTU000000MWJOR           2014        M08                 3.5
JTU000000MWJOR           2014        M09                 3.3
JTU000000MWJOR           2014        M10                 3.3
JTU000000MWJOR           2014        M11                 3.2
JTU000000MWJOR           2014        M12                 3.0
JTU000000MWJOR           2015        M01                 3.4
JTU000000MWJOR           2015        M02                 3.6
JTU000000MWJOR           2015        M03                 3.7
JTU000000MWJOR           2015        M04                 3.9
JTU000000MWJOR           2015        M05                 3.7
JTU000000MWJOR           2015        M06                 3.5
JTU000000MWJOR           2015        M07                 4.1
JTU000000MWJOR           2015        M08                 3.8
JTU000000MWJOR           2015        M09                 3.9
JTU000000MWJOR           2015        M10                 3.9
JTU000000MWJOR           2015        M11                 3.2
JTU000000MWJOR           2015        M12                 3.2
JTU000000MWJOR           2016        M01                 3.8
JTU000000MWJOR           2016        M02                 3.8
JTU000000MWJOR           2016        M03                 4.1
JTU000000MWJOR           2016        M04                 4.0
JTU000000MWJOR           2016        M05                 4.0
JTU000000MWJOR           2016        M06                 3.6
JTU000000MWJOR           2016        M07                 4.2
JTU000000MWJOR           2016        M08                 3.8
JTU000000MWJOR           2016        M09                 3.8
JTU000000MWJOR           2016        M10                 3.9
JTU000000MWJOR           2016        M11                 3.7
JTU000000MWJOR           2016        M12                 3.4
JTU000000MWJOR           2017        M01                 3.8
JTU000000MWJOR           2017        M02                 3.7
JTU000000MWJOR           2017        M03                 4.0
JTU000000MWJOR           2017        M04                 4.4
JTU000000MWJOR           2017        M05                 3.9
JTU000000MWJOR           2017        M06                 4.2
JTU000000MWJOR           2017        M07                 4.2
JTU000000MWJOR           2017        M08                 4.6
JTU000000MWJOR           2017        M09                 4.8
JTU000000MWJOR           2017        M10                 4.5
JTU000000MWJOR           2017        M11                 4.3
JTU000000MWJOR           2017        M12                 3.8        p
JTU000000NEJOL           2000        M12                 815
JTU000000NEJOL           2001        M01                1044
JTU000000NEJOL           2001        M02                 879
JTU000000NEJOL           2001        M03                 828
JTU000000NEJOL           2001        M04                1152
JTU000000NEJOL           2001        M05                 924
JTU000000NEJOL           2001        M06                 770
JTU000000NEJOL           2001        M07                 853
JTU000000NEJOL           2001        M08                 795
JTU000000NEJOL           2001        M09                 729
JTU000000NEJOL           2001        M10                 684
JTU000000NEJOL           2001        M11                 551
JTU000000NEJOL           2001        M12                 609
JTU000000NEJOL           2002        M01                 744
JTU000000NEJOL           2002        M02                 559
JTU000000NEJOL           2002        M03                 579
JTU000000NEJOL           2002        M04                 665
JTU000000NEJOL           2002        M05                 608
JTU000000NEJOL           2002        M06                 599
JTU000000NEJOL           2002        M07                 659
JTU000000NEJOL           2002        M08                 652
JTU000000NEJOL           2002        M09                 681
JTU000000NEJOL           2002        M10                 781
JTU000000NEJOL           2002        M11                 636
JTU000000NEJOL           2002        M12                 443
JTU000000NEJOL           2003        M01                 719
JTU000000NEJOL           2003        M02                 567
JTU000000NEJOL           2003        M03                 508
JTU000000NEJOL           2003        M04                 653
JTU000000NEJOL           2003        M05                 600
JTU000000NEJOL           2003        M06                 578
JTU000000NEJOL           2003        M07                 625
JTU000000NEJOL           2003        M08                 607
JTU000000NEJOL           2003        M09                 541
JTU000000NEJOL           2003        M10                 624
JTU000000NEJOL           2003        M11                 546
JTU000000NEJOL           2003        M12                 507
JTU000000NEJOL           2004        M01                 564
JTU000000NEJOL           2004        M02                 539
JTU000000NEJOL           2004        M03                 610
JTU000000NEJOL           2004        M04                 732
JTU000000NEJOL           2004        M05                 638
JTU000000NEJOL           2004        M06                 532
JTU000000NEJOL           2004        M07                 656
JTU000000NEJOL           2004        M08                 638
JTU000000NEJOL           2004        M09                 668
JTU000000NEJOL           2004        M10                 666
JTU000000NEJOL           2004        M11                 524
JTU000000NEJOL           2004        M12                 552
JTU000000NEJOL           2005        M01                 656
JTU000000NEJOL           2005        M02                 603
JTU000000NEJOL           2005        M03                 616
JTU000000NEJOL           2005        M04                 748
JTU000000NEJOL           2005        M05                 634
JTU000000NEJOL           2005        M06                 678
JTU000000NEJOL           2005        M07                 736
JTU000000NEJOL           2005        M08                 728
JTU000000NEJOL           2005        M09                 779
JTU000000NEJOL           2005        M10                 898
JTU000000NEJOL           2005        M11                 698
JTU000000NEJOL           2005        M12                 594
JTU000000NEJOL           2006        M01                 790
JTU000000NEJOL           2006        M02                 664
JTU000000NEJOL           2006        M03                 685
JTU000000NEJOL           2006        M04                 813
JTU000000NEJOL           2006        M05                 696
JTU000000NEJOL           2006        M06                 723
JTU000000NEJOL           2006        M07                 750
JTU000000NEJOL           2006        M08                 832
JTU000000NEJOL           2006        M09                 826
JTU000000NEJOL           2006        M10                 877
JTU000000NEJOL           2006        M11                 763
JTU000000NEJOL           2006        M12                 729
JTU000000NEJOL           2007        M01                 795
JTU000000NEJOL           2007        M02                 727
JTU000000NEJOL           2007        M03                 720
JTU000000NEJOL           2007        M04                 815
JTU000000NEJOL           2007        M05                 749
JTU000000NEJOL           2007        M06                 761
JTU000000NEJOL           2007        M07                 808
JTU000000NEJOL           2007        M08                 773
JTU000000NEJOL           2007        M09                 701
JTU000000NEJOL           2007        M10                 792
JTU000000NEJOL           2007        M11                 647
JTU000000NEJOL           2007        M12                 626
JTU000000NEJOL           2008        M01                 743
JTU000000NEJOL           2008        M02                 598
JTU000000NEJOL           2008        M03                 609
JTU000000NEJOL           2008        M04                 720
JTU000000NEJOL           2008        M05                 632
JTU000000NEJOL           2008        M06                 667
JTU000000NEJOL           2008        M07                 741
JTU000000NEJOL           2008        M08                 705
JTU000000NEJOL           2008        M09                 640
JTU000000NEJOL           2008        M10                 684
JTU000000NEJOL           2008        M11                 552
JTU000000NEJOL           2008        M12                 554
JTU000000NEJOL           2009        M01                 570
JTU000000NEJOL           2009        M02                 539
JTU000000NEJOL           2009        M03                 501
JTU000000NEJOL           2009        M04                 496
JTU000000NEJOL           2009        M05                 496
JTU000000NEJOL           2009        M06                 562
JTU000000NEJOL           2009        M07                 497
JTU000000NEJOL           2009        M08                 508
JTU000000NEJOL           2009        M09                 528
JTU000000NEJOL           2009        M10                 529
JTU000000NEJOL           2009        M11                 438
JTU000000NEJOL           2009        M12                 444
JTU000000NEJOL           2010        M01                 513
JTU000000NEJOL           2010        M02                 478
JTU000000NEJOL           2010        M03                 490
JTU000000NEJOL           2010        M04                 720
JTU000000NEJOL           2010        M05                 617
JTU000000NEJOL           2010        M06                 578
JTU000000NEJOL           2010        M07                 640
JTU000000NEJOL           2010        M08                 627
JTU000000NEJOL           2010        M09                 543
JTU000000NEJOL           2010        M10                 664
JTU000000NEJOL           2010        M11                 521
JTU000000NEJOL           2010        M12                 464
JTU000000NEJOL           2011        M01                 642
JTU000000NEJOL           2011        M02                 535
JTU000000NEJOL           2011        M03                 583
JTU000000NEJOL           2011        M04                 628
JTU000000NEJOL           2011        M05                 581
JTU000000NEJOL           2011        M06                 563
JTU000000NEJOL           2011        M07                 627
JTU000000NEJOL           2011        M08                 599
JTU000000NEJOL           2011        M09                 614
JTU000000NEJOL           2011        M10                 616
JTU000000NEJOL           2011        M11                 523
JTU000000NEJOL           2011        M12                 493
JTU000000NEJOL           2012        M01                 614
JTU000000NEJOL           2012        M02                 593
JTU000000NEJOL           2012        M03                 654
JTU000000NEJOL           2012        M04                 755
JTU000000NEJOL           2012        M05                 673
JTU000000NEJOL           2012        M06                 682
JTU000000NEJOL           2012        M07                 710
JTU000000NEJOL           2012        M08                 719
JTU000000NEJOL           2012        M09                 648
JTU000000NEJOL           2012        M10                 706
JTU000000NEJOL           2012        M11                 591
JTU000000NEJOL           2012        M12                 554
JTU000000NEJOL           2013        M01                 679
JTU000000NEJOL           2013        M02                 659
JTU000000NEJOL           2013        M03                 717
JTU000000NEJOL           2013        M04                 711
JTU000000NEJOL           2013        M05                 672
JTU000000NEJOL           2013        M06                 673
JTU000000NEJOL           2013        M07                 645
JTU000000NEJOL           2013        M08                 736
JTU000000NEJOL           2013        M09                 682
JTU000000NEJOL           2013        M10                 711
JTU000000NEJOL           2013        M11                 604
JTU000000NEJOL           2013        M12                 582
JTU000000NEJOL           2014        M01                 645
JTU000000NEJOL           2014        M02                 591
JTU000000NEJOL           2014        M03                 672
JTU000000NEJOL           2014        M04                 838
JTU000000NEJOL           2014        M05                 770
JTU000000NEJOL           2014        M06                 797
JTU000000NEJOL           2014        M07                 823
JTU000000NEJOL           2014        M08                 848
JTU000000NEJOL           2014        M09                 751
JTU000000NEJOL           2014        M10                 810
JTU000000NEJOL           2014        M11                 711
JTU000000NEJOL           2014        M12                 704
JTU000000NEJOL           2015        M01                 824
JTU000000NEJOL           2015        M02                 787
JTU000000NEJOL           2015        M03                 826
JTU000000NEJOL           2015        M04                 943
JTU000000NEJOL           2015        M05                 856
JTU000000NEJOL           2015        M06                 799
JTU000000NEJOL           2015        M07                1005
JTU000000NEJOL           2015        M08                 909
JTU000000NEJOL           2015        M09                 889
JTU000000NEJOL           2015        M10                 961
JTU000000NEJOL           2015        M11                 854
JTU000000NEJOL           2015        M12                 836
JTU000000NEJOL           2016        M01                 895
JTU000000NEJOL           2016        M02                 804
JTU000000NEJOL           2016        M03                 861
JTU000000NEJOL           2016        M04                 921
JTU000000NEJOL           2016        M05                 931
JTU000000NEJOL           2016        M06                 881
JTU000000NEJOL           2016        M07                1061
JTU000000NEJOL           2016        M08                1010
JTU000000NEJOL           2016        M09                1034
JTU000000NEJOL           2016        M10                1035
JTU000000NEJOL           2016        M11                 916
JTU000000NEJOL           2016        M12                 935
JTU000000NEJOL           2017        M01                 973
JTU000000NEJOL           2017        M02                1051
JTU000000NEJOL           2017        M03                 990
JTU000000NEJOL           2017        M04                1154
JTU000000NEJOL           2017        M05                1062
JTU000000NEJOL           2017        M06                1017
JTU000000NEJOL           2017        M07                1162
JTU000000NEJOL           2017        M08                1166
JTU000000NEJOL           2017        M09                1104
JTU000000NEJOL           2017        M10                1056
JTU000000NEJOL           2017        M11                 964
JTU000000NEJOL           2017        M12                 947        p
JTU000000NEJOR           2000        M12                 3.1
JTU000000NEJOR           2001        M01                 4.0
JTU000000NEJOR           2001        M02                 3.4
JTU000000NEJOR           2001        M03                 3.2
JTU000000NEJOR           2001        M04                 4.3
JTU000000NEJOR           2001        M05                 3.5
JTU000000NEJOR           2001        M06                 2.9
JTU000000NEJOR           2001        M07                 3.3
JTU000000NEJOR           2001        M08                 3.1
JTU000000NEJOR           2001        M09                 2.8
JTU000000NEJOR           2001        M10                 2.6
JTU000000NEJOR           2001        M11                 2.1
JTU000000NEJOR           2001        M12                 2.3
JTU000000NEJOR           2002        M01                 2.9
JTU000000NEJOR           2002        M02                 2.2
JTU000000NEJOR           2002        M03                 2.3
JTU000000NEJOR           2002        M04                 2.6
JTU000000NEJOR           2002        M05                 2.4
JTU000000NEJOR           2002        M06                 2.3
JTU000000NEJOR           2002        M07                 2.6
JTU000000NEJOR           2002        M08                 2.6
JTU000000NEJOR           2002        M09                 2.7
JTU000000NEJOR           2002        M10                 3.0
JTU000000NEJOR           2002        M11                 2.5
JTU000000NEJOR           2002        M12                 1.7
JTU000000NEJOR           2003        M01                 2.8
JTU000000NEJOR           2003        M02                 2.2
JTU000000NEJOR           2003        M03                 2.0
JTU000000NEJOR           2003        M04                 2.6
JTU000000NEJOR           2003        M05                 2.4
JTU000000NEJOR           2003        M06                 2.3
JTU000000NEJOR           2003        M07                 2.5
JTU000000NEJOR           2003        M08                 2.4
JTU000000NEJOR           2003        M09                 2.1
JTU000000NEJOR           2003        M10                 2.4
JTU000000NEJOR           2003        M11                 2.1
JTU000000NEJOR           2003        M12                 2.0
JTU000000NEJOR           2004        M01                 2.2
JTU000000NEJOR           2004        M02                 2.1
JTU000000NEJOR           2004        M03                 2.4
JTU000000NEJOR           2004        M04                 2.9
JTU000000NEJOR           2004        M05                 2.5
JTU000000NEJOR           2004        M06                 2.1
JTU000000NEJOR           2004        M07                 2.6
JTU000000NEJOR           2004        M08                 2.5
JTU000000NEJOR           2004        M09                 2.6
JTU000000NEJOR           2004        M10                 2.6
JTU000000NEJOR           2004        M11                 2.0
JTU000000NEJOR           2004        M12                 2.1
JTU000000NEJOR           2005        M01                 2.6
JTU000000NEJOR           2005        M02                 2.4
JTU000000NEJOR           2005        M03                 2.4
JTU000000NEJOR           2005        M04                 2.9
JTU000000NEJOR           2005        M05                 2.5
JTU000000NEJOR           2005        M06                 2.6
JTU000000NEJOR           2005        M07                 2.9
JTU000000NEJOR           2005        M08                 2.8
JTU000000NEJOR           2005        M09                 3.0
JTU000000NEJOR           2005        M10                 3.4
JTU000000NEJOR           2005        M11                 2.7
JTU000000NEJOR           2005        M12                 2.3
JTU000000NEJOR           2006        M01                 3.1
JTU000000NEJOR           2006        M02                 2.6
JTU000000NEJOR           2006        M03                 2.6
JTU000000NEJOR           2006        M04                 3.1
JTU000000NEJOR           2006        M05                 2.7
JTU000000NEJOR           2006        M06                 2.8
JTU000000NEJOR           2006        M07                 2.9
JTU000000NEJOR           2006        M08                 3.2
JTU000000NEJOR           2006        M09                 3.1
JTU000000NEJOR           2006        M10                 3.3
JTU000000NEJOR           2006        M11                 2.9
JTU000000NEJOR           2006        M12                 2.8
JTU000000NEJOR           2007        M01                 3.1
JTU000000NEJOR           2007        M02                 2.8
JTU000000NEJOR           2007        M03                 2.7
JTU000000NEJOR           2007        M04                 3.1
JTU000000NEJOR           2007        M05                 2.8
JTU000000NEJOR           2007        M06                 2.8
JTU000000NEJOR           2007        M07                 3.0
JTU000000NEJOR           2007        M08                 2.9
JTU000000NEJOR           2007        M09                 2.6
JTU000000NEJOR           2007        M10                 3.0
JTU000000NEJOR           2007        M11                 2.4
JTU000000NEJOR           2007        M12                 2.3
JTU000000NEJOR           2008        M01                 2.8
JTU000000NEJOR           2008        M02                 2.3
JTU000000NEJOR           2008        M03                 2.3
JTU000000NEJOR           2008        M04                 2.7
JTU000000NEJOR           2008        M05                 2.4
JTU000000NEJOR           2008        M06                 2.5
JTU000000NEJOR           2008        M07                 2.8
JTU000000NEJOR           2008        M08                 2.7
JTU000000NEJOR           2008        M09                 2.4
JTU000000NEJOR           2008        M10                 2.6
JTU000000NEJOR           2008        M11                 2.1
JTU000000NEJOR           2008        M12                 2.1
JTU000000NEJOR           2009        M01                 2.2
JTU000000NEJOR           2009        M02                 2.1
JTU000000NEJOR           2009        M03                 2.0
JTU000000NEJOR           2009        M04                 1.9
JTU000000NEJOR           2009        M05                 1.9
JTU000000NEJOR           2009        M06                 2.2
JTU000000NEJOR           2009        M07                 2.0
JTU000000NEJOR           2009        M08                 2.0
JTU000000NEJOR           2009        M09                 2.1
JTU000000NEJOR           2009        M10                 2.1
JTU000000NEJOR           2009        M11                 1.7
JTU000000NEJOR           2009        M12                 1.7
JTU000000NEJOR           2010        M01                 2.1
JTU000000NEJOR           2010        M02                 1.9
JTU000000NEJOR           2010        M03                 1.9
JTU000000NEJOR           2010        M04                 2.8
JTU000000NEJOR           2010        M05                 2.4
JTU000000NEJOR           2010        M06                 2.3
JTU000000NEJOR           2010        M07                 2.5
JTU000000NEJOR           2010        M08                 2.5
JTU000000NEJOR           2010        M09                 2.1
JTU000000NEJOR           2010        M10                 2.6
JTU000000NEJOR           2010        M11                 2.0
JTU000000NEJOR           2010        M12                 1.8
JTU000000NEJOR           2011        M01                 2.5
JTU000000NEJOR           2011        M02                 2.1
JTU000000NEJOR           2011        M03                 2.3
JTU000000NEJOR           2011        M04                 2.4
JTU000000NEJOR           2011        M05                 2.3
JTU000000NEJOR           2011        M06                 2.2
JTU000000NEJOR           2011        M07                 2.5
JTU000000NEJOR           2011        M08                 2.3
JTU000000NEJOR           2011        M09                 2.4
JTU000000NEJOR           2011        M10                 2.4
JTU000000NEJOR           2011        M11                 2.0
JTU000000NEJOR           2011        M12                 1.9
JTU000000NEJOR           2012        M01                 2.4
JTU000000NEJOR           2012        M02                 2.3
JTU000000NEJOR           2012        M03                 2.5
JTU000000NEJOR           2012        M04                 2.9
JTU000000NEJOR           2012        M05                 2.6
JTU000000NEJOR           2012        M06                 2.6
JTU000000NEJOR           2012        M07                 2.8
JTU000000NEJOR           2012        M08                 2.8
JTU000000NEJOR           2012        M09                 2.5
JTU000000NEJOR           2012        M10                 2.7
JTU000000NEJOR           2012        M11                 2.3
JTU000000NEJOR           2012        M12                 2.1
JTU000000NEJOR           2013        M01                 2.6
JTU000000NEJOR           2013        M02                 2.6
JTU000000NEJOR           2013        M03                 2.7
JTU000000NEJOR           2013        M04                 2.7
JTU000000NEJOR           2013        M05                 2.6
JTU000000NEJOR           2013        M06                 2.6
JTU000000NEJOR           2013        M07                 2.5
JTU000000NEJOR           2013        M08                 2.8
JTU000000NEJOR           2013        M09                 2.6
JTU000000NEJOR           2013        M10                 2.7
JTU000000NEJOR           2013        M11                 2.3
JTU000000NEJOR           2013        M12                 2.2
JTU000000NEJOR           2014        M01                 2.5
JTU000000NEJOR           2014        M02                 2.3
JTU000000NEJOR           2014        M03                 2.6
JTU000000NEJOR           2014        M04                 3.2
JTU000000NEJOR           2014        M05                 2.9
JTU000000NEJOR           2014        M06                 3.0
JTU000000NEJOR           2014        M07                 3.1
JTU000000NEJOR           2014        M08                 3.2
JTU000000NEJOR           2014        M09                 2.8
JTU000000NEJOR           2014        M10                 3.0
JTU000000NEJOR           2014        M11                 2.6
JTU000000NEJOR           2014        M12                 2.6
JTU000000NEJOR           2015        M01                 3.1
JTU000000NEJOR           2015        M02                 3.0
JTU000000NEJOR           2015        M03                 3.1
JTU000000NEJOR           2015        M04                 3.5
JTU000000NEJOR           2015        M05                 3.2
JTU000000NEJOR           2015        M06                 3.0
JTU000000NEJOR           2015        M07                 3.7
JTU000000NEJOR           2015        M08                 3.4
JTU000000NEJOR           2015        M09                 3.3
JTU000000NEJOR           2015        M10                 3.5
JTU000000NEJOR           2015        M11                 3.1
JTU000000NEJOR           2015        M12                 3.0
JTU000000NEJOR           2016        M01                 3.3
JTU000000NEJOR           2016        M02                 3.0
JTU000000NEJOR           2016        M03                 3.2
JTU000000NEJOR           2016        M04                 3.3
JTU000000NEJOR           2016        M05                 3.4
JTU000000NEJOR           2016        M06                 3.2
JTU000000NEJOR           2016        M07                 3.8
JTU000000NEJOR           2016        M08                 3.7
JTU000000NEJOR           2016        M09                 3.7
JTU000000NEJOR           2016        M10                 3.7
JTU000000NEJOR           2016        M11                 3.3
JTU000000NEJOR           2016        M12                 3.3
JTU000000NEJOR           2017        M01                 3.5
JTU000000NEJOR           2017        M02                 3.8
JTU000000NEJOR           2017        M03                 3.6
JTU000000NEJOR           2017        M04                 4.1
JTU000000NEJOR           2017        M05                 3.8
JTU000000NEJOR           2017        M06                 3.6
JTU000000NEJOR           2017        M07                 4.1
JTU000000NEJOR           2017        M08                 4.1
JTU000000NEJOR           2017        M09                 3.9
JTU000000NEJOR           2017        M10                 3.7
JTU000000NEJOR           2017        M11                 3.4
JTU000000NEJOR           2017        M12                 3.3        p
JTU000000SOJOL           2000        M12                1318
JTU000000SOJOL           2001        M01                2034
JTU000000SOJOL           2001        M02                1711
JTU000000SOJOL           2001        M03                1592
JTU000000SOJOL           2001        M04                1803
JTU000000SOJOL           2001        M05                1557
JTU000000SOJOL           2001        M06                1465
JTU000000SOJOL           2001        M07                1730
JTU000000SOJOL           2001        M08                1432
JTU000000SOJOL           2001        M09                1424
JTU000000SOJOL           2001        M10                1431
JTU000000SOJOL           2001        M11                1197
JTU000000SOJOL           2001        M12                1150
JTU000000SOJOL           2002        M01                1465
JTU000000SOJOL           2002        M02                1194
JTU000000SOJOL           2002        M03                1300
JTU000000SOJOL           2002        M04                1389
JTU000000SOJOL           2002        M05                1382
JTU000000SOJOL           2002        M06                1218
JTU000000SOJOL           2002        M07                1292
JTU000000SOJOL           2002        M08                1291
JTU000000SOJOL           2002        M09                1241
JTU000000SOJOL           2002        M10                1361
JTU000000SOJOL           2002        M11                1163
JTU000000SOJOL           2002        M12                 980
JTU000000SOJOL           2003        M01                1370
JTU000000SOJOL           2003        M02                1189
JTU000000SOJOL           2003        M03                1101
JTU000000SOJOL           2003        M04                1345
JTU000000SOJOL           2003        M05                1219
JTU000000SOJOL           2003        M06                1161
JTU000000SOJOL           2003        M07                1350
JTU000000SOJOL           2003        M08                1182
JTU000000SOJOL           2003        M09                1188
JTU000000SOJOL           2003        M10                1328
JTU000000SOJOL           2003        M11                1161
JTU000000SOJOL           2003        M12                1186
JTU000000SOJOL           2004        M01                1472
JTU000000SOJOL           2004        M02                1329
JTU000000SOJOL           2004        M03                1328
JTU000000SOJOL           2004        M04                1566
JTU000000SOJOL           2004        M05                1373
JTU000000SOJOL           2004        M06                1307
JTU000000SOJOL           2004        M07                1677
JTU000000SOJOL           2004        M08                1431
JTU000000SOJOL           2004        M09                1407
JTU000000SOJOL           2004        M10                1570
JTU000000SOJOL           2004        M11                1162
JTU000000SOJOL           2004        M12                1261
JTU000000SOJOL           2005        M01                1521
JTU000000SOJOL           2005        M02                1453
JTU000000SOJOL           2005        M03                1522
JTU000000SOJOL           2005        M04                1808
JTU000000SOJOL           2005        M05                1511
JTU000000SOJOL           2005        M06                1452
JTU000000SOJOL           2005        M07                1842
JTU000000SOJOL           2005        M08                1512
JTU000000SOJOL           2005        M09                1611
JTU000000SOJOL           2005        M10                1713
JTU000000SOJOL           2005        M11                1580
JTU000000SOJOL           2005        M12                1542
JTU000000SOJOL           2006        M01                1708
JTU000000SOJOL           2006        M02                1603
JTU000000SOJOL           2006        M03                1783
JTU000000SOJOL           2006        M04                2034
JTU000000SOJOL           2006        M05                1784
JTU000000SOJOL           2006        M06                1683
JTU000000SOJOL           2006        M07                1783
JTU000000SOJOL           2006        M08                1724
JTU000000SOJOL           2006        M09                1699
JTU000000SOJOL           2006        M10                1884
JTU000000SOJOL           2006        M11                1569
JTU000000SOJOL           2006        M12                1604
JTU000000SOJOL           2007        M01                1879
JTU000000SOJOL           2007        M02                1739
JTU000000SOJOL           2007        M03                1896
JTU000000SOJOL           2007        M04                2139
JTU000000SOJOL           2007        M05                1882
JTU000000SOJOL           2007        M06                1718
JTU000000SOJOL           2007        M07                1817
JTU000000SOJOL           2007        M08                1810
JTU000000SOJOL           2007        M09                1760
JTU000000SOJOL           2007        M10                1748
JTU000000SOJOL           2007        M11                1569
JTU000000SOJOL           2007        M12                1494
JTU000000SOJOL           2008        M01                1730
JTU000000SOJOL           2008        M02                1562
JTU000000SOJOL           2008        M03                1511
JTU000000SOJOL           2008        M04                1682
JTU000000SOJOL           2008        M05                1569
JTU000000SOJOL           2008        M06                1511
JTU000000SOJOL           2008        M07                1611
JTU000000SOJOL           2008        M08                1394
JTU000000SOJOL           2008        M09                1251
JTU000000SOJOL           2008        M10                1369
JTU000000SOJOL           2008        M11                1099
JTU000000SOJOL           2008        M12                1011
JTU000000SOJOL           2009        M01                1106
JTU000000SOJOL           2009        M02                1034
JTU000000SOJOL           2009        M03                 936
JTU000000SOJOL           2009        M04                 979
JTU000000SOJOL           2009        M05                 864
JTU000000SOJOL           2009        M06                 838
JTU000000SOJOL           2009        M07                 882
JTU000000SOJOL           2009        M08                 855
JTU000000SOJOL           2009        M09                 883
JTU000000SOJOL           2009        M10                 902
JTU000000SOJOL           2009        M11                 779
JTU000000SOJOL           2009        M12                 824
JTU000000SOJOL           2010        M01                 995
JTU000000SOJOL           2010        M02                 823
JTU000000SOJOL           2010        M03                 929
JTU000000SOJOL           2010        M04                1173
JTU000000SOJOL           2010        M05                1031
JTU000000SOJOL           2010        M06                 948
JTU000000SOJOL           2010        M07                1099
JTU000000SOJOL           2010        M08                1017
JTU000000SOJOL           2010        M09                1049
JTU000000SOJOL           2010        M10                1202
JTU000000SOJOL           2010        M11                 908
JTU000000SOJOL           2010        M12                 944
JTU000000SOJOL           2011        M01                1099
JTU000000SOJOL           2011        M02                1072
JTU000000SOJOL           2011        M03                1058
JTU000000SOJOL           2011        M04                1197
JTU000000SOJOL           2011        M05                1093
JTU000000SOJOL           2011        M06                1091
JTU000000SOJOL           2011        M07                1342
JTU000000SOJOL           2011        M08                1142
JTU000000SOJOL           2011        M09                1343
JTU000000SOJOL           2011        M10                1378
JTU000000SOJOL           2011        M11                1141
JTU000000SOJOL           2011        M12                1295
JTU000000SOJOL           2012        M01                1629
JTU000000SOJOL           2012        M02                1348
JTU000000SOJOL           2012        M03                1472
JTU000000SOJOL           2012        M04                1528
JTU000000SOJOL           2012        M05                1485
JTU000000SOJOL           2012        M06                1450
JTU000000SOJOL           2012        M07                1494
JTU000000SOJOL           2012        M08                1442
JTU000000SOJOL           2012        M09                1282
JTU000000SOJOL           2012        M10                1523
JTU000000SOJOL           2012        M11                1218
JTU000000SOJOL           2012        M12                1229
JTU000000SOJOL           2013        M01                1561
JTU000000SOJOL           2013        M02                1499
JTU000000SOJOL           2013        M03                1492
JTU000000SOJOL           2013        M04                1642
JTU000000SOJOL           2013        M05                1491
JTU000000SOJOL           2013        M06                1556
JTU000000SOJOL           2013        M07                1633
JTU000000SOJOL           2013        M08                1461
JTU000000SOJOL           2013        M09                1504
JTU000000SOJOL           2013        M10                1590
JTU000000SOJOL           2013        M11                1298
JTU000000SOJOL           2013        M12                1289
JTU000000SOJOL           2014        M01                1494
JTU000000SOJOL           2014        M02                1585
JTU000000SOJOL           2014        M03                1627
JTU000000SOJOL           2014        M04                1829
JTU000000SOJOL           2014        M05                1732
JTU000000SOJOL           2014        M06                1745
JTU000000SOJOL           2014        M07                1797
JTU000000SOJOL           2014        M08                1963
JTU000000SOJOL           2014        M09                1781
JTU000000SOJOL           2014        M10                1983
JTU000000SOJOL           2014        M11                1672
JTU000000SOJOL           2014        M12                1760
JTU000000SOJOL           2015        M01                1945
JTU000000SOJOL           2015        M02                1842
JTU000000SOJOL           2015        M03                1870
JTU000000SOJOL           2015        M04                2275
JTU000000SOJOL           2015        M05                2060
JTU000000SOJOL           2015        M06                2013
JTU000000SOJOL           2015        M07                2439
JTU000000SOJOL           2015        M08                2157
JTU000000SOJOL           2015        M09                2033
JTU000000SOJOL           2015        M10                2213
JTU000000SOJOL           2015        M11                1982
JTU000000SOJOL           2015        M12                1912
JTU000000SOJOL           2016        M01                2172
JTU000000SOJOL           2016        M02                2111
JTU000000SOJOL           2016        M03                2264
JTU000000SOJOL           2016        M04                2271
JTU000000SOJOL           2016        M05                2033
JTU000000SOJOL           2016        M06                2086
JTU000000SOJOL           2016        M07                2289
JTU000000SOJOL           2016        M08                1931
JTU000000SOJOL           2016        M09                2065
JTU000000SOJOL           2016        M10                2078
JTU000000SOJOL           2016        M11                1933
JTU000000SOJOL           2016        M12                1873
JTU000000SOJOL           2017        M01                2031
JTU000000SOJOL           2017        M02                2019
JTU000000SOJOL           2017        M03                2183
JTU000000SOJOL           2017        M04                2353
JTU000000SOJOL           2017        M05                2023
JTU000000SOJOL           2017        M06                2239
JTU000000SOJOL           2017        M07                2378
JTU000000SOJOL           2017        M08                2089
JTU000000SOJOL           2017        M09                2171
JTU000000SOJOL           2017        M10                2126
JTU000000SOJOL           2017        M11                2035
JTU000000SOJOL           2017        M12                1872        p
JTU000000SOJOR           2000        M12                 2.7
JTU000000SOJOR           2001        M01                 4.2
JTU000000SOJOR           2001        M02                 3.6
JTU000000SOJOR           2001        M03                 3.3
JTU000000SOJOR           2001        M04                 3.7
JTU000000SOJOR           2001        M05                 3.2
JTU000000SOJOR           2001        M06                 3.0
JTU000000SOJOR           2001        M07                 3.6
JTU000000SOJOR           2001        M08                 3.0
JTU000000SOJOR           2001        M09                 3.0
JTU000000SOJOR           2001        M10                 3.0
JTU000000SOJOR           2001        M11                 2.5
JTU000000SOJOR           2001        M12                 2.4
JTU000000SOJOR           2002        M01                 3.1
JTU000000SOJOR           2002        M02                 2.6
JTU000000SOJOR           2002        M03                 2.8
JTU000000SOJOR           2002        M04                 2.9
JTU000000SOJOR           2002        M05                 2.9
JTU000000SOJOR           2002        M06                 2.5
JTU000000SOJOR           2002        M07                 2.7
JTU000000SOJOR           2002        M08                 2.7
JTU000000SOJOR           2002        M09                 2.6
JTU000000SOJOR           2002        M10                 2.8
JTU000000SOJOR           2002        M11                 2.4
JTU000000SOJOR           2002        M12                 2.1
JTU000000SOJOR           2003        M01                 2.9
JTU000000SOJOR           2003        M02                 2.5
JTU000000SOJOR           2003        M03                 2.4
JTU000000SOJOR           2003        M04                 2.8
JTU000000SOJOR           2003        M05                 2.6
JTU000000SOJOR           2003        M06                 2.4
JTU000000SOJOR           2003        M07                 2.8
JTU000000SOJOR           2003        M08                 2.5
JTU000000SOJOR           2003        M09                 2.5
JTU000000SOJOR           2003        M10                 2.8
JTU000000SOJOR           2003        M11                 2.4
JTU000000SOJOR           2003        M12                 2.5
JTU000000SOJOR           2004        M01                 3.1
JTU000000SOJOR           2004        M02                 2.8
JTU000000SOJOR           2004        M03                 2.8
JTU000000SOJOR           2004        M04                 3.2
JTU000000SOJOR           2004        M05                 2.8
JTU000000SOJOR           2004        M06                 2.7
JTU000000SOJOR           2004        M07                 3.4
JTU000000SOJOR           2004        M08                 3.0
JTU000000SOJOR           2004        M09                 2.9
JTU000000SOJOR           2004        M10                 3.2
JTU000000SOJOR           2004        M11                 2.4
JTU000000SOJOR           2004        M12                 2.6
JTU000000SOJOR           2005        M01                 3.2
JTU000000SOJOR           2005        M02                 3.0
JTU000000SOJOR           2005        M03                 3.1
JTU000000SOJOR           2005        M04                 3.6
JTU000000SOJOR           2005        M05                 3.0
JTU000000SOJOR           2005        M06                 2.9
JTU000000SOJOR           2005        M07                 3.7
JTU000000SOJOR           2005        M08                 3.0
JTU000000SOJOR           2005        M09                 3.2
JTU000000SOJOR           2005        M10                 3.4
JTU000000SOJOR           2005        M11                 3.1
JTU000000SOJOR           2005        M12                 3.1
JTU000000SOJOR           2006        M01                 3.5
JTU000000SOJOR           2006        M02                 3.2
JTU000000SOJOR           2006        M03                 3.5
JTU000000SOJOR           2006        M04                 4.0
JTU000000SOJOR           2006        M05                 3.5
JTU000000SOJOR           2006        M06                 3.3
JTU000000SOJOR           2006        M07                 3.5
JTU000000SOJOR           2006        M08                 3.4
JTU000000SOJOR           2006        M09                 3.3
JTU000000SOJOR           2006        M10                 3.6
JTU000000SOJOR           2006        M11                 3.0
JTU000000SOJOR           2006        M12                 3.1
JTU000000SOJOR           2007        M01                 3.7
JTU000000SOJOR           2007        M02                 3.4
JTU000000SOJOR           2007        M03                 3.7
JTU000000SOJOR           2007        M04                 4.1
JTU000000SOJOR           2007        M05                 3.6
JTU000000SOJOR           2007        M06                 3.3
JTU000000SOJOR           2007        M07                 3.5
JTU000000SOJOR           2007        M08                 3.5
JTU000000SOJOR           2007        M09                 3.4
JTU000000SOJOR           2007        M10                 3.4
JTU000000SOJOR           2007        M11                 3.0
JTU000000SOJOR           2007        M12                 2.9
JTU000000SOJOR           2008        M01                 3.4
JTU000000SOJOR           2008        M02                 3.1
JTU000000SOJOR           2008        M03                 3.0
JTU000000SOJOR           2008        M04                 3.3
JTU000000SOJOR           2008        M05                 3.0
JTU000000SOJOR           2008        M06                 2.9
JTU000000SOJOR           2008        M07                 3.1
JTU000000SOJOR           2008        M08                 2.7
JTU000000SOJOR           2008        M09                 2.5
JTU000000SOJOR           2008        M10                 2.7
JTU000000SOJOR           2008        M11                 2.2
JTU000000SOJOR           2008        M12                 2.0
JTU000000SOJOR           2009        M01                 2.3
JTU000000SOJOR           2009        M02                 2.1
JTU000000SOJOR           2009        M03                 1.9
JTU000000SOJOR           2009        M04                 2.0
JTU000000SOJOR           2009        M05                 1.8
JTU000000SOJOR           2009        M06                 1.7
JTU000000SOJOR           2009        M07                 1.8
JTU000000SOJOR           2009        M08                 1.8
JTU000000SOJOR           2009        M09                 1.8
JTU000000SOJOR           2009        M10                 1.9
JTU000000SOJOR           2009        M11                 1.6
JTU000000SOJOR           2009        M12                 1.7
JTU000000SOJOR           2010        M01                 2.1
JTU000000SOJOR           2010        M02                 1.7
JTU000000SOJOR           2010        M03                 1.9
JTU000000SOJOR           2010        M04                 2.4
JTU000000SOJOR           2010        M05                 2.1
JTU000000SOJOR           2010        M06                 1.9
JTU000000SOJOR           2010        M07                 2.3
JTU000000SOJOR           2010        M08                 2.1
JTU000000SOJOR           2010        M09                 2.2
JTU000000SOJOR           2010        M10                 2.5
JTU000000SOJOR           2010        M11                 1.9
JTU000000SOJOR           2010        M12                 1.9
JTU000000SOJOR           2011        M01                 2.3
JTU000000SOJOR           2011        M02                 2.2
JTU000000SOJOR           2011        M03                 2.2
JTU000000SOJOR           2011        M04                 2.4
JTU000000SOJOR           2011        M05                 2.2
JTU000000SOJOR           2011        M06                 2.2
JTU000000SOJOR           2011        M07                 2.7
JTU000000SOJOR           2011        M08                 2.3
JTU000000SOJOR           2011        M09                 2.7
JTU000000SOJOR           2011        M10                 2.8
JTU000000SOJOR           2011        M11                 2.3
JTU000000SOJOR           2011        M12                 2.6
JTU000000SOJOR           2012        M01                 3.3
JTU000000SOJOR           2012        M02                 2.7
JTU000000SOJOR           2012        M03                 3.0
JTU000000SOJOR           2012        M04                 3.1
JTU000000SOJOR           2012        M05                 2.9
JTU000000SOJOR           2012        M06                 2.9
JTU000000SOJOR           2012        M07                 3.0
JTU000000SOJOR           2012        M08                 2.9
JTU000000SOJOR           2012        M09                 2.6
JTU000000SOJOR           2012        M10                 3.0
JTU000000SOJOR           2012        M11                 2.4
JTU000000SOJOR           2012        M12                 2.4
JTU000000SOJOR           2013        M01                 3.1
JTU000000SOJOR           2013        M02                 3.0
JTU000000SOJOR           2013        M03                 3.0
JTU000000SOJOR           2013        M04                 3.2
JTU000000SOJOR           2013        M05                 2.9
JTU000000SOJOR           2013        M06                 3.0
JTU000000SOJOR           2013        M07                 3.2
JTU000000SOJOR           2013        M08                 2.9
JTU000000SOJOR           2013        M09                 2.9
JTU000000SOJOR           2013        M10                 3.1
JTU000000SOJOR           2013        M11                 2.5
JTU000000SOJOR           2013        M12                 2.5
JTU000000SOJOR           2014        M01                 2.9
JTU000000SOJOR           2014        M02                 3.1
JTU000000SOJOR           2014        M03                 3.2
JTU000000SOJOR           2014        M04                 3.5
JTU000000SOJOR           2014        M05                 3.3
JTU000000SOJOR           2014        M06                 3.3
JTU000000SOJOR           2014        M07                 3.4
JTU000000SOJOR           2014        M08                 3.7
JTU000000SOJOR           2014        M09                 3.4
JTU000000SOJOR           2014        M10                 3.7
JTU000000SOJOR           2014        M11                 3.1
JTU000000SOJOR           2014        M12                 3.3
JTU000000SOJOR           2015        M01                 3.7
JTU000000SOJOR           2015        M02                 3.5
JTU000000SOJOR           2015        M03                 3.5
JTU000000SOJOR           2015        M04                 4.2
JTU000000SOJOR           2015        M05                 3.8
JTU000000SOJOR           2015        M06                 3.7
JTU000000SOJOR           2015        M07                 4.5
JTU000000SOJOR           2015        M08                 4.0
JTU000000SOJOR           2015        M09                 3.8
JTU000000SOJOR           2015        M10                 4.1
JTU000000SOJOR           2015        M11                 3.6
JTU000000SOJOR           2015        M12                 3.5
JTU000000SOJOR           2016        M01                 4.1
JTU000000SOJOR           2016        M02                 3.9
JTU000000SOJOR           2016        M03                 4.2
JTU000000SOJOR           2016        M04                 4.2
JTU000000SOJOR           2016        M05                 3.7
JTU000000SOJOR           2016        M06                 3.8
JTU000000SOJOR           2016        M07                 4.2
JTU000000SOJOR           2016        M08                 3.5
JTU000000SOJOR           2016        M09                 3.8
JTU000000SOJOR           2016        M10                 3.8
JTU000000SOJOR           2016        M11                 3.5
JTU000000SOJOR           2016        M12                 3.4
JTU000000SOJOR           2017        M01                 3.7
JTU000000SOJOR           2017        M02                 3.7
JTU000000SOJOR           2017        M03                 4.0
JTU000000SOJOR           2017        M04                 4.2
JTU000000SOJOR           2017        M05                 3.6
JTU000000SOJOR           2017        M06                 4.0
JTU000000SOJOR           2017        M07                 4.3
JTU000000SOJOR           2017        M08                 3.8
JTU000000SOJOR           2017        M09                 3.9
JTU000000SOJOR           2017        M10                 3.8
JTU000000SOJOR           2017        M11                 3.6
JTU000000SOJOR           2017        M12                 3.3        p
JTU000000WEJOL           2000        M12                1148
JTU000000WEJOL           2001        M01                1319
JTU000000WEJOL           2001        M02                 983
JTU000000WEJOL           2001        M03                1036
JTU000000WEJOL           2001        M04                1131
JTU000000WEJOL           2001        M05                 957
JTU000000WEJOL           2001        M06                 926
JTU000000WEJOL           2001        M07                1114
JTU000000WEJOL           2001        M08                 851
JTU000000WEJOL           2001        M09                 829
JTU000000WEJOL           2001        M10                 867
JTU000000WEJOL           2001        M11                 728
JTU000000WEJOL           2001        M12                 619
JTU000000WEJOL           2002        M01                 913
JTU000000WEJOL           2002        M02                 694
JTU000000WEJOL           2002        M03                 730
JTU000000WEJOL           2002        M04                 863
JTU000000WEJOL           2002        M05                 816
JTU000000WEJOL           2002        M06                 754
JTU000000WEJOL           2002        M07                 817
JTU000000WEJOL           2002        M08                 802
JTU000000WEJOL           2002        M09                 719
JTU000000WEJOL           2002        M10                 892
JTU000000WEJOL           2002        M11                 723
JTU000000WEJOL           2002        M12                 663
JTU000000WEJOL           2003        M01                1082
JTU000000WEJOL           2003        M02                 781
JTU000000WEJOL           2003        M03                 724
JTU000000WEJOL           2003        M04                 807
JTU000000WEJOL           2003        M05                 726
JTU000000WEJOL           2003        M06                 847
JTU000000WEJOL           2003        M07                 797
JTU000000WEJOL           2003        M08                 776
JTU000000WEJOL           2003        M09                 686
JTU000000WEJOL           2003        M10                 740
JTU000000WEJOL           2003        M11                 588
JTU000000WEJOL           2003        M12                 637
JTU000000WEJOL           2004        M01                 775
JTU000000WEJOL           2004        M02                 676
JTU000000WEJOL           2004        M03                 681
JTU000000WEJOL           2004        M04                 797
JTU000000WEJOL           2004        M05                 893
JTU000000WEJOL           2004        M06                 832
JTU000000WEJOL           2004        M07                1018
JTU000000WEJOL           2004        M08                 849
JTU000000WEJOL           2004        M09                 885
JTU000000WEJOL           2004        M10                 942
JTU000000WEJOL           2004        M11                 710
JTU000000WEJOL           2004        M12                 830
JTU000000WEJOL           2005        M01                 854
JTU000000WEJOL           2005        M02                 861
JTU000000WEJOL           2005        M03                 858
JTU000000WEJOL           2005        M04                1084
JTU000000WEJOL           2005        M05                 917
JTU000000WEJOL           2005        M06                 972
JTU000000WEJOL           2005        M07                1034
JTU000000WEJOL           2005        M08                1021
JTU000000WEJOL           2005        M09                 957
JTU000000WEJOL           2005        M10                1033
JTU000000WEJOL           2005        M11                1026
JTU000000WEJOL           2005        M12                 959
JTU000000WEJOL           2006        M01                1103
JTU000000WEJOL           2006        M02                 990
JTU000000WEJOL           2006        M03                1087
JTU000000WEJOL           2006        M04                1220
JTU000000WEJOL           2006        M05                1079
JTU000000WEJOL           2006        M06                1047
JTU000000WEJOL           2006        M07                1025
JTU000000WEJOL           2006        M08                1104
JTU000000WEJOL           2006        M09                1074
JTU000000WEJOL           2006        M10                1098
JTU000000WEJOL           2006        M11                1059
JTU000000WEJOL           2006        M12                 948
JTU000000WEJOL           2007        M01                1200
JTU000000WEJOL           2007        M02                1047
JTU000000WEJOL           2007        M03                1105
JTU000000WEJOL           2007        M04                1228
JTU000000WEJOL           2007        M05                1112
JTU000000WEJOL           2007        M06                1203
JTU000000WEJOL           2007        M07                1183
JTU000000WEJOL           2007        M08                1144
JTU000000WEJOL           2007        M09                1167
JTU000000WEJOL           2007        M10                1121
JTU000000WEJOL           2007        M11                1011
JTU000000WEJOL           2007        M12                 987
JTU000000WEJOL           2008        M01                1060
JTU000000WEJOL           2008        M02                 958
JTU000000WEJOL           2008        M03                 963
JTU000000WEJOL           2008        M04                1023
JTU000000WEJOL           2008        M05                 980
JTU000000WEJOL           2008        M06                 827
JTU000000WEJOL           2008        M07                 937
JTU000000WEJOL           2008        M08                 836
JTU000000WEJOL           2008        M09                 706
JTU000000WEJOL           2008        M10                 693
JTU000000WEJOL           2008        M11                 640
JTU000000WEJOL           2008        M12                 497
JTU000000WEJOL           2009        M01                 636
JTU000000WEJOL           2009        M02                 564
JTU000000WEJOL           2009        M03                 526
JTU000000WEJOL           2009        M04                 556
JTU000000WEJOL           2009        M05                 585
JTU000000WEJOL           2009        M06                 570
JTU000000WEJOL           2009        M07                 504
JTU000000WEJOL           2009        M08                 531
JTU000000WEJOL           2009        M09                 549
JTU000000WEJOL           2009        M10                 613
JTU000000WEJOL           2009        M11                 498
JTU000000WEJOL           2009        M12                 487
JTU000000WEJOL           2010        M01                 700
JTU000000WEJOL           2010        M02                 630
JTU000000WEJOL           2010        M03                 645
JTU000000WEJOL           2010        M04                 865
JTU000000WEJOL           2010        M05                 704
JTU000000WEJOL           2010        M06                 605
JTU000000WEJOL           2010        M07                 742
JTU000000WEJOL           2010        M08                 674
JTU000000WEJOL           2010        M09                 643
JTU000000WEJOL           2010        M10                 750
JTU000000WEJOL           2010        M11                 716
JTU000000WEJOL           2010        M12                 646
JTU000000WEJOL           2011        M01                 695
JTU000000WEJOL           2011        M02                 713
JTU000000WEJOL           2011        M03                 756
JTU000000WEJOL           2011        M04                 828
JTU000000WEJOL           2011        M05                 741
JTU000000WEJOL           2011        M06                 834
JTU000000WEJOL           2011        M07                 861
JTU000000WEJOL           2011        M08                 722
JTU000000WEJOL           2011        M09                 789
JTU000000WEJOL           2011        M10                 868
JTU000000WEJOL           2011        M11                 646
JTU000000WEJOL           2011        M12                 610
JTU000000WEJOL           2012        M01                 740
JTU000000WEJOL           2012        M02                 661
JTU000000WEJOL           2012        M03                 752
JTU000000WEJOL           2012        M04                 810
JTU000000WEJOL           2012        M05                 774
JTU000000WEJOL           2012        M06                 865
JTU000000WEJOL           2012        M07                 820
JTU000000WEJOL           2012        M08                 772
JTU000000WEJOL           2012        M09                 776
JTU000000WEJOL           2012        M10                 820
JTU000000WEJOL           2012        M11                 714
JTU000000WEJOL           2012        M12                 680
JTU000000WEJOL           2013        M01                 815
JTU000000WEJOL           2013        M02                 858
JTU000000WEJOL           2013        M03                 847
JTU000000WEJOL           2013        M04                 939
JTU000000WEJOL           2013        M05                 840
JTU000000WEJOL           2013        M06                 824
JTU000000WEJOL           2013        M07                 924
JTU000000WEJOL           2013        M08                 900
JTU000000WEJOL           2013        M09                 876
JTU000000WEJOL           2013        M10                 970
JTU000000WEJOL           2013        M11                 848
JTU000000WEJOL           2013        M12                 774
JTU000000WEJOL           2014        M01                 961
JTU000000WEJOL           2014        M02                 935
JTU000000WEJOL           2014        M03                 924
JTU000000WEJOL           2014        M04                1078
JTU000000WEJOL           2014        M05                1045
JTU000000WEJOL           2014        M06                1090
JTU000000WEJOL           2014        M07                1131
JTU000000WEJOL           2014        M08                1162
JTU000000WEJOL           2014        M09                1044
JTU000000WEJOL           2014        M10                1267
JTU000000WEJOL           2014        M11                1035
JTU000000WEJOL           2014        M12                 955
JTU000000WEJOL           2015        M01                1206
JTU000000WEJOL           2015        M02                1173
JTU000000WEJOL           2015        M03                1218
JTU000000WEJOL           2015        M04                1442
JTU000000WEJOL           2015        M05                1292
JTU000000WEJOL           2015        M06                1179
JTU000000WEJOL           2015        M07                1392
JTU000000WEJOL           2015        M08                1235
JTU000000WEJOL           2015        M09                1223
JTU000000WEJOL           2015        M10                1260
JTU000000WEJOL           2015        M11                1060
JTU000000WEJOL           2015        M12                1146
JTU000000WEJOL           2016        M01                1381
JTU000000WEJOL           2016        M02                1260
JTU000000WEJOL           2016        M03                1349
JTU000000WEJOL           2016        M04                1439
JTU000000WEJOL           2016        M05                1286
JTU000000WEJOL           2016        M06                1293
JTU000000WEJOL           2016        M07                1501
JTU000000WEJOL           2016        M08                1374
JTU000000WEJOL           2016        M09                1310
JTU000000WEJOL           2016        M10                1429
JTU000000WEJOL           2016        M11                1282
JTU000000WEJOL           2016        M12                1158
JTU000000WEJOL           2017        M01                1282
JTU000000WEJOL           2017        M02                1189
JTU000000WEJOL           2017        M03                1212
JTU000000WEJOL           2017        M04                1326
JTU000000WEJOL           2017        M05                1290
JTU000000WEJOL           2017        M06                1374
JTU000000WEJOL           2017        M07                1470
JTU000000WEJOL           2017        M08                1387
JTU000000WEJOL           2017        M09                1327
JTU000000WEJOL           2017        M10                1434
JTU000000WEJOL           2017        M11                1273
JTU000000WEJOL           2017        M12                1239        p
JTU000000WEJOR           2000        M12                 3.8
JTU000000WEJOR           2001        M01                 4.4
JTU000000WEJOR           2001        M02                 3.3
JTU000000WEJOR           2001        M03                 3.5
JTU000000WEJOR           2001        M04                 3.8
JTU000000WEJOR           2001        M05                 3.2
JTU000000WEJOR           2001        M06                 3.1
JTU000000WEJOR           2001        M07                 3.7
JTU000000WEJOR           2001        M08                 2.9
JTU000000WEJOR           2001        M09                 2.8
JTU000000WEJOR           2001        M10                 2.9
JTU000000WEJOR           2001        M11                 2.5
JTU000000WEJOR           2001        M12                 2.1
JTU000000WEJOR           2002        M01                 3.2
JTU000000WEJOR           2002        M02                 2.4
JTU000000WEJOR           2002        M03                 2.5
JTU000000WEJOR           2002        M04                 2.9
JTU000000WEJOR           2002        M05                 2.8
JTU000000WEJOR           2002        M06                 2.6
JTU000000WEJOR           2002        M07                 2.8
JTU000000WEJOR           2002        M08                 2.7
JTU000000WEJOR           2002        M09                 2.5
JTU000000WEJOR           2002        M10                 3.0
JTU000000WEJOR           2002        M11                 2.5
JTU000000WEJOR           2002        M12                 2.3
JTU000000WEJOR           2003        M01                 3.7
JTU000000WEJOR           2003        M02                 2.7
JTU000000WEJOR           2003        M03                 2.5
JTU000000WEJOR           2003        M04                 2.8
JTU000000WEJOR           2003        M05                 2.5
JTU000000WEJOR           2003        M06                 2.9
JTU000000WEJOR           2003        M07                 2.7
JTU000000WEJOR           2003        M08                 2.6
JTU000000WEJOR           2003        M09                 2.3
JTU000000WEJOR           2003        M10                 2.5
JTU000000WEJOR           2003        M11                 2.0
JTU000000WEJOR           2003        M12                 2.2
JTU000000WEJOR           2004        M01                 2.7
JTU000000WEJOR           2004        M02                 2.3
JTU000000WEJOR           2004        M03                 2.3
JTU000000WEJOR           2004        M04                 2.7
JTU000000WEJOR           2004        M05                 3.0
JTU000000WEJOR           2004        M06                 2.7
JTU000000WEJOR           2004        M07                 3.4
JTU000000WEJOR           2004        M08                 2.8
JTU000000WEJOR           2004        M09                 2.9
JTU000000WEJOR           2004        M10                 3.1
JTU000000WEJOR           2004        M11                 2.3
JTU000000WEJOR           2004        M12                 2.7
JTU000000WEJOR           2005        M01                 2.9
JTU000000WEJOR           2005        M02                 2.9
JTU000000WEJOR           2005        M03                 2.8
JTU000000WEJOR           2005        M04                 3.5
JTU000000WEJOR           2005        M05                 3.0
JTU000000WEJOR           2005        M06                 3.1
JTU000000WEJOR           2005        M07                 3.3
JTU000000WEJOR           2005        M08                 3.3
JTU000000WEJOR           2005        M09                 3.1
JTU000000WEJOR           2005        M10                 3.3
JTU000000WEJOR           2005        M11                 3.3
JTU000000WEJOR           2005        M12                 3.1
JTU000000WEJOR           2006        M01                 3.6
JTU000000WEJOR           2006        M02                 3.2
JTU000000WEJOR           2006        M03                 3.5
JTU000000WEJOR           2006        M04                 3.8
JTU000000WEJOR           2006        M05                 3.4
JTU000000WEJOR           2006        M06                 3.3
JTU000000WEJOR           2006        M07                 3.2
JTU000000WEJOR           2006        M08                 3.5
JTU000000WEJOR           2006        M09                 3.4
JTU000000WEJOR           2006        M10                 3.4
JTU000000WEJOR           2006        M11                 3.3
JTU000000WEJOR           2006        M12                 3.0
JTU000000WEJOR           2007        M01                 3.8
JTU000000WEJOR           2007        M02                 3.3
JTU000000WEJOR           2007        M03                 3.5
JTU000000WEJOR           2007        M04                 3.8
JTU000000WEJOR           2007        M05                 3.4
JTU000000WEJOR           2007        M06                 3.7
JTU000000WEJOR           2007        M07                 3.7
JTU000000WEJOR           2007        M08                 3.6
JTU000000WEJOR           2007        M09                 3.6
JTU000000WEJOR           2007        M10                 3.5
JTU000000WEJOR           2007        M11                 3.1
JTU000000WEJOR           2007        M12                 3.1
JTU000000WEJOR           2008        M01                 3.4
JTU000000WEJOR           2008        M02                 3.0
JTU000000WEJOR           2008        M03                 3.0
JTU000000WEJOR           2008        M04                 3.2
JTU000000WEJOR           2008        M05                 3.1
JTU000000WEJOR           2008        M06                 2.6
JTU000000WEJOR           2008        M07                 3.0
JTU000000WEJOR           2008        M08                 2.7
JTU000000WEJOR           2008        M09                 2.3
JTU000000WEJOR           2008        M10                 2.2
JTU000000WEJOR           2008        M11                 2.1
JTU000000WEJOR           2008        M12                 1.6
JTU000000WEJOR           2009        M01                 2.1
JTU000000WEJOR           2009        M02                 1.9
JTU000000WEJOR           2009        M03                 1.8
JTU000000WEJOR           2009        M04                 1.9
JTU000000WEJOR           2009        M05                 2.0
JTU000000WEJOR           2009        M06                 1.9
JTU000000WEJOR           2009        M07                 1.7
JTU000000WEJOR           2009        M08                 1.8
JTU000000WEJOR           2009        M09                 1.9
JTU000000WEJOR           2009        M10                 2.1
JTU000000WEJOR           2009        M11                 1.7
JTU000000WEJOR           2009        M12                 1.7
JTU000000WEJOR           2010        M01                 2.4
JTU000000WEJOR           2010        M02                 2.2
JTU000000WEJOR           2010        M03                 2.2
JTU000000WEJOR           2010        M04                 2.9
JTU000000WEJOR           2010        M05                 2.4
JTU000000WEJOR           2010        M06                 2.1
JTU000000WEJOR           2010        M07                 2.5
JTU000000WEJOR           2010        M08                 2.3
JTU000000WEJOR           2010        M09                 2.2
JTU000000WEJOR           2010        M10                 2.5
JTU000000WEJOR           2010        M11                 2.4
JTU000000WEJOR           2010        M12                 2.2
JTU000000WEJOR           2011        M01                 2.4
JTU000000WEJOR           2011        M02                 2.4
JTU000000WEJOR           2011        M03                 2.6
JTU000000WEJOR           2011        M04                 2.8
JTU000000WEJOR           2011        M05                 2.5
JTU000000WEJOR           2011        M06                 2.8
JTU000000WEJOR           2011        M07                 2.9
JTU000000WEJOR           2011        M08                 2.4
JTU000000WEJOR           2011        M09                 2.6
JTU000000WEJOR           2011        M10                 2.9
JTU000000WEJOR           2011        M11                 2.2
JTU000000WEJOR           2011        M12                 2.0
JTU000000WEJOR           2012        M01                 2.5
JTU000000WEJOR           2012        M02                 2.2
JTU000000WEJOR           2012        M03                 2.5
JTU000000WEJOR           2012        M04                 2.6
JTU000000WEJOR           2012        M05                 2.5
JTU000000WEJOR           2012        M06                 2.8
JTU000000WEJOR           2012        M07                 2.7
JTU000000WEJOR           2012        M08                 2.5
JTU000000WEJOR           2012        M09                 2.5
JTU000000WEJOR           2012        M10                 2.6
JTU000000WEJOR           2012        M11                 2.3
JTU000000WEJOR           2012        M12                 2.2
JTU000000WEJOR           2013        M01                 2.7
JTU000000WEJOR           2013        M02                 2.8
JTU000000WEJOR           2013        M03                 2.7
JTU000000WEJOR           2013        M04                 3.0
JTU000000WEJOR           2013        M05                 2.6
JTU000000WEJOR           2013        M06                 2.6
JTU000000WEJOR           2013        M07                 2.9
JTU000000WEJOR           2013        M08                 2.8
JTU000000WEJOR           2013        M09                 2.7
JTU000000WEJOR           2013        M10                 3.0
JTU000000WEJOR           2013        M11                 2.6
JTU000000WEJOR           2013        M12                 2.4
JTU000000WEJOR           2014        M01                 3.0
JTU000000WEJOR           2014        M02                 3.0
JTU000000WEJOR           2014        M03                 2.9
JTU000000WEJOR           2014        M04                 3.3
JTU000000WEJOR           2014        M05                 3.2
JTU000000WEJOR           2014        M06                 3.3
JTU000000WEJOR           2014        M07                 3.5
JTU000000WEJOR           2014        M08                 3.5
JTU000000WEJOR           2014        M09                 3.2
JTU000000WEJOR           2014        M10                 3.8
JTU000000WEJOR           2014        M11                 3.1
JTU000000WEJOR           2014        M12                 2.9
JTU000000WEJOR           2015        M01                 3.7
JTU000000WEJOR           2015        M02                 3.6
JTU000000WEJOR           2015        M03                 3.7
JTU000000WEJOR           2015        M04                 4.3
JTU000000WEJOR           2015        M05                 3.8
JTU000000WEJOR           2015        M06                 3.5
JTU000000WEJOR           2015        M07                 4.1
JTU000000WEJOR           2015        M08                 3.7
JTU000000WEJOR           2015        M09                 3.6
JTU000000WEJOR           2015        M10                 3.7
JTU000000WEJOR           2015        M11                 3.1
JTU000000WEJOR           2015        M12                 3.4
JTU000000WEJOR           2016        M01                 4.1
JTU000000WEJOR           2016        M02                 3.7
JTU000000WEJOR           2016        M03                 4.0
JTU000000WEJOR           2016        M04                 4.2
JTU000000WEJOR           2016        M05                 3.7
JTU000000WEJOR           2016        M06                 3.7
JTU000000WEJOR           2016        M07                 4.4
JTU000000WEJOR           2016        M08                 4.0
JTU000000WEJOR           2016        M09                 3.8
JTU000000WEJOR           2016        M10                 4.1
JTU000000WEJOR           2016        M11                 3.7
JTU000000WEJOR           2016        M12                 3.4
JTU000000WEJOR           2017        M01                 3.8
JTU000000WEJOR           2017        M02                 3.5
JTU000000WEJOR           2017        M03                 3.5
JTU000000WEJOR           2017        M04                 3.8
JTU000000WEJOR           2017        M05                 3.7
JTU000000WEJOR           2017        M06                 3.9
JTU000000WEJOR           2017        M07                 4.2
JTU000000WEJOR           2017        M08                 4.0
JTU000000WEJOR           2017        M09                 3.8
JTU000000WEJOR           2017        M10                 4.1
JTU000000WEJOR           2017        M11                 3.6
JTU000000WEJOR           2017        M12                 3.5        p
JTU10000000JOL           2000        M12                3937
JTU10000000JOL           2001        M01                5090
JTU10000000JOL           2001        M02                4041
JTU10000000JOL           2001        M03                3998
JTU10000000JOL           2001        M04                4759
JTU10000000JOL           2001        M05                3980
JTU10000000JOL           2001        M06                3604
JTU10000000JOL           2001        M07                4259
JTU10000000JOL           2001        M08                3657
JTU10000000JOL           2001        M09                3605
JTU10000000JOL           2001        M10                3450
JTU10000000JOL           2001        M11                2710
JTU10000000JOL           2001        M12                2687
JTU10000000JOL           2002        M01                3572
JTU10000000JOL           2002        M02                2749
JTU10000000JOL           2002        M03                3032
JTU10000000JOL           2002        M04                3374
JTU10000000JOL           2002        M05                3072
JTU10000000JOL           2002        M06                2821
JTU10000000JOL           2002        M07                3233
JTU10000000JOL           2002        M08                3030
JTU10000000JOL           2002        M09                2932
JTU10000000JOL           2002        M10                3433
JTU10000000JOL           2002        M11                2759
JTU10000000JOL           2002        M12                2302
JTU10000000JOL           2003        M01                3573
JTU10000000JOL           2003        M02                2832
JTU10000000JOL           2003        M03                2624
JTU10000000JOL           2003        M04                3269
JTU10000000JOL           2003        M05                2854
JTU10000000JOL           2003        M06                2794
JTU10000000JOL           2003        M07                3138
JTU10000000JOL           2003        M08                2966
JTU10000000JOL           2003        M09                2771
JTU10000000JOL           2003        M10                3131
JTU10000000JOL           2003        M11                2622
JTU10000000JOL           2003        M12                2615
JTU10000000JOL           2004        M01                3293
JTU10000000JOL           2004        M02                2909
JTU10000000JOL           2004        M03                2955
JTU10000000JOL           2004        M04                3553
JTU10000000JOL           2004        M05                3255
JTU10000000JOL           2004        M06                2955
JTU10000000JOL           2004        M07                3819
JTU10000000JOL           2004        M08                3297
JTU10000000JOL           2004        M09                3375
JTU10000000JOL           2004        M10                3684
JTU10000000JOL           2004        M11                2662
JTU10000000JOL           2004        M12                2984
JTU10000000JOL           2005        M01                3481
JTU10000000JOL           2005        M02                3330
JTU10000000JOL           2005        M03                3414
JTU10000000JOL           2005        M04                4161
JTU10000000JOL           2005        M05                3482
JTU10000000JOL           2005        M06                3509
JTU10000000JOL           2005        M07                4129
JTU10000000JOL           2005        M08                3695
JTU10000000JOL           2005        M09                3811
JTU10000000JOL           2005        M10                4157
JTU10000000JOL           2005        M11                3638
JTU10000000JOL           2005        M12                3388
JTU10000000JOL           2006        M01                4060
JTU10000000JOL           2006        M02                3682
JTU10000000JOL           2006        M03                3994
JTU10000000JOL           2006        M04                4537
JTU10000000JOL           2006        M05                3958
JTU10000000JOL           2006        M06                3805
JTU10000000JOL           2006        M07                3857
JTU10000000JOL           2006        M08                4085
JTU10000000JOL           2006        M09                4035
JTU10000000JOL           2006        M10                4292
JTU10000000JOL           2006        M11                3696
JTU10000000JOL           2006        M12                3611
JTU10000000JOL           2007        M01                4302
JTU10000000JOL           2007        M02                3879
JTU10000000JOL           2007        M03                4142
JTU10000000JOL           2007        M04                4625
JTU10000000JOL           2007        M05                4113
JTU10000000JOL           2007        M06                4057
JTU10000000JOL           2007        M07                4244
JTU10000000JOL           2007        M08                4094
JTU10000000JOL           2007        M09                4064
JTU10000000JOL           2007        M10                4070
JTU10000000JOL           2007        M11                3525
JTU10000000JOL           2007        M12                3463
JTU10000000JOL           2008        M01                3982
JTU10000000JOL           2008        M02                3462
JTU10000000JOL           2008        M03                3508
JTU10000000JOL           2008        M04                3922
JTU10000000JOL           2008        M05                3486
JTU10000000JOL           2008        M06                3260
JTU10000000JOL           2008        M07                3602
JTU10000000JOL           2008        M08                3266
JTU10000000JOL           2008        M09                2869
JTU10000000JOL           2008        M10                3073
JTU10000000JOL           2008        M11                2414
JTU10000000JOL           2008        M12                2296
JTU10000000JOL           2009        M01                2507
JTU10000000JOL           2009        M02                2298
JTU10000000JOL           2009        M03                2079
JTU10000000JOL           2009        M04                2156
JTU10000000JOL           2009        M05                2127
JTU10000000JOL           2009        M06                2056
JTU10000000JOL           2009        M07                2078
JTU10000000JOL           2009        M08                2022
JTU10000000JOL           2009        M09                2225
JTU10000000JOL           2009        M10                2154
JTU10000000JOL           2009        M11                1831
JTU10000000JOL           2009        M12                1837
JTU10000000JOL           2010        M01                2374
JTU10000000JOL           2010        M02                2099
JTU10000000JOL           2010        M03                2205
JTU10000000JOL           2010        M04                2763
JTU10000000JOL           2010        M05                2507
JTU10000000JOL           2010        M06                2332
JTU10000000JOL           2010        M07                2798
JTU10000000JOL           2010        M08                2617
JTU10000000JOL           2010        M09                2482
JTU10000000JOL           2010        M10                2850
JTU10000000JOL           2010        M11                2418
JTU10000000JOL           2010        M12                2177
JTU10000000JOL           2011        M01                2725
JTU10000000JOL           2011        M02                2615
JTU10000000JOL           2011        M03                2760
JTU10000000JOL           2011        M04                3151
JTU10000000JOL           2011        M05                2817
JTU10000000JOL           2011        M06                2853
JTU10000000JOL           2011        M07                3314
JTU10000000JOL           2011        M08                2891
JTU10000000JOL           2011        M09                3123
JTU10000000JOL           2011        M10                3236
JTU10000000JOL           2011        M11                2610
JTU10000000JOL           2011        M12                2715
JTU10000000JOL           2012        M01                3441
JTU10000000JOL           2012        M02                2967
JTU10000000JOL           2012        M03                3402
JTU10000000JOL           2012        M04                3519
JTU10000000JOL           2012        M05                3320
JTU10000000JOL           2012        M06                3384
JTU10000000JOL           2012        M07                3506
JTU10000000JOL           2012        M08                3311
JTU10000000JOL           2012        M09                3183
JTU10000000JOL           2012        M10                3529
JTU10000000JOL           2012        M11                2967
JTU10000000JOL           2012        M12                2851
JTU10000000JOL           2013        M01                3410
JTU10000000JOL           2013        M02                3382
JTU10000000JOL           2013        M03                3474
JTU10000000JOL           2013        M04                3775
JTU10000000JOL           2013        M05                3450
JTU10000000JOL           2013        M06                3503
JTU10000000JOL           2013        M07                3714
JTU10000000JOL           2013        M08                3633
JTU10000000JOL           2013        M09                3606
JTU10000000JOL           2013        M10                3922
JTU10000000JOL           2013        M11                3262
JTU10000000JOL           2013        M12                3053
JTU10000000JOL           2014        M01                3604
JTU10000000JOL           2014        M02                3561
JTU10000000JOL           2014        M03                3719
JTU10000000JOL           2014        M04                4400
JTU10000000JOL           2014        M05                4149
JTU10000000JOL           2014        M06                4119
JTU10000000JOL           2014        M07                4399
JTU10000000JOL           2014        M08                4616
JTU10000000JOL           2014        M09                4178
JTU10000000JOL           2014        M10                4729
JTU10000000JOL           2014        M11                4020
JTU10000000JOL           2014        M12                3952
JTU10000000JOL           2015        M01                4578
JTU10000000JOL           2015        M02                4441
JTU10000000JOL           2015        M03                4603
JTU10000000JOL           2015        M04                5432
JTU10000000JOL           2015        M05                4883
JTU10000000JOL           2015        M06                4652
JTU10000000JOL           2015        M07                5607
JTU10000000JOL           2015        M08                5006
JTU10000000JOL           2015        M09                4964
JTU10000000JOL           2015        M10                5265
JTU10000000JOL           2015        M11                4517
JTU10000000JOL           2015        M12                4478
JTU10000000JOL           2016        M01                5203
JTU10000000JOL           2016        M02                4957
JTU10000000JOL           2016        M03                5329
JTU10000000JOL           2016        M04                5435
JTU10000000JOL           2016        M05                5050
JTU10000000JOL           2016        M06                4891
JTU10000000JOL           2016        M07                5654
JTU10000000JOL           2016        M08                5039
JTU10000000JOL           2016        M09                5150
JTU10000000JOL           2016        M10                5375
JTU10000000JOL           2016        M11                4815
JTU10000000JOL           2016        M12                4658
JTU10000000JOL           2017        M01                5086
JTU10000000JOL           2017        M02                5017
JTU10000000JOL           2017        M03                5198
JTU10000000JOL           2017        M04                5761
JTU10000000JOL           2017        M05                5168
JTU10000000JOL           2017        M06                5470
JTU10000000JOL           2017        M07                5873
JTU10000000JOL           2017        M08                5673
JTU10000000JOL           2017        M09                5712
JTU10000000JOL           2017        M10                5668
JTU10000000JOL           2017        M11                5250
JTU10000000JOL           2017        M12                4857        p
JTU10000000JOR           2000        M12                 3.4
JTU10000000JOR           2001        M01                 4.4
JTU10000000JOR           2001        M02                 3.5
JTU10000000JOR           2001        M03                 3.5
JTU10000000JOR           2001        M04                 4.1
JTU10000000JOR           2001        M05                 3.4
JTU10000000JOR           2001        M06                 3.1
JTU10000000JOR           2001        M07                 3.7
JTU10000000JOR           2001        M08                 3.2
JTU10000000JOR           2001        M09                 3.1
JTU10000000JOR           2001        M10                 3.0
JTU10000000JOR           2001        M11                 2.4
JTU10000000JOR           2001        M12                 2.4
JTU10000000JOR           2002        M01                 3.2
JTU10000000JOR           2002        M02                 2.5
JTU10000000JOR           2002        M03                 2.7
JTU10000000JOR           2002        M04                 3.0
JTU10000000JOR           2002        M05                 2.7
JTU10000000JOR           2002        M06                 2.5
JTU10000000JOR           2002        M07                 2.9
JTU10000000JOR           2002        M08                 2.7
JTU10000000JOR           2002        M09                 2.6
JTU10000000JOR           2002        M10                 3.0
JTU10000000JOR           2002        M11                 2.5
JTU10000000JOR           2002        M12                 2.1
JTU10000000JOR           2003        M01                 3.2
JTU10000000JOR           2003        M02                 2.6
JTU10000000JOR           2003        M03                 2.4
JTU10000000JOR           2003        M04                 2.9
JTU10000000JOR           2003        M05                 2.6
JTU10000000JOR           2003        M06                 2.5
JTU10000000JOR           2003        M07                 2.8
JTU10000000JOR           2003        M08                 2.6
JTU10000000JOR           2003        M09                 2.5
JTU10000000JOR           2003        M10                 2.8
JTU10000000JOR           2003        M11                 2.3
JTU10000000JOR           2003        M12                 2.3
JTU10000000JOR           2004        M01                 3.0
JTU10000000JOR           2004        M02                 2.6
JTU10000000JOR           2004        M03                 2.7
JTU10000000JOR           2004        M04                 3.1
JTU10000000JOR           2004        M05                 2.9
JTU10000000JOR           2004        M06                 2.6
JTU10000000JOR           2004        M07                 3.3
JTU10000000JOR           2004        M08                 2.9
JTU10000000JOR           2004        M09                 3.0
JTU10000000JOR           2004        M10                 3.2
JTU10000000JOR           2004        M11                 2.3
JTU10000000JOR           2004        M12                 2.6
JTU10000000JOR           2005        M01                 3.1
JTU10000000JOR           2005        M02                 3.0
JTU10000000JOR           2005        M03                 3.0
JTU10000000JOR           2005        M04                 3.6
JTU10000000JOR           2005        M05                 3.0
JTU10000000JOR           2005        M06                 3.0
JTU10000000JOR           2005        M07                 3.5
JTU10000000JOR           2005        M08                 3.2
JTU10000000JOR           2005        M09                 3.3
JTU10000000JOR           2005        M10                 3.5
JTU10000000JOR           2005        M11                 3.1
JTU10000000JOR           2005        M12                 2.9
JTU10000000JOR           2006        M01                 3.5
JTU10000000JOR           2006        M02                 3.2
JTU10000000JOR           2006        M03                 3.4
JTU10000000JOR           2006        M04                 3.8
JTU10000000JOR           2006        M05                 3.3
JTU10000000JOR           2006        M06                 3.2
JTU10000000JOR           2006        M07                 3.2
JTU10000000JOR           2006        M08                 3.4
JTU10000000JOR           2006        M09                 3.4
JTU10000000JOR           2006        M10                 3.6
JTU10000000JOR           2006        M11                 3.1
JTU10000000JOR           2006        M12                 3.0
JTU10000000JOR           2007        M01                 3.7
JTU10000000JOR           2007        M02                 3.3
JTU10000000JOR           2007        M03                 3.5
JTU10000000JOR           2007        M04                 3.9
JTU10000000JOR           2007        M05                 3.4
JTU10000000JOR           2007        M06                 3.4
JTU10000000JOR           2007        M07                 3.5
JTU10000000JOR           2007        M08                 3.4
JTU10000000JOR           2007        M09                 3.4
JTU10000000JOR           2007        M10                 3.4
JTU10000000JOR           2007        M11                 2.9
JTU10000000JOR           2007        M12                 2.9
JTU10000000JOR           2008        M01                 3.4
JTU10000000JOR           2008        M02                 2.9
JTU10000000JOR           2008        M03                 3.0
JTU10000000JOR           2008        M04                 3.3
JTU10000000JOR           2008        M05                 2.9
JTU10000000JOR           2008        M06                 2.7
JTU10000000JOR           2008        M07                 3.0
JTU10000000JOR           2008        M08                 2.7
JTU10000000JOR           2008        M09                 2.4
JTU10000000JOR           2008        M10                 2.6
JTU10000000JOR           2008        M11                 2.1
JTU10000000JOR           2008        M12                 2.0
JTU10000000JOR           2009        M01                 2.2
JTU10000000JOR           2009        M02                 2.1
JTU10000000JOR           2009        M03                 1.9
JTU10000000JOR           2009        M04                 1.9
JTU10000000JOR           2009        M05                 1.9
JTU10000000JOR           2009        M06                 1.8
JTU10000000JOR           2009        M07                 1.9
JTU10000000JOR           2009        M08                 1.8
JTU10000000JOR           2009        M09                 2.0
JTU10000000JOR           2009        M10                 2.0
JTU10000000JOR           2009        M11                 1.7
JTU10000000JOR           2009        M12                 1.7
JTU10000000JOR           2010        M01                 2.2
JTU10000000JOR           2010        M02                 2.0
JTU10000000JOR           2010        M03                 2.0
JTU10000000JOR           2010        M04                 2.5
JTU10000000JOR           2010        M05                 2.3
JTU10000000JOR           2010        M06                 2.1
JTU10000000JOR           2010        M07                 2.5
JTU10000000JOR           2010        M08                 2.3
JTU10000000JOR           2010        M09                 2.2
JTU10000000JOR           2010        M10                 2.5
JTU10000000JOR           2010        M11                 2.2
JTU10000000JOR           2010        M12                 2.0
JTU10000000JOR           2011        M01                 2.5
JTU10000000JOR           2011        M02                 2.4
JTU10000000JOR           2011        M03                 2.5
JTU10000000JOR           2011        M04                 2.8
JTU10000000JOR           2011        M05                 2.5
JTU10000000JOR           2011        M06                 2.5
JTU10000000JOR           2011        M07                 2.9
JTU10000000JOR           2011        M08                 2.5
JTU10000000JOR           2011        M09                 2.7
JTU10000000JOR           2011        M10                 2.8
JTU10000000JOR           2011        M11                 2.3
JTU10000000JOR           2011        M12                 2.4
JTU10000000JOR           2012        M01                 3.1
JTU10000000JOR           2012        M02                 2.6
JTU10000000JOR           2012        M03                 3.0
JTU10000000JOR           2012        M04                 3.1
JTU10000000JOR           2012        M05                 2.9
JTU10000000JOR           2012        M06                 2.9
JTU10000000JOR           2012        M07                 3.0
JTU10000000JOR           2012        M08                 2.8
JTU10000000JOR           2012        M09                 2.7
JTU10000000JOR           2012        M10                 3.0
JTU10000000JOR           2012        M11                 2.5
JTU10000000JOR           2012        M12                 2.4
JTU10000000JOR           2013        M01                 3.0
JTU10000000JOR           2013        M02                 2.9
JTU10000000JOR           2013        M03                 3.0
JTU10000000JOR           2013        M04                 3.2
JTU10000000JOR           2013        M05                 2.9
JTU10000000JOR           2013        M06                 2.9
JTU10000000JOR           2013        M07                 3.1
JTU10000000JOR           2013        M08                 3.0
JTU10000000JOR           2013        M09                 3.0
JTU10000000JOR           2013        M10                 3.3
JTU10000000JOR           2013        M11                 2.7
JTU10000000JOR           2013        M12                 2.6
JTU10000000JOR           2014        M01                 3.1
JTU10000000JOR           2014        M02                 3.0
JTU10000000JOR           2014        M03                 3.1
JTU10000000JOR           2014        M04                 3.7
JTU10000000JOR           2014        M05                 3.4
JTU10000000JOR           2014        M06                 3.4
JTU10000000JOR           2014        M07                 3.6
JTU10000000JOR           2014        M08                 3.8
JTU10000000JOR           2014        M09                 3.4
JTU10000000JOR           2014        M10                 3.8
JTU10000000JOR           2014        M11                 3.3
JTU10000000JOR           2014        M12                 3.2
JTU10000000JOR           2015        M01                 3.8
JTU10000000JOR           2015        M02                 3.7
JTU10000000JOR           2015        M03                 3.8
JTU10000000JOR           2015        M04                 4.4
JTU10000000JOR           2015        M05                 3.9
JTU10000000JOR           2015        M06                 3.7
JTU10000000JOR           2015        M07                 4.4
JTU10000000JOR           2015        M08                 4.0
JTU10000000JOR           2015        M09                 4.0
JTU10000000JOR           2015        M10                 4.2
JTU10000000JOR           2015        M11                 3.6
JTU10000000JOR           2015        M12                 3.6
JTU10000000JOR           2016        M01                 4.2
JTU10000000JOR           2016        M02                 4.0
JTU10000000JOR           2016        M03                 4.2
JTU10000000JOR           2016        M04                 4.3
JTU10000000JOR           2016        M05                 4.0
JTU10000000JOR           2016        M06                 3.8
JTU10000000JOR           2016        M07                 4.4
JTU10000000JOR           2016        M08                 3.9
JTU10000000JOR           2016        M09                 4.0
JTU10000000JOR           2016        M10                 4.2
JTU10000000JOR           2016        M11                 3.7
JTU10000000JOR           2016        M12                 3.6
JTU10000000JOR           2017        M01                 4.0
JTU10000000JOR           2017        M02                 4.0
JTU10000000JOR           2017        M03                 4.1
JTU10000000JOR           2017        M04                 4.5
JTU10000000JOR           2017        M05                 4.0
JTU10000000JOR           2017        M06                 4.2
JTU10000000JOR           2017        M07                 4.5
JTU10000000JOR           2017        M08                 4.3
JTU10000000JOR           2017        M09                 4.4
JTU10000000JOR           2017        M10                 4.3
JTU10000000JOR           2017        M11                 4.0
JTU10000000JOR           2017        M12                 3.7        p
JTU11009900JOL           2000        M12                   6
JTU11009900JOL           2001        M01                  11
JTU11009900JOL           2001        M02                   7
JTU11009900JOL           2001        M03                  18
JTU11009900JOL           2001        M04                  22
JTU11009900JOL           2001        M05                   7
JTU11009900JOL           2001        M06                  17
JTU11009900JOL           2001        M07                  17
JTU11009900JOL           2001        M08                  18
JTU11009900JOL           2001        M09                  11
JTU11009900JOL           2001        M10                  17
JTU11009900JOL           2001        M11                   5
JTU11009900JOL           2001        M12                  12
JTU11009900JOL           2002        M01                  16
JTU11009900JOL           2002        M02                  16
JTU11009900JOL           2002        M03                   4
JTU11009900JOL           2002        M04                   8
JTU11009900JOL           2002        M05                   4
JTU11009900JOL           2002        M06                   8
JTU11009900JOL           2002        M07                   6
JTU11009900JOL           2002        M08                  10
JTU11009900JOL           2002        M09                   6
JTU11009900JOL           2002        M10                   9
JTU11009900JOL           2002        M11                   6
JTU11009900JOL           2002        M12                   3
JTU11009900JOL           2003        M01                   5
JTU11009900JOL           2003        M02                   6
JTU11009900JOL           2003        M03                   4
JTU11009900JOL           2003        M04                   5
JTU11009900JOL           2003        M05                   6
JTU11009900JOL           2003        M06                   8
JTU11009900JOL           2003        M07                   9
JTU11009900JOL           2003        M08                   8
JTU11009900JOL           2003        M09                   7
JTU11009900JOL           2003        M10                   8
JTU11009900JOL           2003        M11                   8
JTU11009900JOL           2003        M12                   9
JTU11009900JOL           2004        M01                  12
JTU11009900JOL           2004        M02                   5
JTU11009900JOL           2004        M03                   9
JTU11009900JOL           2004        M04                   7
JTU11009900JOL           2004        M05                   7
JTU11009900JOL           2004        M06                  11
JTU11009900JOL           2004        M07                  12
JTU11009900JOL           2004        M08                   8
JTU11009900JOL           2004        M09                   9
JTU11009900JOL           2004        M10                   9
JTU11009900JOL           2004        M11                   9
JTU11009900JOL           2004        M12                  11
JTU11009900JOL           2005        M01                  13
JTU11009900JOL           2005        M02                  10
JTU11009900JOL           2005        M03                  16
JTU11009900JOL           2005        M04                  11
JTU11009900JOL           2005        M05                  11
JTU11009900JOL           2005        M06                  12
JTU11009900JOL           2005        M07                  14
JTU11009900JOL           2005        M08                  13
JTU11009900JOL           2005        M09                  18
JTU11009900JOL           2005        M10                  11
JTU11009900JOL           2005        M11                  11
JTU11009900JOL           2005        M12                  12
JTU11009900JOL           2006        M01                  15
JTU11009900JOL           2006        M02                  14
JTU11009900JOL           2006        M03                  20
JTU11009900JOL           2006        M04                  18
JTU11009900JOL           2006        M05                  16
JTU11009900JOL           2006        M06                  18
JTU11009900JOL           2006        M07                  16
JTU11009900JOL           2006        M08                  17
JTU11009900JOL           2006        M09                  18
JTU11009900JOL           2006        M10                  18
JTU11009900JOL           2006        M11                  15
JTU11009900JOL           2006        M12                  15
JTU11009900JOL           2007        M01                  16
JTU11009900JOL           2007        M02                  13
JTU11009900JOL           2007        M03                  15
JTU11009900JOL           2007        M04                  17
JTU11009900JOL           2007        M05                  15
JTU11009900JOL           2007        M06                  11
JTU11009900JOL           2007        M07                  15
JTU11009900JOL           2007        M08                   9
JTU11009900JOL           2007        M09                  12
JTU11009900JOL           2007        M10                  12
JTU11009900JOL           2007        M11                  17
JTU11009900JOL           2007        M12                  18
JTU11009900JOL           2008        M01                  19
JTU11009900JOL           2008        M02                  18
JTU11009900JOL           2008        M03                  18
JTU11009900JOL           2008        M04                  22
JTU11009900JOL           2008        M05                  19
JTU11009900JOL           2008        M06                  21
JTU11009900JOL           2008        M07                  31
JTU11009900JOL           2008        M08                  29
JTU11009900JOL           2008        M09                  17
JTU11009900JOL           2008        M10                  15
JTU11009900JOL           2008        M11                  12
JTU11009900JOL           2008        M12                  16
JTU11009900JOL           2009        M01                  16
JTU11009900JOL           2009        M02                   9
JTU11009900JOL           2009        M03                  10
JTU11009900JOL           2009        M04                   9
JTU11009900JOL           2009        M05                  10
JTU11009900JOL           2009        M06                   5
JTU11009900JOL           2009        M07                   4
JTU11009900JOL           2009        M08                   4
JTU11009900JOL           2009        M09                   7
JTU11009900JOL           2009        M10                   7
JTU11009900JOL           2009        M11                   6
JTU11009900JOL           2009        M12                   4
JTU11009900JOL           2010        M01                  11
JTU11009900JOL           2010        M02                  11
JTU11009900JOL           2010        M03                  11
JTU11009900JOL           2010        M04                  21
JTU11009900JOL           2010        M05                  17
JTU11009900JOL           2010        M06                  16
JTU11009900JOL           2010        M07                  14
JTU11009900JOL           2010        M08                  15
JTU11009900JOL           2010        M09                  16
JTU11009900JOL           2010        M10                  20
JTU11009900JOL           2010        M11                  20
JTU11009900JOL           2010        M12                  22
JTU11009900JOL           2011        M01                  30
JTU11009900JOL           2011        M02                  20
JTU11009900JOL           2011        M03                  33
JTU11009900JOL           2011        M04                  29
JTU11009900JOL           2011        M05                  18
JTU11009900JOL           2011        M06                  16
JTU11009900JOL           2011        M07                  30
JTU11009900JOL           2011        M08                  20
JTU11009900JOL           2011        M09                  29
JTU11009900JOL           2011        M10                  23
JTU11009900JOL           2011        M11                  25
JTU11009900JOL           2011        M12                  30
JTU11009900JOL           2012        M01                  28
JTU11009900JOL           2012        M02                  25
JTU11009900JOL           2012        M03                  15
JTU11009900JOL           2012        M04                  17
JTU11009900JOL           2012        M05                  21
JTU11009900JOL           2012        M06                  18
JTU11009900JOL           2012        M07                  13
JTU11009900JOL           2012        M08                  14
JTU11009900JOL           2012        M09                  14
JTU11009900JOL           2012        M10                  13
JTU11009900JOL           2012        M11                  16
JTU11009900JOL           2012        M12                  18
JTU11009900JOL           2013        M01                  18
JTU11009900JOL           2013        M02                  21
JTU11009900JOL           2013        M03                  15
JTU11009900JOL           2013        M04                  22
JTU11009900JOL           2013        M05                  20
JTU11009900JOL           2013        M06                  22
JTU11009900JOL           2013        M07                  23
JTU11009900JOL           2013        M08                  21
JTU11009900JOL           2013        M09                  16
JTU11009900JOL           2013        M10                  23
JTU11009900JOL           2013        M11                  16
JTU11009900JOL           2013        M12                  23
JTU11009900JOL           2014        M01                  30
JTU11009900JOL           2014        M02                  26
JTU11009900JOL           2014        M03                  32
JTU11009900JOL           2014        M04                  24
JTU11009900JOL           2014        M05                  32
JTU11009900JOL           2014        M06                  27
JTU11009900JOL           2014        M07                  30
JTU11009900JOL           2014        M08                  31
JTU11009900JOL           2014        M09                  30
JTU11009900JOL           2014        M10                  31
JTU11009900JOL           2014        M11                  26
JTU11009900JOL           2014        M12                  20
JTU11009900JOL           2015        M01                  17
JTU11009900JOL           2015        M02                  10
JTU11009900JOL           2015        M03                  16
JTU11009900JOL           2015        M04                  16
JTU11009900JOL           2015        M05                  15
JTU11009900JOL           2015        M06                  20
JTU11009900JOL           2015        M07                  21
JTU11009900JOL           2015        M08                  15
JTU11009900JOL           2015        M09                  17
JTU11009900JOL           2015        M10                  19
JTU11009900JOL           2015        M11                  16
JTU11009900JOL           2015        M12                  15
JTU11009900JOL           2016        M01                  13
JTU11009900JOL           2016        M02                   8
JTU11009900JOL           2016        M03                   8
JTU11009900JOL           2016        M04                  11
JTU11009900JOL           2016        M05                  10
JTU11009900JOL           2016        M06                  11
JTU11009900JOL           2016        M07                  13
JTU11009900JOL           2016        M08                  12
JTU11009900JOL           2016        M09                  18
JTU11009900JOL           2016        M10                  12
JTU11009900JOL           2016        M11                  16
JTU11009900JOL           2016        M12                  17
JTU11009900JOL           2017        M01                  25
JTU11009900JOL           2017        M02                  20
JTU11009900JOL           2017        M03                  25
JTU11009900JOL           2017        M04                  24
JTU11009900JOL           2017        M05                  15
JTU11009900JOL           2017        M06                  22
JTU11009900JOL           2017        M07                  24
JTU11009900JOL           2017        M08                  25
JTU11009900JOL           2017        M09                  20
JTU11009900JOL           2017        M10                  27
JTU11009900JOL           2017        M11                  20
JTU11009900JOL           2017        M12                  21        p
JTU11009900JOR           2000        M12                 1.1
JTU11009900JOR           2001        M01                 1.9
JTU11009900JOR           2001        M02                 1.2
JTU11009900JOR           2001        M03                 2.9
JTU11009900JOR           2001        M04                 3.6
JTU11009900JOR           2001        M05                 1.1
JTU11009900JOR           2001        M06                 2.6
JTU11009900JOR           2001        M07                 2.7
JTU11009900JOR           2001        M08                 2.8
JTU11009900JOR           2001        M09                 1.8
JTU11009900JOR           2001        M10                 2.7
JTU11009900JOR           2001        M11                 0.8
JTU11009900JOR           2001        M12                 2.0
JTU11009900JOR           2002        M01                 2.6
JTU11009900JOR           2002        M02                 2.7
JTU11009900JOR           2002        M03                 0.7
JTU11009900JOR           2002        M04                 1.4
JTU11009900JOR           2002        M05                 0.7
JTU11009900JOR           2002        M06                 1.3
JTU11009900JOR           2002        M07                 1.0
JTU11009900JOR           2002        M08                 1.7
JTU11009900JOR           2002        M09                 1.0
JTU11009900JOR           2002        M10                 1.5
JTU11009900JOR           2002        M11                 0.9
JTU11009900JOR           2002        M12                 0.5
JTU11009900JOR           2003        M01                 1.0
JTU11009900JOR           2003        M02                 1.1
JTU11009900JOR           2003        M03                 0.7
JTU11009900JOR           2003        M04                 0.9
JTU11009900JOR           2003        M05                 1.0
JTU11009900JOR           2003        M06                 1.3
JTU11009900JOR           2003        M07                 1.6
JTU11009900JOR           2003        M08                 1.4
JTU11009900JOR           2003        M09                 1.2
JTU11009900JOR           2003        M10                 1.3
JTU11009900JOR           2003        M11                 1.3
JTU11009900JOR           2003        M12                 1.6
JTU11009900JOR           2004        M01                 2.2
JTU11009900JOR           2004        M02                 0.9
JTU11009900JOR           2004        M03                 1.6
JTU11009900JOR           2004        M04                 1.3
JTU11009900JOR           2004        M05                 1.2
JTU11009900JOR           2004        M06                 1.8
JTU11009900JOR           2004        M07                 1.9
JTU11009900JOR           2004        M08                 1.3
JTU11009900JOR           2004        M09                 1.5
JTU11009900JOR           2004        M10                 1.5
JTU11009900JOR           2004        M11                 1.5
JTU11009900JOR           2004        M12                 1.8
JTU11009900JOR           2005        M01                 2.1
JTU11009900JOR           2005        M02                 1.7
JTU11009900JOR           2005        M03                 2.6
JTU11009900JOR           2005        M04                 1.8
JTU11009900JOR           2005        M05                 1.7
JTU11009900JOR           2005        M06                 1.9
JTU11009900JOR           2005        M07                 2.1
JTU11009900JOR           2005        M08                 1.9
JTU11009900JOR           2005        M09                 2.7
JTU11009900JOR           2005        M10                 1.7
JTU11009900JOR           2005        M11                 1.7
JTU11009900JOR           2005        M12                 1.8
JTU11009900JOR           2006        M01                 2.3
JTU11009900JOR           2006        M02                 2.2
JTU11009900JOR           2006        M03                 3.0
JTU11009900JOR           2006        M04                 2.6
JTU11009900JOR           2006        M05                 2.2
JTU11009900JOR           2006        M06                 2.5
JTU11009900JOR           2006        M07                 2.2
JTU11009900JOR           2006        M08                 2.4
JTU11009900JOR           2006        M09                 2.5
JTU11009900JOR           2006        M10                 2.5
JTU11009900JOR           2006        M11                 2.1
JTU11009900JOR           2006        M12                 2.1
JTU11009900JOR           2007        M01                 2.2
JTU11009900JOR           2007        M02                 1.9
JTU11009900JOR           2007        M03                 2.1
JTU11009900JOR           2007        M04                 2.3
JTU11009900JOR           2007        M05                 2.0
JTU11009900JOR           2007        M06                 1.4
JTU11009900JOR           2007        M07                 2.0
JTU11009900JOR           2007        M08                 1.2
JTU11009900JOR           2007        M09                 1.6
JTU11009900JOR           2007        M10                 1.6
JTU11009900JOR           2007        M11                 2.3
JTU11009900JOR           2007        M12                 2.4
JTU11009900JOR           2008        M01                 2.6
JTU11009900JOR           2008        M02                 2.4
JTU11009900JOR           2008        M03                 2.3
JTU11009900JOR           2008        M04                 2.8
JTU11009900JOR           2008        M05                 2.5
JTU11009900JOR           2008        M06                 2.6
JTU11009900JOR           2008        M07                 3.7
JTU11009900JOR           2008        M08                 3.5
JTU11009900JOR           2008        M09                 2.1
JTU11009900JOR           2008        M10                 1.9
JTU11009900JOR           2008        M11                 1.5
JTU11009900JOR           2008        M12                 2.1
JTU11009900JOR           2009        M01                 2.1
JTU11009900JOR           2009        M02                 1.2
JTU11009900JOR           2009        M03                 1.4
JTU11009900JOR           2009        M04                 1.3
JTU11009900JOR           2009        M05                 1.4
JTU11009900JOR           2009        M06                 0.7
JTU11009900JOR           2009        M07                 0.5
JTU11009900JOR           2009        M08                 0.6
JTU11009900JOR           2009        M09                 1.0
JTU11009900JOR           2009        M10                 1.0
JTU11009900JOR           2009        M11                 0.9
JTU11009900JOR           2009        M12                 0.6
JTU11009900JOR           2010        M01                 1.7
JTU11009900JOR           2010        M02                 1.6
JTU11009900JOR           2010        M03                 1.6
JTU11009900JOR           2010        M04                 3.1
JTU11009900JOR           2010        M05                 2.4
JTU11009900JOR           2010        M06                 2.2
JTU11009900JOR           2010        M07                 1.9
JTU11009900JOR           2010        M08                 2.0
JTU11009900JOR           2010        M09                 2.1
JTU11009900JOR           2010        M10                 2.6
JTU11009900JOR           2010        M11                 2.6
JTU11009900JOR           2010        M12                 2.9
JTU11009900JOR           2011        M01                 4.0
JTU11009900JOR           2011        M02                 2.6
JTU11009900JOR           2011        M03                 4.3
JTU11009900JOR           2011        M04                 3.7
JTU11009900JOR           2011        M05                 2.2
JTU11009900JOR           2011        M06                 2.0
JTU11009900JOR           2011        M07                 3.6
JTU11009900JOR           2011        M08                 2.4
JTU11009900JOR           2011        M09                 3.4
JTU11009900JOR           2011        M10                 2.7
JTU11009900JOR           2011        M11                 2.9
JTU11009900JOR           2011        M12                 3.5
JTU11009900JOR           2012        M01                 3.3
JTU11009900JOR           2012        M02                 2.9
JTU11009900JOR           2012        M03                 1.8
JTU11009900JOR           2012        M04                 2.0
JTU11009900JOR           2012        M05                 2.4
JTU11009900JOR           2012        M06                 2.0
JTU11009900JOR           2012        M07                 1.5
JTU11009900JOR           2012        M08                 1.6
JTU11009900JOR           2012        M09                 1.6
JTU11009900JOR           2012        M10                 1.5
JTU11009900JOR           2012        M11                 1.9
JTU11009900JOR           2012        M12                 2.0
JTU11009900JOR           2013        M01                 2.1
JTU11009900JOR           2013        M02                 2.4
JTU11009900JOR           2013        M03                 1.7
JTU11009900JOR           2013        M04                 2.5
JTU11009900JOR           2013        M05                 2.3
JTU11009900JOR           2013        M06                 2.4
JTU11009900JOR           2013        M07                 2.6
JTU11009900JOR           2013        M08                 2.3
JTU11009900JOR           2013        M09                 1.8
JTU11009900JOR           2013        M10                 2.5
JTU11009900JOR           2013        M11                 1.8
JTU11009900JOR           2013        M12                 2.6
JTU11009900JOR           2014        M01                 3.3
JTU11009900JOR           2014        M02                 2.9
JTU11009900JOR           2014        M03                 3.6
JTU11009900JOR           2014        M04                 2.7
JTU11009900JOR           2014        M05                 3.5
JTU11009900JOR           2014        M06                 2.9
JTU11009900JOR           2014        M07                 3.2
JTU11009900JOR           2014        M08                 3.3
JTU11009900JOR           2014        M09                 3.2
JTU11009900JOR           2014        M10                 3.3
JTU11009900JOR           2014        M11                 2.7
JTU11009900JOR           2014        M12                 2.1
JTU11009900JOR           2015        M01                 1.9
JTU11009900JOR           2015        M02                 1.2
JTU11009900JOR           2015        M03                 1.9
JTU11009900JOR           2015        M04                 1.9
JTU11009900JOR           2015        M05                 1.7
JTU11009900JOR           2015        M06                 2.4
JTU11009900JOR           2015        M07                 2.5
JTU11009900JOR           2015        M08                 1.8
JTU11009900JOR           2015        M09                 2.1
JTU11009900JOR           2015        M10                 2.3
JTU11009900JOR           2015        M11                 2.1
JTU11009900JOR           2015        M12                 2.0
JTU11009900JOR           2016        M01                 1.8
JTU11009900JOR           2016        M02                 1.2
JTU11009900JOR           2016        M03                 1.2
JTU11009900JOR           2016        M04                 1.6
JTU11009900JOR           2016        M05                 1.5
JTU11009900JOR           2016        M06                 1.6
JTU11009900JOR           2016        M07                 1.9
JTU11009900JOR           2016        M08                 1.7
JTU11009900JOR           2016        M09                 2.6
JTU11009900JOR           2016        M10                 1.7
JTU11009900JOR           2016        M11                 2.3
JTU11009900JOR           2016        M12                 2.5
JTU11009900JOR           2017        M01                 3.6
JTU11009900JOR           2017        M02                 2.9
JTU11009900JOR           2017        M03                 3.5
JTU11009900JOR           2017        M04                 3.4
JTU11009900JOR           2017        M05                 2.2
JTU11009900JOR           2017        M06                 2.9
JTU11009900JOR           2017        M07                 3.2
JTU11009900JOR           2017        M08                 3.4
JTU11009900JOR           2017        M09                 2.7
JTU11009900JOR           2017        M10                 3.6
JTU11009900JOR           2017        M11                 2.7
JTU11009900JOR           2017        M12                 2.8        p
JTU23000000JOL           2000        M12                 159
JTU23000000JOL           2001        M01                 175
JTU23000000JOL           2001        M02                 175
JTU23000000JOL           2001        M03                 197
JTU23000000JOL           2001        M04                 318
JTU23000000JOL           2001        M05                 276
JTU23000000JOL           2001        M06                 206
JTU23000000JOL           2001        M07                 207
JTU23000000JOL           2001        M08                 122
JTU23000000JOL           2001        M09                 157
JTU23000000JOL           2001        M10                 113
JTU23000000JOL           2001        M11                 104
JTU23000000JOL           2001        M12                  91
JTU23000000JOL           2002        M01                 116
JTU23000000JOL           2002        M02                  93
JTU23000000JOL           2002        M03                 135
JTU23000000JOL           2002        M04                 128
JTU23000000JOL           2002        M05                 141
JTU23000000JOL           2002        M06                 140
JTU23000000JOL           2002        M07                 107
JTU23000000JOL           2002        M08                 109
JTU23000000JOL           2002        M09                 139
JTU23000000JOL           2002        M10                 127
JTU23000000JOL           2002        M11                  99
JTU23000000JOL           2002        M12                  64
JTU23000000JOL           2003        M01                 120
JTU23000000JOL           2003        M02                  87
JTU23000000JOL           2003        M03                  91
JTU23000000JOL           2003        M04                 156
JTU23000000JOL           2003        M05                 111
JTU23000000JOL           2003        M06                 112
JTU23000000JOL           2003        M07                 145
JTU23000000JOL           2003        M08                 108
JTU23000000JOL           2003        M09                  79
JTU23000000JOL           2003        M10                  96
JTU23000000JOL           2003        M11                  78
JTU23000000JOL           2003        M12                  86
JTU23000000JOL           2004        M01                 148
JTU23000000JOL           2004        M02                 106
JTU23000000JOL           2004        M03                 126
JTU23000000JOL           2004        M04                 165
JTU23000000JOL           2004        M05                 153
JTU23000000JOL           2004        M06                 120
JTU23000000JOL           2004        M07                 136
JTU23000000JOL           2004        M08                 130
JTU23000000JOL           2004        M09                 113
JTU23000000JOL           2004        M10                 139
JTU23000000JOL           2004        M11                 104
JTU23000000JOL           2004        M12                 115
JTU23000000JOL           2005        M01                 138
JTU23000000JOL           2005        M02                 139
JTU23000000JOL           2005        M03                 147
JTU23000000JOL           2005        M04                 176
JTU23000000JOL           2005        M05                 158
JTU23000000JOL           2005        M06                 144
JTU23000000JOL           2005        M07                 182
JTU23000000JOL           2005        M08                 155
JTU23000000JOL           2005        M09                 160
JTU23000000JOL           2005        M10                 179
JTU23000000JOL           2005        M11                 155
JTU23000000JOL           2005        M12                 123
JTU23000000JOL           2006        M01                 138
JTU23000000JOL           2006        M02                 130
JTU23000000JOL           2006        M03                 199
JTU23000000JOL           2006        M04                 231
JTU23000000JOL           2006        M05                 197
JTU23000000JOL           2006        M06                 228
JTU23000000JOL           2006        M07                 245
JTU23000000JOL           2006        M08                 217
JTU23000000JOL           2006        M09                 177
JTU23000000JOL           2006        M10                 158
JTU23000000JOL           2006        M11                 104
JTU23000000JOL           2006        M12                  91
JTU23000000JOL           2007        M01                 256
JTU23000000JOL           2007        M02                 273
JTU23000000JOL           2007        M03                 209
JTU23000000JOL           2007        M04                 219
JTU23000000JOL           2007        M05                 210
JTU23000000JOL           2007        M06                 170
JTU23000000JOL           2007        M07                 207
JTU23000000JOL           2007        M08                 164
JTU23000000JOL           2007        M09                 121
JTU23000000JOL           2007        M10                 126
JTU23000000JOL           2007        M11                  87
JTU23000000JOL           2007        M12                  96
JTU23000000JOL           2008        M01                 132
JTU23000000JOL           2008        M02                 112
JTU23000000JOL           2008        M03                 100
JTU23000000JOL           2008        M04                 119
JTU23000000JOL           2008        M05                 170
JTU23000000JOL           2008        M06                 117
JTU23000000JOL           2008        M07                 121
JTU23000000JOL           2008        M08                  84
JTU23000000JOL           2008        M09                 120
JTU23000000JOL           2008        M10                  68
JTU23000000JOL           2008        M11                  45
JTU23000000JOL           2008        M12                  47
JTU23000000JOL           2009        M01                  42
JTU23000000JOL           2009        M02                  63
JTU23000000JOL           2009        M03                  46
JTU23000000JOL           2009        M04                  25
JTU23000000JOL           2009        M05                  41
JTU23000000JOL           2009        M06                  54
JTU23000000JOL           2009        M07                  57
JTU23000000JOL           2009        M08                  62
JTU23000000JOL           2009        M09                  66
JTU23000000JOL           2009        M10                  57
JTU23000000JOL           2009        M11                  48
JTU23000000JOL           2009        M12                  54
JTU23000000JOL           2010        M01                  50
JTU23000000JOL           2010        M02                  63
JTU23000000JOL           2010        M03                  77
JTU23000000JOL           2010        M04                 103
JTU23000000JOL           2010        M05                  84
JTU23000000JOL           2010        M06                  81
JTU23000000JOL           2010        M07                 118
JTU23000000JOL           2010        M08                  52
JTU23000000JOL           2010        M09                  73
JTU23000000JOL           2010        M10                  65
JTU23000000JOL           2010        M11                  67
JTU23000000JOL           2010        M12                  31
JTU23000000JOL           2011        M01                  62
JTU23000000JOL           2011        M02                  44
JTU23000000JOL           2011        M03                  66
JTU23000000JOL           2011        M04                 121
JTU23000000JOL           2011        M05                 120
JTU23000000JOL           2011        M06                  65
JTU23000000JOL           2011        M07                  88
JTU23000000JOL           2011        M08                  98
JTU23000000JOL           2011        M09                  83
JTU23000000JOL           2011        M10                  76
JTU23000000JOL           2011        M11                  62
JTU23000000JOL           2011        M12                  43
JTU23000000JOL           2012        M01                  79
JTU23000000JOL           2012        M02                  59
JTU23000000JOL           2012        M03                  91
JTU23000000JOL           2012        M04                 120
JTU23000000JOL           2012        M05                  84
JTU23000000JOL           2012        M06                  99
JTU23000000JOL           2012        M07                  83
JTU23000000JOL           2012        M08                 116
JTU23000000JOL           2012        M09                  83
JTU23000000JOL           2012        M10                 101
JTU23000000JOL           2012        M11                  69
JTU23000000JOL           2012        M12                  66
JTU23000000JOL           2013        M01                 116
JTU23000000JOL           2013        M02                 115
JTU23000000JOL           2013        M03                 105
JTU23000000JOL           2013        M04                 135
JTU23000000JOL           2013        M05                 125
JTU23000000JOL           2013        M06                 139
JTU23000000JOL           2013        M07                 119
JTU23000000JOL           2013        M08                 127
JTU23000000JOL           2013        M09                 116
JTU23000000JOL           2013        M10                 126
JTU23000000JOL           2013        M11                 103
JTU23000000JOL           2013        M12                  83
JTU23000000JOL           2014        M01                 126
JTU23000000JOL           2014        M02                 107
JTU23000000JOL           2014        M03                 123
JTU23000000JOL           2014        M04                 129
JTU23000000JOL           2014        M05                 151
JTU23000000JOL           2014        M06                 170
JTU23000000JOL           2014        M07                 159
JTU23000000JOL           2014        M08                 147
JTU23000000JOL           2014        M09                 107
JTU23000000JOL           2014        M10                 145
JTU23000000JOL           2014        M11                 106
JTU23000000JOL           2014        M12                  97
JTU23000000JOL           2015        M01                 140
JTU23000000JOL           2015        M02                 153
JTU23000000JOL           2015        M03                 173
JTU23000000JOL           2015        M04                 171
JTU23000000JOL           2015        M05                 171
JTU23000000JOL           2015        M06                 152
JTU23000000JOL           2015        M07                 156
JTU23000000JOL           2015        M08                 159
JTU23000000JOL           2015        M09                 106
JTU23000000JOL           2015        M10                 130
JTU23000000JOL           2015        M11                  84
JTU23000000JOL           2015        M12                 129
JTU23000000JOL           2016        M01                 158
JTU23000000JOL           2016        M02                 193
JTU23000000JOL           2016        M03                 209
JTU23000000JOL           2016        M04                 184
JTU23000000JOL           2016        M05                 187
JTU23000000JOL           2016        M06                 171
JTU23000000JOL           2016        M07                 238
JTU23000000JOL           2016        M08                 184
JTU23000000JOL           2016        M09                 237
JTU23000000JOL           2016        M10                 196
JTU23000000JOL           2016        M11                 178
JTU23000000JOL           2016        M12                 140
JTU23000000JOL           2017        M01                 142
JTU23000000JOL           2017        M02                 181
JTU23000000JOL           2017        M03                 161
JTU23000000JOL           2017        M04                 200
JTU23000000JOL           2017        M05                 163
JTU23000000JOL           2017        M06                 212
JTU23000000JOL           2017        M07                 237
JTU23000000JOL           2017        M08                 230
JTU23000000JOL           2017        M09                 179
JTU23000000JOL           2017        M10                 195
JTU23000000JOL           2017        M11                 210
JTU23000000JOL           2017        M12                 158        p
JTU23000000JOR           2000        M12                 2.3
JTU23000000JOR           2001        M01                 2.7
JTU23000000JOR           2001        M02                 2.7
JTU23000000JOR           2001        M03                 2.9
JTU23000000JOR           2001        M04                 4.5
JTU23000000JOR           2001        M05                 3.9
JTU23000000JOR           2001        M06                 2.8
JTU23000000JOR           2001        M07                 2.8
JTU23000000JOR           2001        M08                 1.7
JTU23000000JOR           2001        M09                 2.2
JTU23000000JOR           2001        M10                 1.6
JTU23000000JOR           2001        M11                 1.5
JTU23000000JOR           2001        M12                 1.3
JTU23000000JOR           2002        M01                 1.8
JTU23000000JOR           2002        M02                 1.4
JTU23000000JOR           2002        M03                 2.1
JTU23000000JOR           2002        M04                 1.9
JTU23000000JOR           2002        M05                 2.0
JTU23000000JOR           2002        M06                 2.0
JTU23000000JOR           2002        M07                 1.5
JTU23000000JOR           2002        M08                 1.5
JTU23000000JOR           2002        M09                 2.0
JTU23000000JOR           2002        M10                 1.8
JTU23000000JOR           2002        M11                 1.4
JTU23000000JOR           2002        M12                 1.0
JTU23000000JOR           2003        M01                 1.9
JTU23000000JOR           2003        M02                 1.4
JTU23000000JOR           2003        M03                 1.4
JTU23000000JOR           2003        M04                 2.3
JTU23000000JOR           2003        M05                 1.6
JTU23000000JOR           2003        M06                 1.6
JTU23000000JOR           2003        M07                 2.0
JTU23000000JOR           2003        M08                 1.5
JTU23000000JOR           2003        M09                 1.1
JTU23000000JOR           2003        M10                 1.4
JTU23000000JOR           2003        M11                 1.1
JTU23000000JOR           2003        M12                 1.3
JTU23000000JOR           2004        M01                 2.2
JTU23000000JOR           2004        M02                 1.6
JTU23000000JOR           2004        M03                 1.9
JTU23000000JOR           2004        M04                 2.4
JTU23000000JOR           2004        M05                 2.1
JTU23000000JOR           2004        M06                 1.6
JTU23000000JOR           2004        M07                 1.8
JTU23000000JOR           2004        M08                 1.8
JTU23000000JOR           2004        M09                 1.5
JTU23000000JOR           2004        M10                 1.9
JTU23000000JOR           2004        M11                 1.4
JTU23000000JOR           2004        M12                 1.6
JTU23000000JOR           2005        M01                 2.0
JTU23000000JOR           2005        M02                 2.0
JTU23000000JOR           2005        M03                 2.1
JTU23000000JOR           2005        M04                 2.4
JTU23000000JOR           2005        M05                 2.1
JTU23000000JOR           2005        M06                 1.9
JTU23000000JOR           2005        M07                 2.3
JTU23000000JOR           2005        M08                 2.0
JTU23000000JOR           2005        M09                 2.0
JTU23000000JOR           2005        M10                 2.3
JTU23000000JOR           2005        M11                 2.0
JTU23000000JOR           2005        M12                 1.6
JTU23000000JOR           2006        M01                 1.9
JTU23000000JOR           2006        M02                 1.8
JTU23000000JOR           2006        M03                 2.6
JTU23000000JOR           2006        M04                 3.0
JTU23000000JOR           2006        M05                 2.5
JTU23000000JOR           2006        M06                 2.8
JTU23000000JOR           2006        M07                 3.0
JTU23000000JOR           2006        M08                 2.6
JTU23000000JOR           2006        M09                 2.2
JTU23000000JOR           2006        M10                 2.0
JTU23000000JOR           2006        M11                 1.3
JTU23000000JOR           2006        M12                 1.2
JTU23000000JOR           2007        M01                 3.4
JTU23000000JOR           2007        M02                 3.7
JTU23000000JOR           2007        M03                 2.8
JTU23000000JOR           2007        M04                 2.8
JTU23000000JOR           2007        M05                 2.6
JTU23000000JOR           2007        M06                 2.1
JTU23000000JOR           2007        M07                 2.5
JTU23000000JOR           2007        M08                 2.0
JTU23000000JOR           2007        M09                 1.5
JTU23000000JOR           2007        M10                 1.6
JTU23000000JOR           2007        M11                 1.1
JTU23000000JOR           2007        M12                 1.3
JTU23000000JOR           2008        M01                 1.8
JTU23000000JOR           2008        M02                 1.6
JTU23000000JOR           2008        M03                 1.4
JTU23000000JOR           2008        M04                 1.6
JTU23000000JOR           2008        M05                 2.3
JTU23000000JOR           2008        M06                 1.6
JTU23000000JOR           2008        M07                 1.6
JTU23000000JOR           2008        M08                 1.1
JTU23000000JOR           2008        M09                 1.6
JTU23000000JOR           2008        M10                 0.9
JTU23000000JOR           2008        M11                 0.6
JTU23000000JOR           2008        M12                 0.7
JTU23000000JOR           2009        M01                 0.7
JTU23000000JOR           2009        M02                 1.0
JTU23000000JOR           2009        M03                 0.8
JTU23000000JOR           2009        M04                 0.4
JTU23000000JOR           2009        M05                 0.7
JTU23000000JOR           2009        M06                 0.9
JTU23000000JOR           2009        M07                 0.9
JTU23000000JOR           2009        M08                 1.0
JTU23000000JOR           2009        M09                 1.1
JTU23000000JOR           2009        M10                 1.0
JTU23000000JOR           2009        M11                 0.8
JTU23000000JOR           2009        M12                 1.0
JTU23000000JOR           2010        M01                 1.0
JTU23000000JOR           2010        M02                 1.2
JTU23000000JOR           2010        M03                 1.5
JTU23000000JOR           2010        M04                 1.9
JTU23000000JOR           2010        M05                 1.5
JTU23000000JOR           2010        M06                 1.4
JTU23000000JOR           2010        M07                 2.0
JTU23000000JOR           2010        M08                 0.9
JTU23000000JOR           2010        M09                 1.3
JTU23000000JOR           2010        M10                 1.1
JTU23000000JOR           2010        M11                 1.2
JTU23000000JOR           2010        M12                 0.6
JTU23000000JOR           2011        M01                 1.2
JTU23000000JOR           2011        M02                 0.9
JTU23000000JOR           2011        M03                 1.3
JTU23000000JOR           2011        M04                 2.2
JTU23000000JOR           2011        M05                 2.1
JTU23000000JOR           2011        M06                 1.1
JTU23000000JOR           2011        M07                 1.5
JTU23000000JOR           2011        M08                 1.6
JTU23000000JOR           2011        M09                 1.4
JTU23000000JOR           2011        M10                 1.3
JTU23000000JOR           2011        M11                 1.1
JTU23000000JOR           2011        M12                 0.8
JTU23000000JOR           2012        M01                 1.5
JTU23000000JOR           2012        M02                 1.1
JTU23000000JOR           2012        M03                 1.7
JTU23000000JOR           2012        M04                 2.1
JTU23000000JOR           2012        M05                 1.5
JTU23000000JOR           2012        M06                 1.7
JTU23000000JOR           2012        M07                 1.4
JTU23000000JOR           2012        M08                 1.9
JTU23000000JOR           2012        M09                 1.4
JTU23000000JOR           2012        M10                 1.7
JTU23000000JOR           2012        M11                 1.2
JTU23000000JOR           2012        M12                 1.2
JTU23000000JOR           2013        M01                 2.1
JTU23000000JOR           2013        M02                 2.1
JTU23000000JOR           2013        M03                 1.9
JTU23000000JOR           2013        M04                 2.3
JTU23000000JOR           2013        M05                 2.1
JTU23000000JOR           2013        M06                 2.2
JTU23000000JOR           2013        M07                 1.9
JTU23000000JOR           2013        M08                 2.0
JTU23000000JOR           2013        M09                 1.9
JTU23000000JOR           2013        M10                 2.0
JTU23000000JOR           2013        M11                 1.7
JTU23000000JOR           2013        M12                 1.4
JTU23000000JOR           2014        M01                 2.2
JTU23000000JOR           2014        M02                 1.9
JTU23000000JOR           2014        M03                 2.1
JTU23000000JOR           2014        M04                 2.1
JTU23000000JOR           2014        M05                 2.4
JTU23000000JOR           2014        M06                 2.6
JTU23000000JOR           2014        M07                 2.4
JTU23000000JOR           2014        M08                 2.2
JTU23000000JOR           2014        M09                 1.6
JTU23000000JOR           2014        M10                 2.2
JTU23000000JOR           2014        M11                 1.6
JTU23000000JOR           2014        M12                 1.5
JTU23000000JOR           2015        M01                 2.3
JTU23000000JOR           2015        M02                 2.5
JTU23000000JOR           2015        M03                 2.8
JTU23000000JOR           2015        M04                 2.6
JTU23000000JOR           2015        M05                 2.6
JTU23000000JOR           2015        M06                 2.2
JTU23000000JOR           2015        M07                 2.3
JTU23000000JOR           2015        M08                 2.3
JTU23000000JOR           2015        M09                 1.6
JTU23000000JOR           2015        M10                 1.9
JTU23000000JOR           2015        M11                 1.2
JTU23000000JOR           2015        M12                 1.9
JTU23000000JOR           2016        M01                 2.5
JTU23000000JOR           2016        M02                 3.0
JTU23000000JOR           2016        M03                 3.2
JTU23000000JOR           2016        M04                 2.7
JTU23000000JOR           2016        M05                 2.7
JTU23000000JOR           2016        M06                 2.4
JTU23000000JOR           2016        M07                 3.3
JTU23000000JOR           2016        M08                 2.6
JTU23000000JOR           2016        M09                 3.3
JTU23000000JOR           2016        M10                 2.7
JTU23000000JOR           2016        M11                 2.5
JTU23000000JOR           2016        M12                 2.1
JTU23000000JOR           2017        M01                 2.2
JTU23000000JOR           2017        M02                 2.7
JTU23000000JOR           2017        M03                 2.4
JTU23000000JOR           2017        M04                 2.9
JTU23000000JOR           2017        M05                 2.3
JTU23000000JOR           2017        M06                 2.9
JTU23000000JOR           2017        M07                 3.2
JTU23000000JOR           2017        M08                 3.1
JTU23000000JOR           2017        M09                 2.5
JTU23000000JOR           2017        M10                 2.7
JTU23000000JOR           2017        M11                 2.9
JTU23000000JOR           2017        M12                 2.2        p
JTU30000000JOL           2000        M12                 362
JTU30000000JOL           2001        M01                 496
JTU30000000JOL           2001        M02                 400
JTU30000000JOL           2001        M03                 360
JTU30000000JOL           2001        M04                 337
JTU30000000JOL           2001        M05                 312
JTU30000000JOL           2001        M06                 320
JTU30000000JOL           2001        M07                 326
JTU30000000JOL           2001        M08                 267
JTU30000000JOL           2001        M09                 313
JTU30000000JOL           2001        M10                 265
JTU30000000JOL           2001        M11                 176
JTU30000000JOL           2001        M12                 178
JTU30000000JOL           2002        M01                 280
JTU30000000JOL           2002        M02                 237
JTU30000000JOL           2002        M03                 226
JTU30000000JOL           2002        M04                 257
JTU30000000JOL           2002        M05                 252
JTU30000000JOL           2002        M06                 261
JTU30000000JOL           2002        M07                 277
JTU30000000JOL           2002        M08                 233
JTU30000000JOL           2002        M09                 247
JTU30000000JOL           2002        M10                 224
JTU30000000JOL           2002        M11                 185
JTU30000000JOL           2002        M12                 169
JTU30000000JOL           2003        M01                 232
JTU30000000JOL           2003        M02                 194
JTU30000000JOL           2003        M03                 183
JTU30000000JOL           2003        M04                 203
JTU30000000JOL           2003        M05                 208
JTU30000000JOL           2003        M06                 193
JTU30000000JOL           2003        M07                 207
JTU30000000JOL           2003        M08                 225
JTU30000000JOL           2003        M09                 189
JTU30000000JOL           2003        M10                 225
JTU30000000JOL           2003        M11                 196
JTU30000000JOL           2003        M12                 186
JTU30000000JOL           2004        M01                 251
JTU30000000JOL           2004        M02                 214
JTU30000000JOL           2004        M03                 238
JTU30000000JOL           2004        M04                 282
JTU30000000JOL           2004        M05                 305
JTU30000000JOL           2004        M06                 263
JTU30000000JOL           2004        M07                 299
JTU30000000JOL           2004        M08                 275
JTU30000000JOL           2004        M09                 267
JTU30000000JOL           2004        M10                 284
JTU30000000JOL           2004        M11                 198
JTU30000000JOL           2004        M12                 230
JTU30000000JOL           2005        M01                 296
JTU30000000JOL           2005        M02                 279
JTU30000000JOL           2005        M03                 271
JTU30000000JOL           2005        M04                 314
JTU30000000JOL           2005        M05                 280
JTU30000000JOL           2005        M06                 289
JTU30000000JOL           2005        M07                 348
JTU30000000JOL           2005        M08                 306
JTU30000000JOL           2005        M09                 341
JTU30000000JOL           2005        M10                 284
JTU30000000JOL           2005        M11                 323
JTU30000000JOL           2005        M12                 303
JTU30000000JOL           2006        M01                 329
JTU30000000JOL           2006        M02                 369
JTU30000000JOL           2006        M03                 361
JTU30000000JOL           2006        M04                 396
JTU30000000JOL           2006        M05                 320
JTU30000000JOL           2006        M06                 366
JTU30000000JOL           2006        M07                 344
JTU30000000JOL           2006        M08                 347
JTU30000000JOL           2006        M09                 361
JTU30000000JOL           2006        M10                 359
JTU30000000JOL           2006        M11                 289
JTU30000000JOL           2006        M12                 315
JTU30000000JOL           2007        M01                 365
JTU30000000JOL           2007        M02                 349
JTU30000000JOL           2007        M03                 362
JTU30000000JOL           2007        M04                 387
JTU30000000JOL           2007        M05                 367
JTU30000000JOL           2007        M06                 371
JTU30000000JOL           2007        M07                 387
JTU30000000JOL           2007        M08                 334
JTU30000000JOL           2007        M09                 323
JTU30000000JOL           2007        M10                 298
JTU30000000JOL           2007        M11                 270
JTU30000000JOL           2007        M12                 266
JTU30000000JOL           2008        M01                 293
JTU30000000JOL           2008        M02                 270
JTU30000000JOL           2008        M03                 248
JTU30000000JOL           2008        M04                 300
JTU30000000JOL           2008        M05                 291
JTU30000000JOL           2008        M06                 248
JTU30000000JOL           2008        M07                 256
JTU30000000JOL           2008        M08                 272
JTU30000000JOL           2008        M09                 214
JTU30000000JOL           2008        M10                 238
JTU30000000JOL           2008        M11                 147
JTU30000000JOL           2008        M12                 139
JTU30000000JOL           2009        M01                 113
JTU30000000JOL           2009        M02                 130
JTU30000000JOL           2009        M03                 114
JTU30000000JOL           2009        M04                 104
JTU30000000JOL           2009        M05                 101
JTU30000000JOL           2009        M06                  99
JTU30000000JOL           2009        M07                 109
JTU30000000JOL           2009        M08                 133
JTU30000000JOL           2009        M09                 131
JTU30000000JOL           2009        M10                 146
JTU30000000JOL           2009        M11                 128
JTU30000000JOL           2009        M12                 154
JTU30000000JOL           2010        M01                 138
JTU30000000JOL           2010        M02                 152
JTU30000000JOL           2010        M03                 146
JTU30000000JOL           2010        M04                 189
JTU30000000JOL           2010        M05                 196
JTU30000000JOL           2010        M06                 216
JTU30000000JOL           2010        M07                 223
JTU30000000JOL           2010        M08                 190
JTU30000000JOL           2010        M09                 196
JTU30000000JOL           2010        M10                 204
JTU30000000JOL           2010        M11                 196
JTU30000000JOL           2010        M12                 168
JTU30000000JOL           2011        M01                 228
JTU30000000JOL           2011        M02                 207
JTU30000000JOL           2011        M03                 220
JTU30000000JOL           2011        M04                 247
JTU30000000JOL           2011        M05                 239
JTU30000000JOL           2011        M06                 222
JTU30000000JOL           2011        M07                 258
JTU30000000JOL           2011        M08                 233
JTU30000000JOL           2011        M09                 244
JTU30000000JOL           2011        M10                 242
JTU30000000JOL           2011        M11                 210
JTU30000000JOL           2011        M12                 218
JTU30000000JOL           2012        M01                 255
JTU30000000JOL           2012        M02                 247
JTU30000000JOL           2012        M03                 313
JTU30000000JOL           2012        M04                 272
JTU30000000JOL           2012        M05                 312
JTU30000000JOL           2012        M06                 321
JTU30000000JOL           2012        M07                 305
JTU30000000JOL           2012        M08                 265
JTU30000000JOL           2012        M09                 259
JTU30000000JOL           2012        M10                 274
JTU30000000JOL           2012        M11                 221
JTU30000000JOL           2012        M12                 234
JTU30000000JOL           2013        M01                 264
JTU30000000JOL           2013        M02                 281
JTU30000000JOL           2013        M03                 269
JTU30000000JOL           2013        M04                 260
JTU30000000JOL           2013        M05                 240
JTU30000000JOL           2013        M06                 215
JTU30000000JOL           2013        M07                 261
JTU30000000JOL           2013        M08                 289
JTU30000000JOL           2013        M09                 267
JTU30000000JOL           2013        M10                 318
JTU30000000JOL           2013        M11                 245
JTU30000000JOL           2013        M12                 254
JTU30000000JOL           2014        M01                 256
JTU30000000JOL           2014        M02                 262
JTU30000000JOL           2014        M03                 272
JTU30000000JOL           2014        M04                 301
JTU30000000JOL           2014        M05                 306
JTU30000000JOL           2014        M06                 320
JTU30000000JOL           2014        M07                 319
JTU30000000JOL           2014        M08                 318
JTU30000000JOL           2014        M09                 302
JTU30000000JOL           2014        M10                 288
JTU30000000JOL           2014        M11                 296
JTU30000000JOL           2014        M12                 280
JTU30000000JOL           2015        M01                 304
JTU30000000JOL           2015        M02                 299
JTU30000000JOL           2015        M03                 310
JTU30000000JOL           2015        M04                 355
JTU30000000JOL           2015        M05                 337
JTU30000000JOL           2015        M06                 284
JTU30000000JOL           2015        M07                 372
JTU30000000JOL           2015        M08                 318
JTU30000000JOL           2015        M09                 309
JTU30000000JOL           2015        M10                 318
JTU30000000JOL           2015        M11                 240
JTU30000000JOL           2015        M12                 325
JTU30000000JOL           2016        M01                 348
JTU30000000JOL           2016        M02                 306
JTU30000000JOL           2016        M03                 342
JTU30000000JOL           2016        M04                 364
JTU30000000JOL           2016        M05                 344
JTU30000000JOL           2016        M06                 363
JTU30000000JOL           2016        M07                 394
JTU30000000JOL           2016        M08                 339
JTU30000000JOL           2016        M09                 326
JTU30000000JOL           2016        M10                 314
JTU30000000JOL           2016        M11                 319
JTU30000000JOL           2016        M12                 342
JTU30000000JOL           2017        M01                 361
JTU30000000JOL           2017        M02                 364
JTU30000000JOL           2017        M03                 404
JTU30000000JOL           2017        M04                 365
JTU30000000JOL           2017        M05                 350
JTU30000000JOL           2017        M06                 419
JTU30000000JOL           2017        M07                 414
JTU30000000JOL           2017        M08                 435
JTU30000000JOL           2017        M09                 435
JTU30000000JOL           2017        M10                 409
JTU30000000JOL           2017        M11                 404
JTU30000000JOL           2017        M12                 364        p
JTU30000000JOR           2000        M12                 2.1
JTU30000000JOR           2001        M01                 2.8
JTU30000000JOR           2001        M02                 2.3
JTU30000000JOR           2001        M03                 2.1
JTU30000000JOR           2001        M04                 2.0
JTU30000000JOR           2001        M05                 1.8
JTU30000000JOR           2001        M06                 1.9
JTU30000000JOR           2001        M07                 1.9
JTU30000000JOR           2001        M08                 1.6
JTU30000000JOR           2001        M09                 1.9
JTU30000000JOR           2001        M10                 1.6
JTU30000000JOR           2001        M11                 1.1
JTU30000000JOR           2001        M12                 1.1
JTU30000000JOR           2002        M01                 1.8
JTU30000000JOR           2002        M02                 1.5
JTU30000000JOR           2002        M03                 1.4
JTU30000000JOR           2002        M04                 1.6
JTU30000000JOR           2002        M05                 1.6
JTU30000000JOR           2002        M06                 1.7
JTU30000000JOR           2002        M07                 1.8
JTU30000000JOR           2002        M08                 1.5
JTU30000000JOR           2002        M09                 1.6
JTU30000000JOR           2002        M10                 1.5
JTU30000000JOR           2002        M11                 1.2
JTU30000000JOR           2002        M12                 1.1
JTU30000000JOR           2003        M01                 1.6
JTU30000000JOR           2003        M02                 1.3
JTU30000000JOR           2003        M03                 1.2
JTU30000000JOR           2003        M04                 1.4
JTU30000000JOR           2003        M05                 1.4
JTU30000000JOR           2003        M06                 1.3
JTU30000000JOR           2003        M07                 1.4
JTU30000000JOR           2003        M08                 1.5
JTU30000000JOR           2003        M09                 1.3
JTU30000000JOR           2003        M10                 1.5
JTU30000000JOR           2003        M11                 1.3
JTU30000000JOR           2003        M12                 1.3
JTU30000000JOR           2004        M01                 1.7
JTU30000000JOR           2004        M02                 1.5
JTU30000000JOR           2004        M03                 1.6
JTU30000000JOR           2004        M04                 1.9
JTU30000000JOR           2004        M05                 2.1
JTU30000000JOR           2004        M06                 1.8
JTU30000000JOR           2004        M07                 2.0
JTU30000000JOR           2004        M08                 1.9
JTU30000000JOR           2004        M09                 1.8
JTU30000000JOR           2004        M10                 1.9
JTU30000000JOR           2004        M11                 1.4
JTU30000000JOR           2004        M12                 1.6
JTU30000000JOR           2005        M01                 2.1
JTU30000000JOR           2005        M02                 1.9
JTU30000000JOR           2005        M03                 1.9
JTU30000000JOR           2005        M04                 2.2
JTU30000000JOR           2005        M05                 1.9
JTU30000000JOR           2005        M06                 2.0
JTU30000000JOR           2005        M07                 2.4
JTU30000000JOR           2005        M08                 2.1
JTU30000000JOR           2005        M09                 2.3
JTU30000000JOR           2005        M10                 2.0
JTU30000000JOR           2005        M11                 2.2
JTU30000000JOR           2005        M12                 2.1
JTU30000000JOR           2006        M01                 2.3
JTU30000000JOR           2006        M02                 2.6
JTU30000000JOR           2006        M03                 2.5
JTU30000000JOR           2006        M04                 2.7
JTU30000000JOR           2006        M05                 2.2
JTU30000000JOR           2006        M06                 2.5
JTU30000000JOR           2006        M07                 2.4
JTU30000000JOR           2006        M08                 2.4
JTU30000000JOR           2006        M09                 2.5
JTU30000000JOR           2006        M10                 2.5
JTU30000000JOR           2006        M11                 2.0
JTU30000000JOR           2006        M12                 2.2
JTU30000000JOR           2007        M01                 2.6
JTU30000000JOR           2007        M02                 2.5
JTU30000000JOR           2007        M03                 2.5
JTU30000000JOR           2007        M04                 2.7
JTU30000000JOR           2007        M05                 2.6
JTU30000000JOR           2007        M06                 2.6
JTU30000000JOR           2007        M07                 2.7
JTU30000000JOR           2007        M08                 2.3
JTU30000000JOR           2007        M09                 2.3
JTU30000000JOR           2007        M10                 2.1
JTU30000000JOR           2007        M11                 1.9
JTU30000000JOR           2007        M12                 1.9
JTU30000000JOR           2008        M01                 2.1
JTU30000000JOR           2008        M02                 2.0
JTU30000000JOR           2008        M03                 1.8
JTU30000000JOR           2008        M04                 2.2
JTU30000000JOR           2008        M05                 2.1
JTU30000000JOR           2008        M06                 1.8
JTU30000000JOR           2008        M07                 1.9
JTU30000000JOR           2008        M08                 2.0
JTU30000000JOR           2008        M09                 1.6
JTU30000000JOR           2008        M10                 1.8
JTU30000000JOR           2008        M11                 1.1
JTU30000000JOR           2008        M12                 1.1
JTU30000000JOR           2009        M01                 0.9
JTU30000000JOR           2009        M02                 1.1
JTU30000000JOR           2009        M03                 0.9
JTU30000000JOR           2009        M04                 0.9
JTU30000000JOR           2009        M05                 0.8
JTU30000000JOR           2009        M06                 0.8
JTU30000000JOR           2009        M07                 0.9
JTU30000000JOR           2009        M08                 1.1
JTU30000000JOR           2009        M09                 1.1
JTU30000000JOR           2009        M10                 1.2
JTU30000000JOR           2009        M11                 1.1
JTU30000000JOR           2009        M12                 1.3
JTU30000000JOR           2010        M01                 1.2
JTU30000000JOR           2010        M02                 1.3
JTU30000000JOR           2010        M03                 1.3
JTU30000000JOR           2010        M04                 1.6
JTU30000000JOR           2010        M05                 1.7
JTU30000000JOR           2010        M06                 1.8
JTU30000000JOR           2010        M07                 1.9
JTU30000000JOR           2010        M08                 1.6
JTU30000000JOR           2010        M09                 1.7
JTU30000000JOR           2010        M10                 1.7
JTU30000000JOR           2010        M11                 1.7
JTU30000000JOR           2010        M12                 1.4
JTU30000000JOR           2011        M01                 1.9
JTU30000000JOR           2011        M02                 1.8
JTU30000000JOR           2011        M03                 1.9
JTU30000000JOR           2011        M04                 2.1
JTU30000000JOR           2011        M05                 2.0
JTU30000000JOR           2011        M06                 1.8
JTU30000000JOR           2011        M07                 2.1
JTU30000000JOR           2011        M08                 1.9
JTU30000000JOR           2011        M09                 2.0
JTU30000000JOR           2011        M10                 2.0
JTU30000000JOR           2011        M11                 1.7
JTU30000000JOR           2011        M12                 1.8
JTU30000000JOR           2012        M01                 2.1
JTU30000000JOR           2012        M02                 2.1
JTU30000000JOR           2012        M03                 2.6
JTU30000000JOR           2012        M04                 2.2
JTU30000000JOR           2012        M05                 2.6
JTU30000000JOR           2012        M06                 2.6
JTU30000000JOR           2012        M07                 2.5
JTU30000000JOR           2012        M08                 2.2
JTU30000000JOR           2012        M09                 2.1
JTU30000000JOR           2012        M10                 2.2
JTU30000000JOR           2012        M11                 1.8
JTU30000000JOR           2012        M12                 1.9
JTU30000000JOR           2013        M01                 2.2
JTU30000000JOR           2013        M02                 2.3
JTU30000000JOR           2013        M03                 2.2
JTU30000000JOR           2013        M04                 2.1
JTU30000000JOR           2013        M05                 2.0
JTU30000000JOR           2013        M06                 1.7
JTU30000000JOR           2013        M07                 2.1
JTU30000000JOR           2013        M08                 2.3
JTU30000000JOR           2013        M09                 2.2
JTU30000000JOR           2013        M10                 2.6
JTU30000000JOR           2013        M11                 2.0
JTU30000000JOR           2013        M12                 2.1
JTU30000000JOR           2014        M01                 2.1
JTU30000000JOR           2014        M02                 2.1
JTU30000000JOR           2014        M03                 2.2
JTU30000000JOR           2014        M04                 2.4
JTU30000000JOR           2014        M05                 2.5
JTU30000000JOR           2014        M06                 2.5
JTU30000000JOR           2014        M07                 2.5
JTU30000000JOR           2014        M08                 2.5
JTU30000000JOR           2014        M09                 2.4
JTU30000000JOR           2014        M10                 2.3
JTU30000000JOR           2014        M11                 2.4
JTU30000000JOR           2014        M12                 2.2
JTU30000000JOR           2015        M01                 2.4
JTU30000000JOR           2015        M02                 2.4
JTU30000000JOR           2015        M03                 2.5
JTU30000000JOR           2015        M04                 2.8
JTU30000000JOR           2015        M05                 2.7
JTU30000000JOR           2015        M06                 2.2
JTU30000000JOR           2015        M07                 2.9
JTU30000000JOR           2015        M08                 2.5
JTU30000000JOR           2015        M09                 2.4
JTU30000000JOR           2015        M10                 2.5
JTU30000000JOR           2015        M11                 1.9
JTU30000000JOR           2015        M12                 2.6
JTU30000000JOR           2016        M01                 2.8
JTU30000000JOR           2016        M02                 2.4
JTU30000000JOR           2016        M03                 2.7
JTU30000000JOR           2016        M04                 2.9
JTU30000000JOR           2016        M05                 2.7
JTU30000000JOR           2016        M06                 2.8
JTU30000000JOR           2016        M07                 3.1
JTU30000000JOR           2016        M08                 2.7
JTU30000000JOR           2016        M09                 2.6
JTU30000000JOR           2016        M10                 2.5
JTU30000000JOR           2016        M11                 2.5
JTU30000000JOR           2016        M12                 2.7
JTU30000000JOR           2017        M01                 2.9
JTU30000000JOR           2017        M02                 2.9
JTU30000000JOR           2017        M03                 3.2
JTU30000000JOR           2017        M04                 2.9
JTU30000000JOR           2017        M05                 2.7
JTU30000000JOR           2017        M06                 3.2
JTU30000000JOR           2017        M07                 3.2
JTU30000000JOR           2017        M08                 3.4
JTU30000000JOR           2017        M09                 3.4
JTU30000000JOR           2017        M10                 3.2
JTU30000000JOR           2017        M11                 3.1
JTU30000000JOR           2017        M12                 2.8        p
JTU32000000JOL           2000        M12                 262
JTU32000000JOL           2001        M01                 363
JTU32000000JOL           2001        M02                 285
JTU32000000JOL           2001        M03                 220
JTU32000000JOL           2001        M04                 238
JTU32000000JOL           2001        M05                 204
JTU32000000JOL           2001        M06                 199
JTU32000000JOL           2001        M07                 200
JTU32000000JOL           2001        M08                 161
JTU32000000JOL           2001        M09                 186
JTU32000000JOL           2001        M10                 155
JTU32000000JOL           2001        M11                 104
JTU32000000JOL           2001        M12                 116
JTU32000000JOL           2002        M01                 166
JTU32000000JOL           2002        M02                 135
JTU32000000JOL           2002        M03                 130
JTU32000000JOL           2002        M04                 151
JTU32000000JOL           2002        M05                 156
JTU32000000JOL           2002        M06                 152
JTU32000000JOL           2002        M07                 178
JTU32000000JOL           2002        M08                 146
JTU32000000JOL           2002        M09                 144
JTU32000000JOL           2002        M10                 145
JTU32000000JOL           2002        M11                 115
JTU32000000JOL           2002        M12                 107
JTU32000000JOL           2003        M01                 136
JTU32000000JOL           2003        M02                 120
JTU32000000JOL           2003        M03                 121
JTU32000000JOL           2003        M04                 124
JTU32000000JOL           2003        M05                 120
JTU32000000JOL           2003        M06                 112
JTU32000000JOL           2003        M07                 119
JTU32000000JOL           2003        M08                 140
JTU32000000JOL           2003        M09                 113
JTU32000000JOL           2003        M10                 139
JTU32000000JOL           2003        M11                 135
JTU32000000JOL           2003        M12                 108
JTU32000000JOL           2004        M01                 153
JTU32000000JOL           2004        M02                 133
JTU32000000JOL           2004        M03                 150
JTU32000000JOL           2004        M04                 185
JTU32000000JOL           2004        M05                 191
JTU32000000JOL           2004        M06                 170
JTU32000000JOL           2004        M07                 181
JTU32000000JOL           2004        M08                 166
JTU32000000JOL           2004        M09                 171
JTU32000000JOL           2004        M10                 181
JTU32000000JOL           2004        M11                 138
JTU32000000JOL           2004        M12                 152
JTU32000000JOL           2005        M01                 204
JTU32000000JOL           2005        M02                 187
JTU32000000JOL           2005        M03                 180
JTU32000000JOL           2005        M04                 222
JTU32000000JOL           2005        M05                 195
JTU32000000JOL           2005        M06                 175
JTU32000000JOL           2005        M07                 222
JTU32000000JOL           2005        M08                 217
JTU32000000JOL           2005        M09                 234
JTU32000000JOL           2005        M10                 199
JTU32000000JOL           2005        M11                 218
JTU32000000JOL           2005        M12                 214
JTU32000000JOL           2006        M01                 232
JTU32000000JOL           2006        M02                 266
JTU32000000JOL           2006        M03                 244
JTU32000000JOL           2006        M04                 267
JTU32000000JOL           2006        M05                 213
JTU32000000JOL           2006        M06                 233
JTU32000000JOL           2006        M07                 229
JTU32000000JOL           2006        M08                 217
JTU32000000JOL           2006        M09                 232
JTU32000000JOL           2006        M10                 218
JTU32000000JOL           2006        M11                 192
JTU32000000JOL           2006        M12                 200
JTU32000000JOL           2007        M01                 223
JTU32000000JOL           2007        M02                 227
JTU32000000JOL           2007        M03                 236
JTU32000000JOL           2007        M04                 248
JTU32000000JOL           2007        M05                 225
JTU32000000JOL           2007        M06                 229
JTU32000000JOL           2007        M07                 244
JTU32000000JOL           2007        M08                 226
JTU32000000JOL           2007        M09                 189
JTU32000000JOL           2007        M10                 169
JTU32000000JOL           2007        M11                 166
JTU32000000JOL           2007        M12                 141
JTU32000000JOL           2008        M01                 176
JTU32000000JOL           2008        M02                 145
JTU32000000JOL           2008        M03                 146
JTU32000000JOL           2008        M04                 170
JTU32000000JOL           2008        M05                 171
JTU32000000JOL           2008        M06                 155
JTU32000000JOL           2008        M07                 147
JTU32000000JOL           2008        M08                 160
JTU32000000JOL           2008        M09                 123
JTU32000000JOL           2008        M10                 128
JTU32000000JOL           2008        M11                  85
JTU32000000JOL           2008        M12                  72
JTU32000000JOL           2009        M01                  49
JTU32000000JOL           2009        M02                  63
JTU32000000JOL           2009        M03                  59
JTU32000000JOL           2009        M04                  49
JTU32000000JOL           2009        M05                  57
JTU32000000JOL           2009        M06                  50
JTU32000000JOL           2009        M07                  61
JTU32000000JOL           2009        M08                  67
JTU32000000JOL           2009        M09                  67
JTU32000000JOL           2009        M10                  86
JTU32000000JOL           2009        M11                  61
JTU32000000JOL           2009        M12                  75
JTU32000000JOL           2010        M01                  77
JTU32000000JOL           2010        M02                  92
JTU32000000JOL           2010        M03                  94
JTU32000000JOL           2010        M04                 121
JTU32000000JOL           2010        M05                 129
JTU32000000JOL           2010        M06                 147
JTU32000000JOL           2010        M07                 144
JTU32000000JOL           2010        M08                 138
JTU32000000JOL           2010        M09                 139
JTU32000000JOL           2010        M10                 141
JTU32000000JOL           2010        M11                 137
JTU32000000JOL           2010        M12                 114
JTU32000000JOL           2011        M01                 151
JTU32000000JOL           2011        M02                 138
JTU32000000JOL           2011        M03                 156
JTU32000000JOL           2011        M04                 170
JTU32000000JOL           2011        M05                 152
JTU32000000JOL           2011        M06                 159
JTU32000000JOL           2011        M07                 179
JTU32000000JOL           2011        M08                 166
JTU32000000JOL           2011        M09                 167
JTU32000000JOL           2011        M10                 171
JTU32000000JOL           2011        M11                 144
JTU32000000JOL           2011        M12                 152
JTU32000000JOL           2012        M01                 186
JTU32000000JOL           2012        M02                 169
JTU32000000JOL           2012        M03                 202
JTU32000000JOL           2012        M04                 169
JTU32000000JOL           2012        M05                 218
JTU32000000JOL           2012        M06                 209
JTU32000000JOL           2012        M07                 200
JTU32000000JOL           2012        M08                 160
JTU32000000JOL           2012        M09                 145
JTU32000000JOL           2012        M10                 167
JTU32000000JOL           2012        M11                 148
JTU32000000JOL           2012        M12                 167
JTU32000000JOL           2013        M01                 164
JTU32000000JOL           2013        M02                 177
JTU32000000JOL           2013        M03                 187
JTU32000000JOL           2013        M04                 172
JTU32000000JOL           2013        M05                 147
JTU32000000JOL           2013        M06                 144
JTU32000000JOL           2013        M07                 152
JTU32000000JOL           2013        M08                 189
JTU32000000JOL           2013        M09                 173
JTU32000000JOL           2013        M10                 186
JTU32000000JOL           2013        M11                 149
JTU32000000JOL           2013        M12                 161
JTU32000000JOL           2014        M01                 158
JTU32000000JOL           2014        M02                 143
JTU32000000JOL           2014        M03                 168
JTU32000000JOL           2014        M04                 197
JTU32000000JOL           2014        M05                 175
JTU32000000JOL           2014        M06                 201
JTU32000000JOL           2014        M07                 207
JTU32000000JOL           2014        M08                 183
JTU32000000JOL           2014        M09                 179
JTU32000000JOL           2014        M10                 177
JTU32000000JOL           2014        M11                 184
JTU32000000JOL           2014        M12                 175
JTU32000000JOL           2015        M01                 187
JTU32000000JOL           2015        M02                 187
JTU32000000JOL           2015        M03                 197
JTU32000000JOL           2015        M04                 230
JTU32000000JOL           2015        M05                 201
JTU32000000JOL           2015        M06                 182
JTU32000000JOL           2015        M07                 219
JTU32000000JOL           2015        M08                 197
JTU32000000JOL           2015        M09                 190
JTU32000000JOL           2015        M10                 178
JTU32000000JOL           2015        M11                 143
JTU32000000JOL           2015        M12                 182
JTU32000000JOL           2016        M01                 190
JTU32000000JOL           2016        M02                 158
JTU32000000JOL           2016        M03                 175
JTU32000000JOL           2016        M04                 194
JTU32000000JOL           2016        M05                 187
JTU32000000JOL           2016        M06                 206
JTU32000000JOL           2016        M07                 231
JTU32000000JOL           2016        M08                 185
JTU32000000JOL           2016        M09                 197
JTU32000000JOL           2016        M10                 199
JTU32000000JOL           2016        M11                 186
JTU32000000JOL           2016        M12                 194
JTU32000000JOL           2017        M01                 206
JTU32000000JOL           2017        M02                 209
JTU32000000JOL           2017        M03                 230
JTU32000000JOL           2017        M04                 207
JTU32000000JOL           2017        M05                 201
JTU32000000JOL           2017        M06                 232
JTU32000000JOL           2017        M07                 207
JTU32000000JOL           2017        M08                 248
JTU32000000JOL           2017        M09                 262
JTU32000000JOL           2017        M10                 247
JTU32000000JOL           2017        M11                 248
JTU32000000JOL           2017        M12                 228        p
JTU32000000JOR           2000        M12                 2.4
JTU32000000JOR           2001        M01                 3.3
JTU32000000JOR           2001        M02                 2.6
JTU32000000JOR           2001        M03                 2.0
JTU32000000JOR           2001        M04                 2.2
JTU32000000JOR           2001        M05                 1.9
JTU32000000JOR           2001        M06                 1.9
JTU32000000JOR           2001        M07                 1.9
JTU32000000JOR           2001        M08                 1.6
JTU32000000JOR           2001        M09                 1.8
JTU32000000JOR           2001        M10                 1.5
JTU32000000JOR           2001        M11                 1.0
JTU32000000JOR           2001        M12                 1.2
JTU32000000JOR           2002        M01                 1.7
JTU32000000JOR           2002        M02                 1.4
JTU32000000JOR           2002        M03                 1.3
JTU32000000JOR           2002        M04                 1.6
JTU32000000JOR           2002        M05                 1.6
JTU32000000JOR           2002        M06                 1.6
JTU32000000JOR           2002        M07                 1.8
JTU32000000JOR           2002        M08                 1.5
JTU32000000JOR           2002        M09                 1.5
JTU32000000JOR           2002        M10                 1.5
JTU32000000JOR           2002        M11                 1.2
JTU32000000JOR           2002        M12                 1.1
JTU32000000JOR           2003        M01                 1.5
JTU32000000JOR           2003        M02                 1.3
JTU32000000JOR           2003        M03                 1.3
JTU32000000JOR           2003        M04                 1.4
JTU32000000JOR           2003        M05                 1.3
JTU32000000JOR           2003        M06                 1.2
JTU32000000JOR           2003        M07                 1.3
JTU32000000JOR           2003        M08                 1.6
JTU32000000JOR           2003        M09                 1.3
JTU32000000JOR           2003        M10                 1.5
JTU32000000JOR           2003        M11                 1.5
JTU32000000JOR           2003        M12                 1.2
JTU32000000JOR           2004        M01                 1.7
JTU32000000JOR           2004        M02                 1.5
JTU32000000JOR           2004        M03                 1.7
JTU32000000JOR           2004        M04                 2.0
JTU32000000JOR           2004        M05                 2.1
JTU32000000JOR           2004        M06                 1.9
JTU32000000JOR           2004        M07                 2.0
JTU32000000JOR           2004        M08                 1.8
JTU32000000JOR           2004        M09                 1.9
JTU32000000JOR           2004        M10                 2.0
JTU32000000JOR           2004        M11                 1.5
JTU32000000JOR           2004        M12                 1.7
JTU32000000JOR           2005        M01                 2.2
JTU32000000JOR           2005        M02                 2.0
JTU32000000JOR           2005        M03                 2.0
JTU32000000JOR           2005        M04                 2.4
JTU32000000JOR           2005        M05                 2.1
JTU32000000JOR           2005        M06                 1.9
JTU32000000JOR           2005        M07                 2.4
JTU32000000JOR           2005        M08                 2.4
JTU32000000JOR           2005        M09                 2.5
JTU32000000JOR           2005        M10                 2.2
JTU32000000JOR           2005        M11                 2.4
JTU32000000JOR           2005        M12                 2.3
JTU32000000JOR           2006        M01                 2.5
JTU32000000JOR           2006        M02                 2.9
JTU32000000JOR           2006        M03                 2.6
JTU32000000JOR           2006        M04                 2.9
JTU32000000JOR           2006        M05                 2.3
JTU32000000JOR           2006        M06                 2.5
JTU32000000JOR           2006        M07                 2.5
JTU32000000JOR           2006        M08                 2.3
JTU32000000JOR           2006        M09                 2.5
JTU32000000JOR           2006        M10                 2.4
JTU32000000JOR           2006        M11                 2.1
JTU32000000JOR           2006        M12                 2.2
JTU32000000JOR           2007        M01                 2.5
JTU32000000JOR           2007        M02                 2.5
JTU32000000JOR           2007        M03                 2.6
JTU32000000JOR           2007        M04                 2.7
JTU32000000JOR           2007        M05                 2.5
JTU32000000JOR           2007        M06                 2.5
JTU32000000JOR           2007        M07                 2.7
JTU32000000JOR           2007        M08                 2.5
JTU32000000JOR           2007        M09                 2.1
JTU32000000JOR           2007        M10                 1.9
JTU32000000JOR           2007        M11                 1.9
JTU32000000JOR           2007        M12                 1.6
JTU32000000JOR           2008        M01                 2.0
JTU32000000JOR           2008        M02                 1.7
JTU32000000JOR           2008        M03                 1.7
JTU32000000JOR           2008        M04                 1.9
JTU32000000JOR           2008        M05                 2.0
JTU32000000JOR           2008        M06                 1.8
JTU32000000JOR           2008        M07                 1.7
JTU32000000JOR           2008        M08                 1.9
JTU32000000JOR           2008        M09                 1.4
JTU32000000JOR           2008        M10                 1.5
JTU32000000JOR           2008        M11                 1.0
JTU32000000JOR           2008        M12                 0.9
JTU32000000JOR           2009        M01                 0.6
JTU32000000JOR           2009        M02                 0.8
JTU32000000JOR           2009        M03                 0.8
JTU32000000JOR           2009        M04                 0.7
JTU32000000JOR           2009        M05                 0.8
JTU32000000JOR           2009        M06                 0.7
JTU32000000JOR           2009        M07                 0.8
JTU32000000JOR           2009        M08                 0.9
JTU32000000JOR           2009        M09                 0.9
JTU32000000JOR           2009        M10                 1.2
JTU32000000JOR           2009        M11                 0.9
JTU32000000JOR           2009        M12                 1.1
JTU32000000JOR           2010        M01                 1.1
JTU32000000JOR           2010        M02                 1.3
JTU32000000JOR           2010        M03                 1.3
JTU32000000JOR           2010        M04                 1.7
JTU32000000JOR           2010        M05                 1.8
JTU32000000JOR           2010        M06                 2.0
JTU32000000JOR           2010        M07                 2.0
JTU32000000JOR           2010        M08                 1.9
JTU32000000JOR           2010        M09                 1.9
JTU32000000JOR           2010        M10                 1.9
JTU32000000JOR           2010        M11                 1.9
JTU32000000JOR           2010        M12                 1.6
JTU32000000JOR           2011        M01                 2.1
JTU32000000JOR           2011        M02                 1.9
JTU32000000JOR           2011        M03                 2.1
JTU32000000JOR           2011        M04                 2.3
JTU32000000JOR           2011        M05                 2.1
JTU32000000JOR           2011        M06                 2.1
JTU32000000JOR           2011        M07                 2.4
JTU32000000JOR           2011        M08                 2.2
JTU32000000JOR           2011        M09                 2.2
JTU32000000JOR           2011        M10                 2.3
JTU32000000JOR           2011        M11                 1.9
JTU32000000JOR           2011        M12                 2.0
JTU32000000JOR           2012        M01                 2.5
JTU32000000JOR           2012        M02                 2.2
JTU32000000JOR           2012        M03                 2.7
JTU32000000JOR           2012        M04                 2.2
JTU32000000JOR           2012        M05                 2.8
JTU32000000JOR           2012        M06                 2.7
JTU32000000JOR           2012        M07                 2.6
JTU32000000JOR           2012        M08                 2.1
JTU32000000JOR           2012        M09                 1.9
JTU32000000JOR           2012        M10                 2.2
JTU32000000JOR           2012        M11                 1.9
JTU32000000JOR           2012        M12                 2.2
JTU32000000JOR           2013        M01                 2.1
JTU32000000JOR           2013        M02                 2.3
JTU32000000JOR           2013        M03                 2.4
JTU32000000JOR           2013        M04                 2.2
JTU32000000JOR           2013        M05                 1.9
JTU32000000JOR           2013        M06                 1.9
JTU32000000JOR           2013        M07                 2.0
JTU32000000JOR           2013        M08                 2.4
JTU32000000JOR           2013        M09                 2.2
JTU32000000JOR           2013        M10                 2.4
JTU32000000JOR           2013        M11                 1.9
JTU32000000JOR           2013        M12                 2.1
JTU32000000JOR           2014        M01                 2.1
JTU32000000JOR           2014        M02                 1.9
JTU32000000JOR           2014        M03                 2.2
JTU32000000JOR           2014        M04                 2.5
JTU32000000JOR           2014        M05                 2.2
JTU32000000JOR           2014        M06                 2.5
JTU32000000JOR           2014        M07                 2.6
JTU32000000JOR           2014        M08                 2.3
JTU32000000JOR           2014        M09                 2.3
JTU32000000JOR           2014        M10                 2.2
JTU32000000JOR           2014        M11                 2.3
JTU32000000JOR           2014        M12                 2.2
JTU32000000JOR           2015        M01                 2.4
JTU32000000JOR           2015        M02                 2.4
JTU32000000JOR           2015        M03                 2.5
JTU32000000JOR           2015        M04                 2.9
JTU32000000JOR           2015        M05                 2.5
JTU32000000JOR           2015        M06                 2.3
JTU32000000JOR           2015        M07                 2.7
JTU32000000JOR           2015        M08                 2.5
JTU32000000JOR           2015        M09                 2.4
JTU32000000JOR           2015        M10                 2.2
JTU32000000JOR           2015        M11                 1.8
JTU32000000JOR           2015        M12                 2.3
JTU32000000JOR           2016        M01                 2.4
JTU32000000JOR           2016        M02                 2.0
JTU32000000JOR           2016        M03                 2.2
JTU32000000JOR           2016        M04                 2.5
JTU32000000JOR           2016        M05                 2.4
JTU32000000JOR           2016        M06                 2.6
JTU32000000JOR           2016        M07                 2.9
JTU32000000JOR           2016        M08                 2.3
JTU32000000JOR           2016        M09                 2.5
JTU32000000JOR           2016        M10                 2.5
JTU32000000JOR           2016        M11                 2.4
JTU32000000JOR           2016        M12                 2.5
JTU32000000JOR           2017        M01                 2.6
JTU32000000JOR           2017        M02                 2.6
JTU32000000JOR           2017        M03                 2.9
JTU32000000JOR           2017        M04                 2.6
JTU32000000JOR           2017        M05                 2.5
JTU32000000JOR           2017        M06                 2.9
JTU32000000JOR           2017        M07                 2.6
JTU32000000JOR           2017        M08                 3.1
JTU32000000JOR           2017        M09                 3.3
JTU32000000JOR           2017        M10                 3.1
JTU32000000JOR           2017        M11                 3.1
JTU32000000JOR           2017        M12                 2.8        p
JTU34000000JOL           2000        M12                 100
JTU34000000JOL           2001        M01                 133
JTU34000000JOL           2001        M02                 115
JTU34000000JOL           2001        M03                 140
JTU34000000JOL           2001        M04                  99
JTU34000000JOL           2001        M05                 109
JTU34000000JOL           2001        M06                 121
JTU34000000JOL           2001        M07                 125
JTU34000000JOL           2001        M08                 106
JTU34000000JOL           2001        M09                 126
JTU34000000JOL           2001        M10                 110
JTU34000000JOL           2001        M11                  72
JTU34000000JOL           2001        M12                  62
JTU34000000JOL           2002        M01                 114
JTU34000000JOL           2002        M02                 101
JTU34000000JOL           2002        M03                  95
JTU34000000JOL           2002        M04                 106
JTU34000000JOL           2002        M05                  95
JTU34000000JOL           2002        M06                 108
JTU34000000JOL           2002        M07                  99
JTU34000000JOL           2002        M08                  87
JTU34000000JOL           2002        M09                 103
JTU34000000JOL           2002        M10                  79
JTU34000000JOL           2002        M11                  70
JTU34000000JOL           2002        M12                  61
JTU34000000JOL           2003        M01                  97
JTU34000000JOL           2003        M02                  74
JTU34000000JOL           2003        M03                  63
JTU34000000JOL           2003        M04                  79
JTU34000000JOL           2003        M05                  88
JTU34000000JOL           2003        M06                  81
JTU34000000JOL           2003        M07                  88
JTU34000000JOL           2003        M08                  85
JTU34000000JOL           2003        M09                  76
JTU34000000JOL           2003        M10                  86
JTU34000000JOL           2003        M11                  62
JTU34000000JOL           2003        M12                  78
JTU34000000JOL           2004        M01                  97
JTU34000000JOL           2004        M02                  81
JTU34000000JOL           2004        M03                  88
JTU34000000JOL           2004        M04                  97
JTU34000000JOL           2004        M05                 114
JTU34000000JOL           2004        M06                  94
JTU34000000JOL           2004        M07                 119
JTU34000000JOL           2004        M08                 109
JTU34000000JOL           2004        M09                  96
JTU34000000JOL           2004        M10                 102
JTU34000000JOL           2004        M11                  60
JTU34000000JOL           2004        M12                  78
JTU34000000JOL           2005        M01                  93
JTU34000000JOL           2005        M02                  92
JTU34000000JOL           2005        M03                  91
JTU34000000JOL           2005        M04                  92
JTU34000000JOL           2005        M05                  84
JTU34000000JOL           2005        M06                 114
JTU34000000JOL           2005        M07                 126
JTU34000000JOL           2005        M08                  88
JTU34000000JOL           2005        M09                 108
JTU34000000JOL           2005        M10                  85
JTU34000000JOL           2005        M11                 105
JTU34000000JOL           2005        M12                  89
JTU34000000JOL           2006        M01                  96
JTU34000000JOL           2006        M02                 104
JTU34000000JOL           2006        M03                 117
JTU34000000JOL           2006        M04                 128
JTU34000000JOL           2006        M05                 107
JTU34000000JOL           2006        M06                 133
JTU34000000JOL           2006        M07                 115
JTU34000000JOL           2006        M08                 130
JTU34000000JOL           2006        M09                 129
JTU34000000JOL           2006        M10                 141
JTU34000000JOL           2006        M11                  97
JTU34000000JOL           2006        M12                 115
JTU34000000JOL           2007        M01                 142
JTU34000000JOL           2007        M02                 122
JTU34000000JOL           2007        M03                 127
JTU34000000JOL           2007        M04                 139
JTU34000000JOL           2007        M05                 142
JTU34000000JOL           2007        M06                 142
JTU34000000JOL           2007        M07                 143
JTU34000000JOL           2007        M08                 108
JTU34000000JOL           2007        M09                 134
JTU34000000JOL           2007        M10                 130
JTU34000000JOL           2007        M11                 105
JTU34000000JOL           2007        M12                 125
JTU34000000JOL           2008        M01                 118
JTU34000000JOL           2008        M02                 126
JTU34000000JOL           2008        M03                 101
JTU34000000JOL           2008        M04                 130
JTU34000000JOL           2008        M05                 120
JTU34000000JOL           2008        M06                  93
JTU34000000JOL           2008        M07                 109
JTU34000000JOL           2008        M08                 112
JTU34000000JOL           2008        M09                  91
JTU34000000JOL           2008        M10                 110
JTU34000000JOL           2008        M11                  62
JTU34000000JOL           2008        M12                  67
JTU34000000JOL           2009        M01                  64
JTU34000000JOL           2009        M02                  67
JTU34000000JOL           2009        M03                  55
JTU34000000JOL           2009        M04                  55
JTU34000000JOL           2009        M05                  43
JTU34000000JOL           2009        M06                  50
JTU34000000JOL           2009        M07                  48
JTU34000000JOL           2009        M08                  66
JTU34000000JOL           2009        M09                  63
JTU34000000JOL           2009        M10                  60
JTU34000000JOL           2009        M11                  67
JTU34000000JOL           2009        M12                  79
JTU34000000JOL           2010        M01                  61
JTU34000000JOL           2010        M02                  60
JTU34000000JOL           2010        M03                  52
JTU34000000JOL           2010        M04                  68
JTU34000000JOL           2010        M05                  68
JTU34000000JOL           2010        M06                  69
JTU34000000JOL           2010        M07                  78
JTU34000000JOL           2010        M08                  52
JTU34000000JOL           2010        M09                  57
JTU34000000JOL           2010        M10                  63
JTU34000000JOL           2010        M11                  59
JTU34000000JOL           2010        M12                  55
JTU34000000JOL           2011        M01                  77
JTU34000000JOL           2011        M02                  69
JTU34000000JOL           2011        M03                  64
JTU34000000JOL           2011        M04                  77
JTU34000000JOL           2011        M05                  86
JTU34000000JOL           2011        M06                  63
JTU34000000JOL           2011        M07                  79
JTU34000000JOL           2011        M08                  68
JTU34000000JOL           2011        M09                  77
JTU34000000JOL           2011        M10                  71
JTU34000000JOL           2011        M11                  66
JTU34000000JOL           2011        M12                  67
JTU34000000JOL           2012        M01                  69
JTU34000000JOL           2012        M02                  78
JTU34000000JOL           2012        M03                 111
JTU34000000JOL           2012        M04                 103
JTU34000000JOL           2012        M05                  94
JTU34000000JOL           2012        M06                 112
JTU34000000JOL           2012        M07                 105
JTU34000000JOL           2012        M08                 105
JTU34000000JOL           2012        M09                 114
JTU34000000JOL           2012        M10                 107
JTU34000000JOL           2012        M11                  72
JTU34000000JOL           2012        M12                  66
JTU34000000JOL           2013        M01                 100
JTU34000000JOL           2013        M02                 103
JTU34000000JOL           2013        M03                  82
JTU34000000JOL           2013        M04                  88
JTU34000000JOL           2013        M05                  94
JTU34000000JOL           2013        M06                  71
JTU34000000JOL           2013        M07                 109
JTU34000000JOL           2013        M08                  99
JTU34000000JOL           2013        M09                  94
JTU34000000JOL           2013        M10                 132
JTU34000000JOL           2013        M11                  96
JTU34000000JOL           2013        M12                  94
JTU34000000JOL           2014        M01                  98
JTU34000000JOL           2014        M02                 119
JTU34000000JOL           2014        M03                 103
JTU34000000JOL           2014        M04                 104
JTU34000000JOL           2014        M05                 131
JTU34000000JOL           2014        M06                 119
JTU34000000JOL           2014        M07                 111
JTU34000000JOL           2014        M08                 134
JTU34000000JOL           2014        M09                 122
JTU34000000JOL           2014        M10                 111
JTU34000000JOL           2014        M11                 112
JTU34000000JOL           2014        M12                 106
JTU34000000JOL           2015        M01                 117
JTU34000000JOL           2015        M02                 112
JTU34000000JOL           2015        M03                 113
JTU34000000JOL           2015        M04                 126
JTU34000000JOL           2015        M05                 137
JTU34000000JOL           2015        M06                 102
JTU34000000JOL           2015        M07                 152
JTU34000000JOL           2015        M08                 121
JTU34000000JOL           2015        M09                 120
JTU34000000JOL           2015        M10                 140
JTU34000000JOL           2015        M11                  97
JTU34000000JOL           2015        M12                 143
JTU34000000JOL           2016        M01                 159
JTU34000000JOL           2016        M02                 148
JTU34000000JOL           2016        M03                 167
JTU34000000JOL           2016        M04                 169
JTU34000000JOL           2016        M05                 157
JTU34000000JOL           2016        M06                 158
JTU34000000JOL           2016        M07                 162
JTU34000000JOL           2016        M08                 154
JTU34000000JOL           2016        M09                 129
JTU34000000JOL           2016        M10                 115
JTU34000000JOL           2016        M11                 133
JTU34000000JOL           2016        M12                 148
JTU34000000JOL           2017        M01                 155
JTU34000000JOL           2017        M02                 155
JTU34000000JOL           2017        M03                 174
JTU34000000JOL           2017        M04                 158
JTU34000000JOL           2017        M05                 149
JTU34000000JOL           2017        M06                 187
JTU34000000JOL           2017        M07                 207
JTU34000000JOL           2017        M08                 187
JTU34000000JOL           2017        M09                 173
JTU34000000JOL           2017        M10                 162
JTU34000000JOL           2017        M11                 156
JTU34000000JOL           2017        M12                 136        p
JTU34000000JOR           2000        M12                 1.6
JTU34000000JOR           2001        M01                 2.1
JTU34000000JOR           2001        M02                 1.8
JTU34000000JOR           2001        M03                 2.2
JTU34000000JOR           2001        M04                 1.6
JTU34000000JOR           2001        M05                 1.7
JTU34000000JOR           2001        M06                 1.9
JTU34000000JOR           2001        M07                 2.0
JTU34000000JOR           2001        M08                 1.7
JTU34000000JOR           2001        M09                 2.0
JTU34000000JOR           2001        M10                 1.8
JTU34000000JOR           2001        M11                 1.2
JTU34000000JOR           2001        M12                 1.0
JTU34000000JOR           2002        M01                 1.9
JTU34000000JOR           2002        M02                 1.7
JTU34000000JOR           2002        M03                 1.6
JTU34000000JOR           2002        M04                 1.8
JTU34000000JOR           2002        M05                 1.6
JTU34000000JOR           2002        M06                 1.8
JTU34000000JOR           2002        M07                 1.7
JTU34000000JOR           2002        M08                 1.5
JTU34000000JOR           2002        M09                 1.7
JTU34000000JOR           2002        M10                 1.4
JTU34000000JOR           2002        M11                 1.2
JTU34000000JOR           2002        M12                 1.1
JTU34000000JOR           2003        M01                 1.7
JTU34000000JOR           2003        M02                 1.3
JTU34000000JOR           2003        M03                 1.1
JTU34000000JOR           2003        M04                 1.4
JTU34000000JOR           2003        M05                 1.6
JTU34000000JOR           2003        M06                 1.4
JTU34000000JOR           2003        M07                 1.6
JTU34000000JOR           2003        M08                 1.5
JTU34000000JOR           2003        M09                 1.4
JTU34000000JOR           2003        M10                 1.5
JTU34000000JOR           2003        M11                 1.1
JTU34000000JOR           2003        M12                 1.4
JTU34000000JOR           2004        M01                 1.8
JTU34000000JOR           2004        M02                 1.5
JTU34000000JOR           2004        M03                 1.6
JTU34000000JOR           2004        M04                 1.8
JTU34000000JOR           2004        M05                 2.1
JTU34000000JOR           2004        M06                 1.7
JTU34000000JOR           2004        M07                 2.1
JTU34000000JOR           2004        M08                 2.0
JTU34000000JOR           2004        M09                 1.7
JTU34000000JOR           2004        M10                 1.9
JTU34000000JOR           2004        M11                 1.1
JTU34000000JOR           2004        M12                 1.4
JTU34000000JOR           2005        M01                 1.7
JTU34000000JOR           2005        M02                 1.7
JTU34000000JOR           2005        M03                 1.7
JTU34000000JOR           2005        M04                 1.7
JTU34000000JOR           2005        M05                 1.6
JTU34000000JOR           2005        M06                 2.1
JTU34000000JOR           2005        M07                 2.3
JTU34000000JOR           2005        M08                 1.6
JTU34000000JOR           2005        M09                 2.0
JTU34000000JOR           2005        M10                 1.6
JTU34000000JOR           2005        M11                 2.0
JTU34000000JOR           2005        M12                 1.7
JTU34000000JOR           2006        M01                 1.8
JTU34000000JOR           2006        M02                 2.0
JTU34000000JOR           2006        M03                 2.2
JTU34000000JOR           2006        M04                 2.4
JTU34000000JOR           2006        M05                 2.0
JTU34000000JOR           2006        M06                 2.5
JTU34000000JOR           2006        M07                 2.2
JTU34000000JOR           2006        M08                 2.4
JTU34000000JOR           2006        M09                 2.4
JTU34000000JOR           2006        M10                 2.7
JTU34000000JOR           2006        M11                 1.8
JTU34000000JOR           2006        M12                 2.2
JTU34000000JOR           2007        M01                 2.7
JTU34000000JOR           2007        M02                 2.4
JTU34000000JOR           2007        M03                 2.4
JTU34000000JOR           2007        M04                 2.7
JTU34000000JOR           2007        M05                 2.7
JTU34000000JOR           2007        M06                 2.7
JTU34000000JOR           2007        M07                 2.7
JTU34000000JOR           2007        M08                 2.1
JTU34000000JOR           2007        M09                 2.6
JTU34000000JOR           2007        M10                 2.5
JTU34000000JOR           2007        M11                 2.0
JTU34000000JOR           2007        M12                 2.4
JTU34000000JOR           2008        M01                 2.3
JTU34000000JOR           2008        M02                 2.5
JTU34000000JOR           2008        M03                 2.0
JTU34000000JOR           2008        M04                 2.6
JTU34000000JOR           2008        M05                 2.4
JTU34000000JOR           2008        M06                 1.8
JTU34000000JOR           2008        M07                 2.1
JTU34000000JOR           2008        M08                 2.2
JTU34000000JOR           2008        M09                 1.8
JTU34000000JOR           2008        M10                 2.2
JTU34000000JOR           2008        M11                 1.3
JTU34000000JOR           2008        M12                 1.4
JTU34000000JOR           2009        M01                 1.3
JTU34000000JOR           2009        M02                 1.4
JTU34000000JOR           2009        M03                 1.2
JTU34000000JOR           2009        M04                 1.2
JTU34000000JOR           2009        M05                 0.9
JTU34000000JOR           2009        M06                 1.1
JTU34000000JOR           2009        M07                 1.0
JTU34000000JOR           2009        M08                 1.4
JTU34000000JOR           2009        M09                 1.4
JTU34000000JOR           2009        M10                 1.3
JTU34000000JOR           2009        M11                 1.5
JTU34000000JOR           2009        M12                 1.7
JTU34000000JOR           2010        M01                 1.4
JTU34000000JOR           2010        M02                 1.3
JTU34000000JOR           2010        M03                 1.2
JTU34000000JOR           2010        M04                 1.5
JTU34000000JOR           2010        M05                 1.5
JTU34000000JOR           2010        M06                 1.5
JTU34000000JOR           2010        M07                 1.7
JTU34000000JOR           2010        M08                 1.1
JTU34000000JOR           2010        M09                 1.3
JTU34000000JOR           2010        M10                 1.4
JTU34000000JOR           2010        M11                 1.3
JTU34000000JOR           2010        M12                 1.2
JTU34000000JOR           2011        M01                 1.7
JTU34000000JOR           2011        M02                 1.5
JTU34000000JOR           2011        M03                 1.4
JTU34000000JOR           2011        M04                 1.7
JTU34000000JOR           2011        M05                 1.9
JTU34000000JOR           2011        M06                 1.4
JTU34000000JOR           2011        M07                 1.7
JTU34000000JOR           2011        M08                 1.5
JTU34000000JOR           2011        M09                 1.7
JTU34000000JOR           2011        M10                 1.6
JTU34000000JOR           2011        M11                 1.5
JTU34000000JOR           2011        M12                 1.5
JTU34000000JOR           2012        M01                 1.6
JTU34000000JOR           2012        M02                 1.8
JTU34000000JOR           2012        M03                 2.5
JTU34000000JOR           2012        M04                 2.3
JTU34000000JOR           2012        M05                 2.1
JTU34000000JOR           2012        M06                 2.4
JTU34000000JOR           2012        M07                 2.3
JTU34000000JOR           2012        M08                 2.3
JTU34000000JOR           2012        M09                 2.5
JTU34000000JOR           2012        M10                 2.3
JTU34000000JOR           2012        M11                 1.6
JTU34000000JOR           2012        M12                 1.5
JTU34000000JOR           2013        M01                 2.2
JTU34000000JOR           2013        M02                 2.3
JTU34000000JOR           2013        M03                 1.8
JTU34000000JOR           2013        M04                 1.9
JTU34000000JOR           2013        M05                 2.1
JTU34000000JOR           2013        M06                 1.6
JTU34000000JOR           2013        M07                 2.4
JTU34000000JOR           2013        M08                 2.1
JTU34000000JOR           2013        M09                 2.0
JTU34000000JOR           2013        M10                 2.9
JTU34000000JOR           2013        M11                 2.1
JTU34000000JOR           2013        M12                 2.0
JTU34000000JOR           2014        M01                 2.2
JTU34000000JOR           2014        M02                 2.6
JTU34000000JOR           2014        M03                 2.3
JTU34000000JOR           2014        M04                 2.3
JTU34000000JOR           2014        M05                 2.8
JTU34000000JOR           2014        M06                 2.6
JTU34000000JOR           2014        M07                 2.4
JTU34000000JOR           2014        M08                 2.9
JTU34000000JOR           2014        M09                 2.6
JTU34000000JOR           2014        M10                 2.4
JTU34000000JOR           2014        M11                 2.4
JTU34000000JOR           2014        M12                 2.3
JTU34000000JOR           2015        M01                 2.5
JTU34000000JOR           2015        M02                 2.4
JTU34000000JOR           2015        M03                 2.4
JTU34000000JOR           2015        M04                 2.7
JTU34000000JOR           2015        M05                 2.9
JTU34000000JOR           2015        M06                 2.2
JTU34000000JOR           2015        M07                 3.2
JTU34000000JOR           2015        M08                 2.6
JTU34000000JOR           2015        M09                 2.5
JTU34000000JOR           2015        M10                 2.9
JTU34000000JOR           2015        M11                 2.1
JTU34000000JOR           2015        M12                 3.0
JTU34000000JOR           2016        M01                 3.4
JTU34000000JOR           2016        M02                 3.1
JTU34000000JOR           2016        M03                 3.5
JTU34000000JOR           2016        M04                 3.6
JTU34000000JOR           2016        M05                 3.3
JTU34000000JOR           2016        M06                 3.3
JTU34000000JOR           2016        M07                 3.3
JTU34000000JOR           2016        M08                 3.2
JTU34000000JOR           2016        M09                 2.7
JTU34000000JOR           2016        M10                 2.4
JTU34000000JOR           2016        M11                 2.8
JTU34000000JOR           2016        M12                 3.1
JTU34000000JOR           2017        M01                 3.3
JTU34000000JOR           2017        M02                 3.2
JTU34000000JOR           2017        M03                 3.6
JTU34000000JOR           2017        M04                 3.3
JTU34000000JOR           2017        M05                 3.1
JTU34000000JOR           2017        M06                 3.8
JTU34000000JOR           2017        M07                 4.2
JTU34000000JOR           2017        M08                 3.8
JTU34000000JOR           2017        M09                 3.5
JTU34000000JOR           2017        M10                 3.3
JTU34000000JOR           2017        M11                 3.2
JTU34000000JOR           2017        M12                 2.8        p
JTU40000000JOL           2000        M12                 604
JTU40000000JOL           2001        M01                 954
JTU40000000JOL           2001        M02                 788
JTU40000000JOL           2001        M03                 636
JTU40000000JOL           2001        M04                 886
JTU40000000JOL           2001        M05                 663
JTU40000000JOL           2001        M06                 649
JTU40000000JOL           2001        M07                 751
JTU40000000JOL           2001        M08                 614
JTU40000000JOL           2001        M09                 617
JTU40000000JOL           2001        M10                 701
JTU40000000JOL           2001        M11                 481
JTU40000000JOL           2001        M12                 439
JTU40000000JOL           2002        M01                 589
JTU40000000JOL           2002        M02                 463
JTU40000000JOL           2002        M03                 542
JTU40000000JOL           2002        M04                 572
JTU40000000JOL           2002        M05                 522
JTU40000000JOL           2002        M06                 513
JTU40000000JOL           2002        M07                 587
JTU40000000JOL           2002        M08                 561
JTU40000000JOL           2002        M09                 586
JTU40000000JOL           2002        M10                 737
JTU40000000JOL           2002        M11                 452
JTU40000000JOL           2002        M12                 329
JTU40000000JOL           2003        M01                 536
JTU40000000JOL           2003        M02                 494
JTU40000000JOL           2003        M03                 452
JTU40000000JOL           2003        M04                 563
JTU40000000JOL           2003        M05                 486
JTU40000000JOL           2003        M06                 491
JTU40000000JOL           2003        M07                 523
JTU40000000JOL           2003        M08                 573
JTU40000000JOL           2003        M09                 587
JTU40000000JOL           2003        M10                 658
JTU40000000JOL           2003        M11                 481
JTU40000000JOL           2003        M12                 452
JTU40000000JOL           2004        M01                 543
JTU40000000JOL           2004        M02                 470
JTU40000000JOL           2004        M03                 589
JTU40000000JOL           2004        M04                 636
JTU40000000JOL           2004        M05                 593
JTU40000000JOL           2004        M06                 582
JTU40000000JOL           2004        M07                 759
JTU40000000JOL           2004        M08                 656
JTU40000000JOL           2004        M09                 768
JTU40000000JOL           2004        M10                 774
JTU40000000JOL           2004        M11                 480
JTU40000000JOL           2004        M12                 506
JTU40000000JOL           2005        M01                 597
JTU40000000JOL           2005        M02                 627
JTU40000000JOL           2005        M03                 671
JTU40000000JOL           2005        M04                 757
JTU40000000JOL           2005        M05                 673
JTU40000000JOL           2005        M06                 644
JTU40000000JOL           2005        M07                 748
JTU40000000JOL           2005        M08                 744
JTU40000000JOL           2005        M09                 764
JTU40000000JOL           2005        M10                 884
JTU40000000JOL           2005        M11                 738
JTU40000000JOL           2005        M12                 566
JTU40000000JOL           2006        M01                 606
JTU40000000JOL           2006        M02                 634
JTU40000000JOL           2006        M03                 710
JTU40000000JOL           2006        M04                 785
JTU40000000JOL           2006        M05                 764
JTU40000000JOL           2006        M06                 671
JTU40000000JOL           2006        M07                 733
JTU40000000JOL           2006        M08                 800
JTU40000000JOL           2006        M09                 899
JTU40000000JOL           2006        M10                 908
JTU40000000JOL           2006        M11                 710
JTU40000000JOL           2006        M12                 703
JTU40000000JOL           2007        M01                 844
JTU40000000JOL           2007        M02                 656
JTU40000000JOL           2007        M03                 806
JTU40000000JOL           2007        M04                 911
JTU40000000JOL           2007        M05                 722
JTU40000000JOL           2007        M06                 781
JTU40000000JOL           2007        M07                 863
JTU40000000JOL           2007        M08                 835
JTU40000000JOL           2007        M09                 843
JTU40000000JOL           2007        M10                 820
JTU40000000JOL           2007        M11                 703
JTU40000000JOL           2007        M12                 631
JTU40000000JOL           2008        M01                 732
JTU40000000JOL           2008        M02                 601
JTU40000000JOL           2008        M03                 608
JTU40000000JOL           2008        M04                 655
JTU40000000JOL           2008        M05                 608
JTU40000000JOL           2008        M06                 542
JTU40000000JOL           2008        M07                 680
JTU40000000JOL           2008        M08                 622
JTU40000000JOL           2008        M09                 535
JTU40000000JOL           2008        M10                 632
JTU40000000JOL           2008        M11                 463
JTU40000000JOL           2008        M12                 320
JTU40000000JOL           2009        M01                 431
JTU40000000JOL           2009        M02                 365
JTU40000000JOL           2009        M03                 374
JTU40000000JOL           2009        M04                 336
JTU40000000JOL           2009        M05                 444
JTU40000000JOL           2009        M06                 425
JTU40000000JOL           2009        M07                 331
JTU40000000JOL           2009        M08                 444
JTU40000000JOL           2009        M09                 454
JTU40000000JOL           2009        M10                 365
JTU40000000JOL           2009        M11                 300
JTU40000000JOL           2009        M12                 258
JTU40000000JOL           2010        M01                 353
JTU40000000JOL           2010        M02                 371
JTU40000000JOL           2010        M03                 481
JTU40000000JOL           2010        M04                 434
JTU40000000JOL           2010        M05                 426
JTU40000000JOL           2010        M06                 433
JTU40000000JOL           2010        M07                 470
JTU40000000JOL           2010        M08                 435
JTU40000000JOL           2010        M09                 461
JTU40000000JOL           2010        M10                 502
JTU40000000JOL           2010        M11                 371
JTU40000000JOL           2010        M12                 346
JTU40000000JOL           2011        M01                 493
JTU40000000JOL           2011        M02                 459
JTU40000000JOL           2011        M03                 504
JTU40000000JOL           2011        M04                 579
JTU40000000JOL           2011        M05                 538
JTU40000000JOL           2011        M06                 560
JTU40000000JOL           2011        M07                 656
JTU40000000JOL           2011        M08                 543
JTU40000000JOL           2011        M09                 623
JTU40000000JOL           2011        M10                 666
JTU40000000JOL           2011        M11                 509
JTU40000000JOL           2011        M12                 450
JTU40000000JOL           2012        M01                 611
JTU40000000JOL           2012        M02                 543
JTU40000000JOL           2012        M03                 611
JTU40000000JOL           2012        M04                 586
JTU40000000JOL           2012        M05                 598
JTU40000000JOL           2012        M06                 578
JTU40000000JOL           2012        M07                 646
JTU40000000JOL           2012        M08                 634
JTU40000000JOL           2012        M09                 662
JTU40000000JOL           2012        M10                 682
JTU40000000JOL           2012        M11                 610
JTU40000000JOL           2012        M12                 545
JTU40000000JOL           2013        M01                 679
JTU40000000JOL           2013        M02                 565
JTU40000000JOL           2013        M03                 649
JTU40000000JOL           2013        M04                 736
JTU40000000JOL           2013        M05                 744
JTU40000000JOL           2013        M06                 805
JTU40000000JOL           2013        M07                 809
JTU40000000JOL           2013        M08                 764
JTU40000000JOL           2013        M09                 851
JTU40000000JOL           2013        M10                 768
JTU40000000JOL           2013        M11                 665
JTU40000000JOL           2013        M12                 607
JTU40000000JOL           2014        M01                 683
JTU40000000JOL           2014        M02                 640
JTU40000000JOL           2014        M03                 774
JTU40000000JOL           2014        M04                 882
JTU40000000JOL           2014        M05                 766
JTU40000000JOL           2014        M06                 768
JTU40000000JOL           2014        M07                 885
JTU40000000JOL           2014        M08                 901
JTU40000000JOL           2014        M09                 888
JTU40000000JOL           2014        M10                 928
JTU40000000JOL           2014        M11                 774
JTU40000000JOL           2014        M12                 735
JTU40000000JOL           2015        M01                 826
JTU40000000JOL           2015        M02                 823
JTU40000000JOL           2015        M03                 877
JTU40000000JOL           2015        M04                 981
JTU40000000JOL           2015        M05                 982
JTU40000000JOL           2015        M06                 900
JTU40000000JOL           2015        M07                1126
JTU40000000JOL           2015        M08                1015
JTU40000000JOL           2015        M09                1112
JTU40000000JOL           2015        M10                1039
JTU40000000JOL           2015        M11                 821
JTU40000000JOL           2015        M12                 733
JTU40000000JOL           2016        M01                 938
JTU40000000JOL           2016        M02                 935
JTU40000000JOL           2016        M03                 973
JTU40000000JOL           2016        M04                1050
JTU40000000JOL           2016        M05                 940
JTU40000000JOL           2016        M06                 958
JTU40000000JOL           2016        M07                1127
JTU40000000JOL           2016        M08                1048
JTU40000000JOL           2016        M09                1103
JTU40000000JOL           2016        M10                1102
JTU40000000JOL           2016        M11                 956
JTU40000000JOL           2016        M12                 927
JTU40000000JOL           2017        M01                 887
JTU40000000JOL           2017        M02                 865
JTU40000000JOL           2017        M03                 942
JTU40000000JOL           2017        M04                 955
JTU40000000JOL           2017        M05                 993
JTU40000000JOL           2017        M06                 992
JTU40000000JOL           2017        M07                1157
JTU40000000JOL           2017        M08                1184
JTU40000000JOL           2017        M09                1274
JTU40000000JOL           2017        M10                1051
JTU40000000JOL           2017        M11                1107
JTU40000000JOL           2017        M12                1008        p
JTU40000000JOR           2000        M12                 2.2
JTU40000000JOR           2001        M01                 3.5
JTU40000000JOR           2001        M02                 3.0
JTU40000000JOR           2001        M03                 2.4
JTU40000000JOR           2001        M04                 3.3
JTU40000000JOR           2001        M05                 2.5
JTU40000000JOR           2001        M06                 2.4
JTU40000000JOR           2001        M07                 2.8
JTU40000000JOR           2001        M08                 2.3
JTU40000000JOR           2001        M09                 2.3
JTU40000000JOR           2001        M10                 2.6
JTU40000000JOR           2001        M11                 1.8
JTU40000000JOR           2001        M12                 1.6
JTU40000000JOR           2002        M01                 2.3
JTU40000000JOR           2002        M02                 1.8
JTU40000000JOR           2002        M03                 2.1
JTU40000000JOR           2002        M04                 2.2
JTU40000000JOR           2002        M05                 2.0
JTU40000000JOR           2002        M06                 2.0
JTU40000000JOR           2002        M07                 2.3
JTU40000000JOR           2002        M08                 2.2
JTU40000000JOR           2002        M09                 2.3
JTU40000000JOR           2002        M10                 2.8
JTU40000000JOR           2002        M11                 1.7
JTU40000000JOR           2002        M12                 1.2
JTU40000000JOR           2003        M01                 2.1
JTU40000000JOR           2003        M02                 1.9
JTU40000000JOR           2003        M03                 1.8
JTU40000000JOR           2003        M04                 2.2
JTU40000000JOR           2003        M05                 1.9
JTU40000000JOR           2003        M06                 1.9
JTU40000000JOR           2003        M07                 2.0
JTU40000000JOR           2003        M08                 2.2
JTU40000000JOR           2003        M09                 2.3
JTU40000000JOR           2003        M10                 2.5
JTU40000000JOR           2003        M11                 1.8
JTU40000000JOR           2003        M12                 1.7
JTU40000000JOR           2004        M01                 2.1
JTU40000000JOR           2004        M02                 1.8
JTU40000000JOR           2004        M03                 2.3
JTU40000000JOR           2004        M04                 2.5
JTU40000000JOR           2004        M05                 2.3
JTU40000000JOR           2004        M06                 2.2
JTU40000000JOR           2004        M07                 2.9
JTU40000000JOR           2004        M08                 2.5
JTU40000000JOR           2004        M09                 2.9
JTU40000000JOR           2004        M10                 2.9
JTU40000000JOR           2004        M11                 1.8
JTU40000000JOR           2004        M12                 1.9
JTU40000000JOR           2005        M01                 2.3
JTU40000000JOR           2005        M02                 2.4
JTU40000000JOR           2005        M03                 2.6
JTU40000000JOR           2005        M04                 2.9
JTU40000000JOR           2005        M05                 2.5
JTU40000000JOR           2005        M06                 2.4
JTU40000000JOR           2005        M07                 2.8
JTU40000000JOR           2005        M08                 2.8
JTU40000000JOR           2005        M09                 2.9
JTU40000000JOR           2005        M10                 3.3
JTU40000000JOR           2005        M11                 2.7
JTU40000000JOR           2005        M12                 2.1
JTU40000000JOR           2006        M01                 2.3
JTU40000000JOR           2006        M02                 2.4
JTU40000000JOR           2006        M03                 2.7
JTU40000000JOR           2006        M04                 2.9
JTU40000000JOR           2006        M05                 2.8
JTU40000000JOR           2006        M06                 2.5
JTU40000000JOR           2006        M07                 2.7
JTU40000000JOR           2006        M08                 3.0
JTU40000000JOR           2006        M09                 3.3
JTU40000000JOR           2006        M10                 3.3
JTU40000000JOR           2006        M11                 2.6
JTU40000000JOR           2006        M12                 2.5
JTU40000000JOR           2007        M01                 3.1
JTU40000000JOR           2007        M02                 2.4
JTU40000000JOR           2007        M03                 3.0
JTU40000000JOR           2007        M04                 3.3
JTU40000000JOR           2007        M05                 2.6
JTU40000000JOR           2007        M06                 2.8
JTU40000000JOR           2007        M07                 3.1
JTU40000000JOR           2007        M08                 3.0
JTU40000000JOR           2007        M09                 3.1
JTU40000000JOR           2007        M10                 3.0
JTU40000000JOR           2007        M11                 2.5
JTU40000000JOR           2007        M12                 2.3
JTU40000000JOR           2008        M01                 2.7
JTU40000000JOR           2008        M02                 2.2
JTU40000000JOR           2008        M03                 2.3
JTU40000000JOR           2008        M04                 2.4
JTU40000000JOR           2008        M05                 2.3
JTU40000000JOR           2008        M06                 2.0
JTU40000000JOR           2008        M07                 2.5
JTU40000000JOR           2008        M08                 2.3
JTU40000000JOR           2008        M09                 2.0
JTU40000000JOR           2008        M10                 2.4
JTU40000000JOR           2008        M11                 1.7
JTU40000000JOR           2008        M12                 1.2
JTU40000000JOR           2009        M01                 1.7
JTU40000000JOR           2009        M02                 1.4
JTU40000000JOR           2009        M03                 1.5
JTU40000000JOR           2009        M04                 1.3
JTU40000000JOR           2009        M05                 1.8
JTU40000000JOR           2009        M06                 1.7
JTU40000000JOR           2009        M07                 1.3
JTU40000000JOR           2009        M08                 1.8
JTU40000000JOR           2009        M09                 1.8
JTU40000000JOR           2009        M10                 1.5
JTU40000000JOR           2009        M11                 1.2
JTU40000000JOR           2009        M12                 1.0
JTU40000000JOR           2010        M01                 1.4
JTU40000000JOR           2010        M02                 1.5
JTU40000000JOR           2010        M03                 1.9
JTU40000000JOR           2010        M04                 1.7
JTU40000000JOR           2010        M05                 1.7
JTU40000000JOR           2010        M06                 1.7
JTU40000000JOR           2010        M07                 1.9
JTU40000000JOR           2010        M08                 1.7
JTU40000000JOR           2010        M09                 1.8
JTU40000000JOR           2010        M10                 2.0
JTU40000000JOR           2010        M11                 1.5
JTU40000000JOR           2010        M12                 1.3
JTU40000000JOR           2011        M01                 2.0
JTU40000000JOR           2011        M02                 1.8
JTU40000000JOR           2011        M03                 2.0
JTU40000000JOR           2011        M04                 2.3
JTU40000000JOR           2011        M05                 2.1
JTU40000000JOR           2011        M06                 2.2
JTU40000000JOR           2011        M07                 2.5
JTU40000000JOR           2011        M08                 2.1
JTU40000000JOR           2011        M09                 2.4
JTU40000000JOR           2011        M10                 2.6
JTU40000000JOR           2011        M11                 1.9
JTU40000000JOR           2011        M12                 1.7
JTU40000000JOR           2012        M01                 2.4
JTU40000000JOR           2012        M02                 2.1
JTU40000000JOR           2012        M03                 2.4
JTU40000000JOR           2012        M04                 2.3
JTU40000000JOR           2012        M05                 2.3
JTU40000000JOR           2012        M06                 2.2
JTU40000000JOR           2012        M07                 2.5
JTU40000000JOR           2012        M08                 2.4
JTU40000000JOR           2012        M09                 2.5
JTU40000000JOR           2012        M10                 2.6
JTU40000000JOR           2012        M11                 2.3
JTU40000000JOR           2012        M12                 2.0
JTU40000000JOR           2013        M01                 2.6
JTU40000000JOR           2013        M02                 2.2
JTU40000000JOR           2013        M03                 2.5
JTU40000000JOR           2013        M04                 2.8
JTU40000000JOR           2013        M05                 2.8
JTU40000000JOR           2013        M06                 3.0
JTU40000000JOR           2013        M07                 3.0
JTU40000000JOR           2013        M08                 2.9
JTU40000000JOR           2013        M09                 3.2
JTU40000000JOR           2013        M10                 2.9
JTU40000000JOR           2013        M11                 2.4
JTU40000000JOR           2013        M12                 2.2
JTU40000000JOR           2014        M01                 2.6
JTU40000000JOR           2014        M02                 2.4
JTU40000000JOR           2014        M03                 2.9
JTU40000000JOR           2014        M04                 3.3
JTU40000000JOR           2014        M05                 2.8
JTU40000000JOR           2014        M06                 2.8
JTU40000000JOR           2014        M07                 3.2
JTU40000000JOR           2014        M08                 3.3
JTU40000000JOR           2014        M09                 3.3
JTU40000000JOR           2014        M10                 3.4
JTU40000000JOR           2014        M11                 2.8
JTU40000000JOR           2014        M12                 2.6
JTU40000000JOR           2015        M01                 3.0
JTU40000000JOR           2015        M02                 3.0
JTU40000000JOR           2015        M03                 3.2
JTU40000000JOR           2015        M04                 3.6
JTU40000000JOR           2015        M05                 3.5
JTU40000000JOR           2015        M06                 3.2
JTU40000000JOR           2015        M07                 4.0
JTU40000000JOR           2015        M08                 3.6
JTU40000000JOR           2015        M09                 4.0
JTU40000000JOR           2015        M10                 3.7
JTU40000000JOR           2015        M11                 2.9
JTU40000000JOR           2015        M12                 2.6
JTU40000000JOR           2016        M01                 3.4
JTU40000000JOR           2016        M02                 3.4
JTU40000000JOR           2016        M03                 3.5
JTU40000000JOR           2016        M04                 3.8
JTU40000000JOR           2016        M05                 3.4
JTU40000000JOR           2016        M06                 3.4
JTU40000000JOR           2016        M07                 4.0
JTU40000000JOR           2016        M08                 3.7
JTU40000000JOR           2016        M09                 3.9
JTU40000000JOR           2016        M10                 3.9
JTU40000000JOR           2016        M11                 3.3
JTU40000000JOR           2016        M12                 3.2
JTU40000000JOR           2017        M01                 3.2
JTU40000000JOR           2017        M02                 3.1
JTU40000000JOR           2017        M03                 3.4
JTU40000000JOR           2017        M04                 3.4
JTU40000000JOR           2017        M05                 3.5
JTU40000000JOR           2017        M06                 3.5
JTU40000000JOR           2017        M07                 4.1
JTU40000000JOR           2017        M08                 4.2
JTU40000000JOR           2017        M09                 4.5
JTU40000000JOR           2017        M10                 3.7
JTU40000000JOR           2017        M11                 3.8
JTU40000000JOR           2017        M12                 3.4        p
JTU42000000JOL           2000        M12                 167
JTU42000000JOL           2001        M01                 311
JTU42000000JOL           2001        M02                 207
JTU42000000JOL           2001        M03                 124
JTU42000000JOL           2001        M04                 223
JTU42000000JOL           2001        M05                 111
JTU42000000JOL           2001        M06                 144
JTU42000000JOL           2001        M07                 148
JTU42000000JOL           2001        M08                  99
JTU42000000JOL           2001        M09                  94
JTU42000000JOL           2001        M10                  83
JTU42000000JOL           2001        M11                  76
JTU42000000JOL           2001        M12                  65
JTU42000000JOL           2002        M01                 133
JTU42000000JOL           2002        M02                 106
JTU42000000JOL           2002        M03                 137
JTU42000000JOL           2002        M04                 132
JTU42000000JOL           2002        M05                 100
JTU42000000JOL           2002        M06                 121
JTU42000000JOL           2002        M07                 115
JTU42000000JOL           2002        M08                 101
JTU42000000JOL           2002        M09                  97
JTU42000000JOL           2002        M10                  89
JTU42000000JOL           2002        M11                  84
JTU42000000JOL           2002        M12                  74
JTU42000000JOL           2003        M01                 120
JTU42000000JOL           2003        M02                  89
JTU42000000JOL           2003        M03                  76
JTU42000000JOL           2003        M04                  99
JTU42000000JOL           2003        M05                 101
JTU42000000JOL           2003        M06                  92
JTU42000000JOL           2003        M07                  97
JTU42000000JOL           2003        M08                 116
JTU42000000JOL           2003        M09                  83
JTU42000000JOL           2003        M10                  88
JTU42000000JOL           2003        M11                  95
JTU42000000JOL           2003        M12                 111
JTU42000000JOL           2004        M01                 141
JTU42000000JOL           2004        M02                  85
JTU42000000JOL           2004        M03                 102
JTU42000000JOL           2004        M04                 149
JTU42000000JOL           2004        M05                 131
JTU42000000JOL           2004        M06                 146
JTU42000000JOL           2004        M07                 180
JTU42000000JOL           2004        M08                 115
JTU42000000JOL           2004        M09                 134
JTU42000000JOL           2004        M10                 105
JTU42000000JOL           2004        M11                 111
JTU42000000JOL           2004        M12                 142
JTU42000000JOL           2005        M01                 121
JTU42000000JOL           2005        M02                 161
JTU42000000JOL           2005        M03                 134
JTU42000000JOL           2005        M04                 161
JTU42000000JOL           2005        M05                 156
JTU42000000JOL           2005        M06                 131
JTU42000000JOL           2005        M07                 164
JTU42000000JOL           2005        M08                 138
JTU42000000JOL           2005        M09                 137
JTU42000000JOL           2005        M10                 152
JTU42000000JOL           2005        M11                 116
JTU42000000JOL           2005        M12                 128
JTU42000000JOL           2006        M01                 173
JTU42000000JOL           2006        M02                 188
JTU42000000JOL           2006        M03                 188
JTU42000000JOL           2006        M04                 186
JTU42000000JOL           2006        M05                 186
JTU42000000JOL           2006        M06                 146
JTU42000000JOL           2006        M07                 171
JTU42000000JOL           2006        M08                 155
JTU42000000JOL           2006        M09                 218
JTU42000000JOL           2006        M10                 163
JTU42000000JOL           2006        M11                 142
JTU42000000JOL           2006        M12                 175
JTU42000000JOL           2007        M01                 232
JTU42000000JOL           2007        M02                 144
JTU42000000JOL           2007        M03                 218
JTU42000000JOL           2007        M04                 306
JTU42000000JOL           2007        M05                 215
JTU42000000JOL           2007        M06                 210
JTU42000000JOL           2007        M07                 208
JTU42000000JOL           2007        M08                 219
JTU42000000JOL           2007        M09                 186
JTU42000000JOL           2007        M10                 191
JTU42000000JOL           2007        M11                 112
JTU42000000JOL           2007        M12                 219
JTU42000000JOL           2008        M01                 205
JTU42000000JOL           2008        M02                 179
JTU42000000JOL           2008        M03                 131
JTU42000000JOL           2008        M04                 147
JTU42000000JOL           2008        M05                 129
JTU42000000JOL           2008        M06                 125
JTU42000000JOL           2008        M07                 114
JTU42000000JOL           2008        M08                 111
JTU42000000JOL           2008        M09                  97
JTU42000000JOL           2008        M10                  75
JTU42000000JOL           2008        M11                  54
JTU42000000JOL           2008        M12                  64
JTU42000000JOL           2009        M01                  54
JTU42000000JOL           2009        M02                  88
JTU42000000JOL           2009        M03                  74
JTU42000000JOL           2009        M04                  65
JTU42000000JOL           2009        M05                  70
JTU42000000JOL           2009        M06                  83
JTU42000000JOL           2009        M07                  70
JTU42000000JOL           2009        M08                  97
JTU42000000JOL           2009        M09                  68
JTU42000000JOL           2009        M10                  60
JTU42000000JOL           2009        M11                  45
JTU42000000JOL           2009        M12                  77
JTU42000000JOL           2010        M01                  90
JTU42000000JOL           2010        M02                  73
JTU42000000JOL           2010        M03                  94
JTU42000000JOL           2010        M04                  87
JTU42000000JOL           2010        M05                 105
JTU42000000JOL           2010        M06                  74
JTU42000000JOL           2010        M07                  91
JTU42000000JOL           2010        M08                  82
JTU42000000JOL           2010        M09                  80
JTU42000000JOL           2010        M10                  75
JTU42000000JOL           2010        M11                  77
JTU42000000JOL           2010        M12                  64
JTU42000000JOL           2011        M01                 133
JTU42000000JOL           2011        M02                 132
JTU42000000JOL           2011        M03                 123
JTU42000000JOL           2011        M04                 118
JTU42000000JOL           2011        M05                 100
JTU42000000JOL           2011        M06                  97
JTU42000000JOL           2011        M07                 132
JTU42000000JOL           2011        M08                  75
JTU42000000JOL           2011        M09                 134
JTU42000000JOL           2011        M10                 144
JTU42000000JOL           2011        M11                 113
JTU42000000JOL           2011        M12                 109
JTU42000000JOL           2012        M01                 163
JTU42000000JOL           2012        M02                 114
JTU42000000JOL           2012        M03                 120
JTU42000000JOL           2012        M04                 137
JTU42000000JOL           2012        M05                 133
JTU42000000JOL           2012        M06                 145
JTU42000000JOL           2012        M07                 153
JTU42000000JOL           2012        M08                 128
JTU42000000JOL           2012        M09                 122
JTU42000000JOL           2012        M10                 125
JTU42000000JOL           2012        M11                 113
JTU42000000JOL           2012        M12                 119
JTU42000000JOL           2013        M01                 156
JTU42000000JOL           2013        M02                  96
JTU42000000JOL           2013        M03                 128
JTU42000000JOL           2013        M04                 141
JTU42000000JOL           2013        M05                 118
JTU42000000JOL           2013        M06                 100
JTU42000000JOL           2013        M07                 164
JTU42000000JOL           2013        M08                 130
JTU42000000JOL           2013        M09                 122
JTU42000000JOL           2013        M10                 109
JTU42000000JOL           2013        M11                 138
JTU42000000JOL           2013        M12                 146
JTU42000000JOL           2014        M01                 141
JTU42000000JOL           2014        M02                 127
JTU42000000JOL           2014        M03                 117
JTU42000000JOL           2014        M04                 167
JTU42000000JOL           2014        M05                 151
JTU42000000JOL           2014        M06                 150
JTU42000000JOL           2014        M07                 175
JTU42000000JOL           2014        M08                 146
JTU42000000JOL           2014        M09                 132
JTU42000000JOL           2014        M10                 161
JTU42000000JOL           2014        M11                 160
JTU42000000JOL           2014        M12                 147
JTU42000000JOL           2015        M01                 166
JTU42000000JOL           2015        M02                 161
JTU42000000JOL           2015        M03                 141
JTU42000000JOL           2015        M04                 174
JTU42000000JOL           2015        M05                 166
JTU42000000JOL           2015        M06                 147
JTU42000000JOL           2015        M07                 213
JTU42000000JOL           2015        M08                 165
JTU42000000JOL           2015        M09                 159
JTU42000000JOL           2015        M10                 183
JTU42000000JOL           2015        M11                 128
JTU42000000JOL           2015        M12                 134
JTU42000000JOL           2016        M01                 198
JTU42000000JOL           2016        M02                 197
JTU42000000JOL           2016        M03                 178
JTU42000000JOL           2016        M04                 235
JTU42000000JOL           2016        M05                 154
JTU42000000JOL           2016        M06                 172
JTU42000000JOL           2016        M07                 168
JTU42000000JOL           2016        M08                 169
JTU42000000JOL           2016        M09                 169
JTU42000000JOL           2016        M10                 185
JTU42000000JOL           2016        M11                 203
JTU42000000JOL           2016        M12                 182
JTU42000000JOL           2017        M01                 201
JTU42000000JOL           2017        M02                 175
JTU42000000JOL           2017        M03                 183
JTU42000000JOL           2017        M04                 210
JTU42000000JOL           2017        M05                 185
JTU42000000JOL           2017        M06                 229
JTU42000000JOL           2017        M07                 230
JTU42000000JOL           2017        M08                 207
JTU42000000JOL           2017        M09                 219
JTU42000000JOL           2017        M10                 135
JTU42000000JOL           2017        M11                 177
JTU42000000JOL           2017        M12                 207        p
JTU42000000JOR           2000        M12                 2.8
JTU42000000JOR           2001        M01                 5.1
JTU42000000JOR           2001        M02                 3.5
JTU42000000JOR           2001        M03                 2.1
JTU42000000JOR           2001        M04                 3.7
JTU42000000JOR           2001        M05                 1.9
JTU42000000JOR           2001        M06                 2.4
JTU42000000JOR           2001        M07                 2.5
JTU42000000JOR           2001        M08                 1.7
JTU42000000JOR           2001        M09                 1.6
JTU42000000JOR           2001        M10                 1.4
JTU42000000JOR           2001        M11                 1.3
JTU42000000JOR           2001        M12                 1.1
JTU42000000JOR           2002        M01                 2.3
JTU42000000JOR           2002        M02                 1.9
JTU42000000JOR           2002        M03                 2.4
JTU42000000JOR           2002        M04                 2.3
JTU42000000JOR           2002        M05                 1.7
JTU42000000JOR           2002        M06                 2.1
JTU42000000JOR           2002        M07                 2.0
JTU42000000JOR           2002        M08                 1.8
JTU42000000JOR           2002        M09                 1.7
JTU42000000JOR           2002        M10                 1.5
JTU42000000JOR           2002        M11                 1.5
JTU42000000JOR           2002        M12                 1.3
JTU42000000JOR           2003        M01                 2.1
JTU42000000JOR           2003        M02                 1.6
JTU42000000JOR           2003        M03                 1.3
JTU42000000JOR           2003        M04                 1.7
JTU42000000JOR           2003        M05                 1.8
JTU42000000JOR           2003        M06                 1.6
JTU42000000JOR           2003        M07                 1.7
JTU42000000JOR           2003        M08                 2.0
JTU42000000JOR           2003        M09                 1.5
JTU42000000JOR           2003        M10                 1.5
JTU42000000JOR           2003        M11                 1.7
JTU42000000JOR           2003        M12                 1.9
JTU42000000JOR           2004        M01                 2.5
JTU42000000JOR           2004        M02                 1.5
JTU42000000JOR           2004        M03                 1.8
JTU42000000JOR           2004        M04                 2.6
JTU42000000JOR           2004        M05                 2.3
JTU42000000JOR           2004        M06                 2.5
JTU42000000JOR           2004        M07                 3.1
JTU42000000JOR           2004        M08                 2.0
JTU42000000JOR           2004        M09                 2.3
JTU42000000JOR           2004        M10                 1.8
JTU42000000JOR           2004        M11                 1.9
JTU42000000JOR           2004        M12                 2.4
JTU42000000JOR           2005        M01                 2.1
JTU42000000JOR           2005        M02                 2.8
JTU42000000JOR           2005        M03                 2.3
JTU42000000JOR           2005        M04                 2.7
JTU42000000JOR           2005        M05                 2.6
JTU42000000JOR           2005        M06                 2.2
JTU42000000JOR           2005        M07                 2.7
JTU42000000JOR           2005        M08                 2.3
JTU42000000JOR           2005        M09                 2.3
JTU42000000JOR           2005        M10                 2.6
JTU42000000JOR           2005        M11                 2.0
JTU42000000JOR           2005        M12                 2.2
JTU42000000JOR           2006        M01                 2.9
JTU42000000JOR           2006        M02                 3.1
JTU42000000JOR           2006        M03                 3.1
JTU42000000JOR           2006        M04                 3.1
JTU42000000JOR           2006        M05                 3.1
JTU42000000JOR           2006        M06                 2.4
JTU42000000JOR           2006        M07                 2.8
JTU42000000JOR           2006        M08                 2.5
JTU42000000JOR           2006        M09                 3.5
JTU42000000JOR           2006        M10                 2.7
JTU42000000JOR           2006        M11                 2.3
JTU42000000JOR           2006        M12                 2.8
JTU42000000JOR           2007        M01                 3.8
JTU42000000JOR           2007        M02                 2.4
JTU42000000JOR           2007        M03                 3.5
JTU42000000JOR           2007        M04                 4.9
JTU42000000JOR           2007        M05                 3.4
JTU42000000JOR           2007        M06                 3.3
JTU42000000JOR           2007        M07                 3.3
JTU42000000JOR           2007        M08                 3.5
JTU42000000JOR           2007        M09                 3.0
JTU42000000JOR           2007        M10                 3.1
JTU42000000JOR           2007        M11                 1.8
JTU42000000JOR           2007        M12                 3.5
JTU42000000JOR           2008        M01                 3.3
JTU42000000JOR           2008        M02                 2.9
JTU42000000JOR           2008        M03                 2.1
JTU42000000JOR           2008        M04                 2.4
JTU42000000JOR           2008        M05                 2.1
JTU42000000JOR           2008        M06                 2.0
JTU42000000JOR           2008        M07                 1.9
JTU42000000JOR           2008        M08                 1.8
JTU42000000JOR           2008        M09                 1.6
JTU42000000JOR           2008        M10                 1.2
JTU42000000JOR           2008        M11                 0.9
JTU42000000JOR           2008        M12                 1.1
JTU42000000JOR           2009        M01                 0.9
JTU42000000JOR           2009        M02                 1.5
JTU42000000JOR           2009        M03                 1.3
JTU42000000JOR           2009        M04                 1.2
JTU42000000JOR           2009        M05                 1.2
JTU42000000JOR           2009        M06                 1.5
JTU42000000JOR           2009        M07                 1.2
JTU42000000JOR           2009        M08                 1.7
JTU42000000JOR           2009        M09                 1.2
JTU42000000JOR           2009        M10                 1.1
JTU42000000JOR           2009        M11                 0.8
JTU42000000JOR           2009        M12                 1.4
JTU42000000JOR           2010        M01                 1.6
JTU42000000JOR           2010        M02                 1.3
JTU42000000JOR           2010        M03                 1.7
JTU42000000JOR           2010        M04                 1.6
JTU42000000JOR           2010        M05                 1.9
JTU42000000JOR           2010        M06                 1.3
JTU42000000JOR           2010        M07                 1.6
JTU42000000JOR           2010        M08                 1.5
JTU42000000JOR           2010        M09                 1.4
JTU42000000JOR           2010        M10                 1.3
JTU42000000JOR           2010        M11                 1.4
JTU42000000JOR           2010        M12                 1.2
JTU42000000JOR           2011        M01                 2.4
JTU42000000JOR           2011        M02                 2.4
JTU42000000JOR           2011        M03                 2.2
JTU42000000JOR           2011        M04                 2.1
JTU42000000JOR           2011        M05                 1.8
JTU42000000JOR           2011        M06                 1.7
JTU42000000JOR           2011        M07                 2.3
JTU42000000JOR           2011        M08                 1.3
JTU42000000JOR           2011        M09                 2.3
JTU42000000JOR           2011        M10                 2.5
JTU42000000JOR           2011        M11                 2.0
JTU42000000JOR           2011        M12                 1.9
JTU42000000JOR           2012        M01                 2.8
JTU42000000JOR           2012        M02                 2.0
JTU42000000JOR           2012        M03                 2.1
JTU42000000JOR           2012        M04                 2.4
JTU42000000JOR           2012        M05                 2.3
JTU42000000JOR           2012        M06                 2.5
JTU42000000JOR           2012        M07                 2.6
JTU42000000JOR           2012        M08                 2.2
JTU42000000JOR           2012        M09                 2.1
JTU42000000JOR           2012        M10                 2.1
JTU42000000JOR           2012        M11                 1.9
JTU42000000JOR           2012        M12                 2.0
JTU42000000JOR           2013        M01                 2.7
JTU42000000JOR           2013        M02                 1.7
JTU42000000JOR           2013        M03                 2.2
JTU42000000JOR           2013        M04                 2.4
JTU42000000JOR           2013        M05                 2.0
JTU42000000JOR           2013        M06                 1.7
JTU42000000JOR           2013        M07                 2.8
JTU42000000JOR           2013        M08                 2.2
JTU42000000JOR           2013        M09                 2.1
JTU42000000JOR           2013        M10                 1.9
JTU42000000JOR           2013        M11                 2.3
JTU42000000JOR           2013        M12                 2.5
JTU42000000JOR           2014        M01                 2.4
JTU42000000JOR           2014        M02                 2.2
JTU42000000JOR           2014        M03                 2.0
JTU42000000JOR           2014        M04                 2.8
JTU42000000JOR           2014        M05                 2.5
JTU42000000JOR           2014        M06                 2.5
JTU42000000JOR           2014        M07                 2.9
JTU42000000JOR           2014        M08                 2.4
JTU42000000JOR           2014        M09                 2.2
JTU42000000JOR           2014        M10                 2.7
JTU42000000JOR           2014        M11                 2.7
JTU42000000JOR           2014        M12                 2.5
JTU42000000JOR           2015        M01                 2.8
JTU42000000JOR           2015        M02                 2.7
JTU42000000JOR           2015        M03                 2.4
JTU42000000JOR           2015        M04                 2.9
JTU42000000JOR           2015        M05                 2.7
JTU42000000JOR           2015        M06                 2.4
JTU42000000JOR           2015        M07                 3.5
JTU42000000JOR           2015        M08                 2.7
JTU42000000JOR           2015        M09                 2.6
JTU42000000JOR           2015        M10                 3.0
JTU42000000JOR           2015        M11                 2.1
JTU42000000JOR           2015        M12                 2.2
JTU42000000JOR           2016        M01                 3.3
JTU42000000JOR           2016        M02                 3.3
JTU42000000JOR           2016        M03                 3.0
JTU42000000JOR           2016        M04                 3.9
JTU42000000JOR           2016        M05                 2.6
JTU42000000JOR           2016        M06                 2.8
JTU42000000JOR           2016        M07                 2.8
JTU42000000JOR           2016        M08                 2.8
JTU42000000JOR           2016        M09                 2.8
JTU42000000JOR           2016        M10                 3.0
JTU42000000JOR           2016        M11                 3.3
JTU42000000JOR           2016        M12                 3.0
JTU42000000JOR           2017        M01                 3.3
JTU42000000JOR           2017        M02                 2.9
JTU42000000JOR           2017        M03                 3.0
JTU42000000JOR           2017        M04                 3.4
JTU42000000JOR           2017        M05                 3.0
JTU42000000JOR           2017        M06                 3.7
JTU42000000JOR           2017        M07                 3.7
JTU42000000JOR           2017        M08                 3.4
JTU42000000JOR           2017        M09                 3.5
JTU42000000JOR           2017        M10                 2.2
JTU42000000JOR           2017        M11                 2.9
JTU42000000JOR           2017        M12                 3.4        p
JTU44000000JOL           2000        M12                 350
JTU44000000JOL           2001        M01                 476
JTU44000000JOL           2001        M02                 444
JTU44000000JOL           2001        M03                 398
JTU44000000JOL           2001        M04                 503
JTU44000000JOL           2001        M05                 443
JTU44000000JOL           2001        M06                 393
JTU44000000JOL           2001        M07                 445
JTU44000000JOL           2001        M08                 396
JTU44000000JOL           2001        M09                 425
JTU44000000JOL           2001        M10                 485
JTU44000000JOL           2001        M11                 300
JTU44000000JOL           2001        M12                 287
JTU44000000JOL           2002        M01                 357
JTU44000000JOL           2002        M02                 279
JTU44000000JOL           2002        M03                 326
JTU44000000JOL           2002        M04                 320
JTU44000000JOL           2002        M05                 314
JTU44000000JOL           2002        M06                 302
JTU44000000JOL           2002        M07                 387
JTU44000000JOL           2002        M08                 345
JTU44000000JOL           2002        M09                 426
JTU44000000JOL           2002        M10                 557
JTU44000000JOL           2002        M11                 274
JTU44000000JOL           2002        M12                 172
JTU44000000JOL           2003        M01                 300
JTU44000000JOL           2003        M02                 306
JTU44000000JOL           2003        M03                 297
JTU44000000JOL           2003        M04                 385
JTU44000000JOL           2003        M05                 304
JTU44000000JOL           2003        M06                 300
JTU44000000JOL           2003        M07                 332
JTU44000000JOL           2003        M08                 366
JTU44000000JOL           2003        M09                 417
JTU44000000JOL           2003        M10                 473
JTU44000000JOL           2003        M11                 302
JTU44000000JOL           2003        M12                 263
JTU44000000JOL           2004        M01                 315
JTU44000000JOL           2004        M02                 302
JTU44000000JOL           2004        M03                 372
JTU44000000JOL           2004        M04                 395
JTU44000000JOL           2004        M05                 374
JTU44000000JOL           2004        M06                 350
JTU44000000JOL           2004        M07                 454
JTU44000000JOL           2004        M08                 458
JTU44000000JOL           2004        M09                 564
JTU44000000JOL           2004        M10                 575
JTU44000000JOL           2004        M11                 286
JTU44000000JOL           2004        M12                 290
JTU44000000JOL           2005        M01                 382
JTU44000000JOL           2005        M02                 356
JTU44000000JOL           2005        M03                 442
JTU44000000JOL           2005        M04                 490
JTU44000000JOL           2005        M05                 410
JTU44000000JOL           2005        M06                 381
JTU44000000JOL           2005        M07                 457
JTU44000000JOL           2005        M08                 490
JTU44000000JOL           2005        M09                 489
JTU44000000JOL           2005        M10                 586
JTU44000000JOL           2005        M11                 499
JTU44000000JOL           2005        M12                 336
JTU44000000JOL           2006        M01                 344
JTU44000000JOL           2006        M02                 342
JTU44000000JOL           2006        M03                 405
JTU44000000JOL           2006        M04                 432
JTU44000000JOL           2006        M05                 422
JTU44000000JOL           2006        M06                 376
JTU44000000JOL           2006        M07                 416
JTU44000000JOL           2006        M08                 498
JTU44000000JOL           2006        M09                 501
JTU44000000JOL           2006        M10                 553
JTU44000000JOL           2006        M11                 416
JTU44000000JOL           2006        M12                 404
JTU44000000JOL           2007        M01                 439
JTU44000000JOL           2007        M02                 368
JTU44000000JOL           2007        M03                 419
JTU44000000JOL           2007        M04                 430
JTU44000000JOL           2007        M05                 361
JTU44000000JOL           2007        M06                 433
JTU44000000JOL           2007        M07                 492
JTU44000000JOL           2007        M08                 444
JTU44000000JOL           2007        M09                 461
JTU44000000JOL           2007        M10                 452
JTU44000000JOL           2007        M11                 414
JTU44000000JOL           2007        M12                 300
JTU44000000JOL           2008        M01                 360
JTU44000000JOL           2008        M02                 293
JTU44000000JOL           2008        M03                 366
JTU44000000JOL           2008        M04                 397
JTU44000000JOL           2008        M05                 369
JTU44000000JOL           2008        M06                 301
JTU44000000JOL           2008        M07                 437
JTU44000000JOL           2008        M08                 398
JTU44000000JOL           2008        M09                 313
JTU44000000JOL           2008        M10                 447
JTU44000000JOL           2008        M11                 339
JTU44000000JOL           2008        M12                 194
JTU44000000JOL           2009        M01                 308
JTU44000000JOL           2009        M02                 241
JTU44000000JOL           2009        M03                 236
JTU44000000JOL           2009        M04                 208
JTU44000000JOL           2009        M05                 308
JTU44000000JOL           2009        M06                 272
JTU44000000JOL           2009        M07                 215
JTU44000000JOL           2009        M08                 267
JTU44000000JOL           2009        M09                 323
JTU44000000JOL           2009        M10                 257
JTU44000000JOL           2009        M11                 207
JTU44000000JOL           2009        M12                 153
JTU44000000JOL           2010        M01                 221
JTU44000000JOL           2010        M02                 224
JTU44000000JOL           2010        M03                 325
JTU44000000JOL           2010        M04                 267
JTU44000000JOL           2010        M05                 258
JTU44000000JOL           2010        M06                 274
JTU44000000JOL           2010        M07                 308
JTU44000000JOL           2010        M08                 272
JTU44000000JOL           2010        M09                 263
JTU44000000JOL           2010        M10                 323
JTU44000000JOL           2010        M11                 231
JTU44000000JOL           2010        M12                 191
JTU44000000JOL           2011        M01                 271
JTU44000000JOL           2011        M02                 211
JTU44000000JOL           2011        M03                 263
JTU44000000JOL           2011        M04                 328
JTU44000000JOL           2011        M05                 314
JTU44000000JOL           2011        M06                 367
JTU44000000JOL           2011        M07                 397
JTU44000000JOL           2011        M08                 361
JTU44000000JOL           2011        M09                 371
JTU44000000JOL           2011        M10                 411
JTU44000000JOL           2011        M11                 282
JTU44000000JOL           2011        M12                 236
JTU44000000JOL           2012        M01                 334
JTU44000000JOL           2012        M02                 296
JTU44000000JOL           2012        M03                 372
JTU44000000JOL           2012        M04                 338
JTU44000000JOL           2012        M05                 354
JTU44000000JOL           2012        M06                 331
JTU44000000JOL           2012        M07                 383
JTU44000000JOL           2012        M08                 402
JTU44000000JOL           2012        M09                 419
JTU44000000JOL           2012        M10                 448
JTU44000000JOL           2012        M11                 407
JTU44000000JOL           2012        M12                 301
JTU44000000JOL           2013        M01                 380
JTU44000000JOL           2013        M02                 335
JTU44000000JOL           2013        M03                 415
JTU44000000JOL           2013        M04                 454
JTU44000000JOL           2013        M05                 486
JTU44000000JOL           2013        M06                 577
JTU44000000JOL           2013        M07                 525
JTU44000000JOL           2013        M08                 487
JTU44000000JOL           2013        M09                 552
JTU44000000JOL           2013        M10                 517
JTU44000000JOL           2013        M11                 389
JTU44000000JOL           2013        M12                 344
JTU44000000JOL           2014        M01                 375
JTU44000000JOL           2014        M02                 390
JTU44000000JOL           2014        M03                 500
JTU44000000JOL           2014        M04                 551
JTU44000000JOL           2014        M05                 443
JTU44000000JOL           2014        M06                 450
JTU44000000JOL           2014        M07                 513
JTU44000000JOL           2014        M08                 566
JTU44000000JOL           2014        M09                 559
JTU44000000JOL           2014        M10                 573
JTU44000000JOL           2014        M11                 452
JTU44000000JOL           2014        M12                 454
JTU44000000JOL           2015        M01                 439
JTU44000000JOL           2015        M02                 478
JTU44000000JOL           2015        M03                 517
JTU44000000JOL           2015        M04                 557
JTU44000000JOL           2015        M05                 556
JTU44000000JOL           2015        M06                 524
JTU44000000JOL           2015        M07                 696
JTU44000000JOL           2015        M08                 641
JTU44000000JOL           2015        M09                 751
JTU44000000JOL           2015        M10                 647
JTU44000000JOL           2015        M11                 453
JTU44000000JOL           2015        M12                 426
JTU44000000JOL           2016        M01                 556
JTU44000000JOL           2016        M02                 559
JTU44000000JOL           2016        M03                 603
JTU44000000JOL           2016        M04                 601
JTU44000000JOL           2016        M05                 585
JTU44000000JOL           2016        M06                 569
JTU44000000JOL           2016        M07                 707
JTU44000000JOL           2016        M08                 665
JTU44000000JOL           2016        M09                 731
JTU44000000JOL           2016        M10                 731
JTU44000000JOL           2016        M11                 575
JTU44000000JOL           2016        M12                 563
JTU44000000JOL           2017        M01                 508
JTU44000000JOL           2017        M02                 516
JTU44000000JOL           2017        M03                 587
JTU44000000JOL           2017        M04                 555
JTU44000000JOL           2017        M05                 659
JTU44000000JOL           2017        M06                 580
JTU44000000JOL           2017        M07                 701
JTU44000000JOL           2017        M08                 711
JTU44000000JOL           2017        M09                 818
JTU44000000JOL           2017        M10                 706
JTU44000000JOL           2017        M11                 757
JTU44000000JOL           2017        M12                 627        p
JTU44000000JOR           2000        M12                 2.1
JTU44000000JOR           2001        M01                 3.0
JTU44000000JOR           2001        M02                 2.9
JTU44000000JOR           2001        M03                 2.6
JTU44000000JOR           2001        M04                 3.2
JTU44000000JOR           2001        M05                 2.8
JTU44000000JOR           2001        M06                 2.5
JTU44000000JOR           2001        M07                 2.9
JTU44000000JOR           2001        M08                 2.5
JTU44000000JOR           2001        M09                 2.7
JTU44000000JOR           2001        M10                 3.1
JTU44000000JOR           2001        M11                 1.9
JTU44000000JOR           2001        M12                 1.8
JTU44000000JOR           2002        M01                 2.3
JTU44000000JOR           2002        M02                 1.9
JTU44000000JOR           2002        M03                 2.2
JTU44000000JOR           2002        M04                 2.1
JTU44000000JOR           2002        M05                 2.1
JTU44000000JOR           2002        M06                 2.0
JTU44000000JOR           2002        M07                 2.5
JTU44000000JOR           2002        M08                 2.3
JTU44000000JOR           2002        M09                 2.8
JTU44000000JOR           2002        M10                 3.6
JTU44000000JOR           2002        M11                 1.7
JTU44000000JOR           2002        M12                 1.1
JTU44000000JOR           2003        M01                 2.0
JTU44000000JOR           2003        M02                 2.0
JTU44000000JOR           2003        M03                 2.0
JTU44000000JOR           2003        M04                 2.5
JTU44000000JOR           2003        M05                 2.0
JTU44000000JOR           2003        M06                 2.0
JTU44000000JOR           2003        M07                 2.2
JTU44000000JOR           2003        M08                 2.4
JTU44000000JOR           2003        M09                 2.7
JTU44000000JOR           2003        M10                 3.1
JTU44000000JOR           2003        M11                 1.9
JTU44000000JOR           2003        M12                 1.7
JTU44000000JOR           2004        M01                 2.1
JTU44000000JOR           2004        M02                 2.0
JTU44000000JOR           2004        M03                 2.5
JTU44000000JOR           2004        M04                 2.6
JTU44000000JOR           2004        M05                 2.4
JTU44000000JOR           2004        M06                 2.3
JTU44000000JOR           2004        M07                 2.9
JTU44000000JOR           2004        M08                 3.0
JTU44000000JOR           2004        M09                 3.6
JTU44000000JOR           2004        M10                 3.7
JTU44000000JOR           2004        M11                 1.8
JTU44000000JOR           2004        M12                 1.8
JTU44000000JOR           2005        M01                 2.5
JTU44000000JOR           2005        M02                 2.3
JTU44000000JOR           2005        M03                 2.9
JTU44000000JOR           2005        M04                 3.1
JTU44000000JOR           2005        M05                 2.6
JTU44000000JOR           2005        M06                 2.4
JTU44000000JOR           2005        M07                 2.9
JTU44000000JOR           2005        M08                 3.1
JTU44000000JOR           2005        M09                 3.1
JTU44000000JOR           2005        M10                 3.7
JTU44000000JOR           2005        M11                 3.1
JTU44000000JOR           2005        M12                 2.1
JTU44000000JOR           2006        M01                 2.2
JTU44000000JOR           2006        M02                 2.2
JTU44000000JOR           2006        M03                 2.6
JTU44000000JOR           2006        M04                 2.8
JTU44000000JOR           2006        M05                 2.7
JTU44000000JOR           2006        M06                 2.4
JTU44000000JOR           2006        M07                 2.6
JTU44000000JOR           2006        M08                 3.1
JTU44000000JOR           2006        M09                 3.2
JTU44000000JOR           2006        M10                 3.5
JTU44000000JOR           2006        M11                 2.6
JTU44000000JOR           2006        M12                 2.5
JTU44000000JOR           2007        M01                 2.8
JTU44000000JOR           2007        M02                 2.4
JTU44000000JOR           2007        M03                 2.7
JTU44000000JOR           2007        M04                 2.7
JTU44000000JOR           2007        M05                 2.3
JTU44000000JOR           2007        M06                 2.7
JTU44000000JOR           2007        M07                 3.1
JTU44000000JOR           2007        M08                 2.8
JTU44000000JOR           2007        M09                 2.9
JTU44000000JOR           2007        M10                 2.8
JTU44000000JOR           2007        M11                 2.5
JTU44000000JOR           2007        M12                 1.8
JTU44000000JOR           2008        M01                 2.3
JTU44000000JOR           2008        M02                 1.9
JTU44000000JOR           2008        M03                 2.3
JTU44000000JOR           2008        M04                 2.5
JTU44000000JOR           2008        M05                 2.4
JTU44000000JOR           2008        M06                 1.9
JTU44000000JOR           2008        M07                 2.8
JTU44000000JOR           2008        M08                 2.5
JTU44000000JOR           2008        M09                 2.0
JTU44000000JOR           2008        M10                 2.9
JTU44000000JOR           2008        M11                 2.2
JTU44000000JOR           2008        M12                 1.2
JTU44000000JOR           2009        M01                 2.1
JTU44000000JOR           2009        M02                 1.6
JTU44000000JOR           2009        M03                 1.6
JTU44000000JOR           2009        M04                 1.4
JTU44000000JOR           2009        M05                 2.1
JTU44000000JOR           2009        M06                 1.8
JTU44000000JOR           2009        M07                 1.5
JTU44000000JOR           2009        M08                 1.8
JTU44000000JOR           2009        M09                 2.2
JTU44000000JOR           2009        M10                 1.8
JTU44000000JOR           2009        M11                 1.4
JTU44000000JOR           2009        M12                 1.0
JTU44000000JOR           2010        M01                 1.5
JTU44000000JOR           2010        M02                 1.6
JTU44000000JOR           2010        M03                 2.2
JTU44000000JOR           2010        M04                 1.8
JTU44000000JOR           2010        M05                 1.8
JTU44000000JOR           2010        M06                 1.9
JTU44000000JOR           2010        M07                 2.1
JTU44000000JOR           2010        M08                 1.8
JTU44000000JOR           2010        M09                 1.8
JTU44000000JOR           2010        M10                 2.2
JTU44000000JOR           2010        M11                 1.5
JTU44000000JOR           2010        M12                 1.3
JTU44000000JOR           2011        M01                 1.8
JTU44000000JOR           2011        M02                 1.5
JTU44000000JOR           2011        M03                 1.8
JTU44000000JOR           2011        M04                 2.2
JTU44000000JOR           2011        M05                 2.1
JTU44000000JOR           2011        M06                 2.4
JTU44000000JOR           2011        M07                 2.6
JTU44000000JOR           2011        M08                 2.4
JTU44000000JOR           2011        M09                 2.5
JTU44000000JOR           2011        M10                 2.7
JTU44000000JOR           2011        M11                 1.8
JTU44000000JOR           2011        M12                 1.5
JTU44000000JOR           2012        M01                 2.2
JTU44000000JOR           2012        M02                 2.0
JTU44000000JOR           2012        M03                 2.5
JTU44000000JOR           2012        M04                 2.3
JTU44000000JOR           2012        M05                 2.3
JTU44000000JOR           2012        M06                 2.2
JTU44000000JOR           2012        M07                 2.5
JTU44000000JOR           2012        M08                 2.6
JTU44000000JOR           2012        M09                 2.8
JTU44000000JOR           2012        M10                 2.9
JTU44000000JOR           2012        M11                 2.6
JTU44000000JOR           2012        M12                 1.9
JTU44000000JOR           2013        M01                 2.5
JTU44000000JOR           2013        M02                 2.2
JTU44000000JOR           2013        M03                 2.7
JTU44000000JOR           2013        M04                 3.0
JTU44000000JOR           2013        M05                 3.2
JTU44000000JOR           2013        M06                 3.7
JTU44000000JOR           2013        M07                 3.4
JTU44000000JOR           2013        M08                 3.1
JTU44000000JOR           2013        M09                 3.5
JTU44000000JOR           2013        M10                 3.3
JTU44000000JOR           2013        M11                 2.4
JTU44000000JOR           2013        M12                 2.1
JTU44000000JOR           2014        M01                 2.4
JTU44000000JOR           2014        M02                 2.5
JTU44000000JOR           2014        M03                 3.2
JTU44000000JOR           2014        M04                 3.5
JTU44000000JOR           2014        M05                 2.8
JTU44000000JOR           2014        M06                 2.8
JTU44000000JOR           2014        M07                 3.2
JTU44000000JOR           2014        M08                 3.5
JTU44000000JOR           2014        M09                 3.5
JTU44000000JOR           2014        M10                 3.6
JTU44000000JOR           2014        M11                 2.8
JTU44000000JOR           2014        M12                 2.8
JTU44000000JOR           2015        M01                 2.8
JTU44000000JOR           2015        M02                 3.0
JTU44000000JOR           2015        M03                 3.3
JTU44000000JOR           2015        M04                 3.5
JTU44000000JOR           2015        M05                 3.5
JTU44000000JOR           2015        M06                 3.2
JTU44000000JOR           2015        M07                 4.3
JTU44000000JOR           2015        M08                 3.9
JTU44000000JOR           2015        M09                 4.6
JTU44000000JOR           2015        M10                 4.0
JTU44000000JOR           2015        M11                 2.7
JTU44000000JOR           2015        M12                 2.6
JTU44000000JOR           2016        M01                 3.4
JTU44000000JOR           2016        M02                 3.5
JTU44000000JOR           2016        M03                 3.7
JTU44000000JOR           2016        M04                 3.7
JTU44000000JOR           2016        M05                 3.6
JTU44000000JOR           2016        M06                 3.5
JTU44000000JOR           2016        M07                 4.3
JTU44000000JOR           2016        M08                 4.0
JTU44000000JOR           2016        M09                 4.4
JTU44000000JOR           2016        M10                 4.4
JTU44000000JOR           2016        M11                 3.4
JTU44000000JOR           2016        M12                 3.3
JTU44000000JOR           2017        M01                 3.1
JTU44000000JOR           2017        M02                 3.2
JTU44000000JOR           2017        M03                 3.6
JTU44000000JOR           2017        M04                 3.4
JTU44000000JOR           2017        M05                 4.0
JTU44000000JOR           2017        M06                 3.5
JTU44000000JOR           2017        M07                 4.2
JTU44000000JOR           2017        M08                 4.3
JTU44000000JOR           2017        M09                 5.0
JTU44000000JOR           2017        M10                 4.3
JTU44000000JOR           2017        M11                 4.4
JTU44000000JOR           2017        M12                 3.7        p
JTU48009900JOL           2000        M12                  87
JTU48009900JOL           2001        M01                 166
JTU48009900JOL           2001        M02                 137
JTU48009900JOL           2001        M03                 114
JTU48009900JOL           2001        M04                 160
JTU48009900JOL           2001        M05                 109
JTU48009900JOL           2001        M06                 112
JTU48009900JOL           2001        M07                 158
JTU48009900JOL           2001        M08                 119
JTU48009900JOL           2001        M09                  99
JTU48009900JOL           2001        M10                 133
JTU48009900JOL           2001        M11                 105
JTU48009900JOL           2001        M12                  87
JTU48009900JOL           2002        M01                  99
JTU48009900JOL           2002        M02                  78
JTU48009900JOL           2002        M03                  78
JTU48009900JOL           2002        M04                 121
JTU48009900JOL           2002        M05                 108
JTU48009900JOL           2002        M06                  89
JTU48009900JOL           2002        M07                  85
JTU48009900JOL           2002        M08                 114
JTU48009900JOL           2002        M09                  64
JTU48009900JOL           2002        M10                  91
JTU48009900JOL           2002        M11                  94
JTU48009900JOL           2002        M12                  82
JTU48009900JOL           2003        M01                 116
JTU48009900JOL           2003        M02                 100
JTU48009900JOL           2003        M03                  79
JTU48009900JOL           2003        M04                  79
JTU48009900JOL           2003        M05                  82
JTU48009900JOL           2003        M06                  99
JTU48009900JOL           2003        M07                  94
JTU48009900JOL           2003        M08                  90
JTU48009900JOL           2003        M09                  86
JTU48009900JOL           2003        M10                  97
JTU48009900JOL           2003        M11                  84
JTU48009900JOL           2003        M12                  79
JTU48009900JOL           2004        M01                  87
JTU48009900JOL           2004        M02                  83
JTU48009900JOL           2004        M03                 115
JTU48009900JOL           2004        M04                  93
JTU48009900JOL           2004        M05                  88
JTU48009900JOL           2004        M06                  86
JTU48009900JOL           2004        M07                 125
JTU48009900JOL           2004        M08                  83
JTU48009900JOL           2004        M09                  70
JTU48009900JOL           2004        M10                  94
JTU48009900JOL           2004        M11                  83
JTU48009900JOL           2004        M12                  73
JTU48009900JOL           2005        M01                  94
JTU48009900JOL           2005        M02                 109
JTU48009900JOL           2005        M03                  94
JTU48009900JOL           2005        M04                 107
JTU48009900JOL           2005        M05                 107
JTU48009900JOL           2005        M06                 133
JTU48009900JOL           2005        M07                 127
JTU48009900JOL           2005        M08                 116
JTU48009900JOL           2005        M09                 138
JTU48009900JOL           2005        M10                 146
JTU48009900JOL           2005        M11                 122
JTU48009900JOL           2005        M12                 102
JTU48009900JOL           2006        M01                  89
JTU48009900JOL           2006        M02                 104
JTU48009900JOL           2006        M03                 116
JTU48009900JOL           2006        M04                 167
JTU48009900JOL           2006        M05                 156
JTU48009900JOL           2006        M06                 149
JTU48009900JOL           2006        M07                 147
JTU48009900JOL           2006        M08                 147
JTU48009900JOL           2006        M09                 180
JTU48009900JOL           2006        M10                 193
JTU48009900JOL           2006        M11                 152
JTU48009900JOL           2006        M12                 124
JTU48009900JOL           2007        M01                 173
JTU48009900JOL           2007        M02                 144
JTU48009900JOL           2007        M03                 169
JTU48009900JOL           2007        M04                 175
JTU48009900JOL           2007        M05                 147
JTU48009900JOL           2007        M06                 139
JTU48009900JOL           2007        M07                 164
JTU48009900JOL           2007        M08                 173
JTU48009900JOL           2007        M09                 197
JTU48009900JOL           2007        M10                 177
JTU48009900JOL           2007        M11                 176
JTU48009900JOL           2007        M12                 112
JTU48009900JOL           2008        M01                 167
JTU48009900JOL           2008        M02                 129
JTU48009900JOL           2008        M03                 111
JTU48009900JOL           2008        M04                 111
JTU48009900JOL           2008        M05                 109
JTU48009900JOL           2008        M06                 117
JTU48009900JOL           2008        M07                 129
JTU48009900JOL           2008        M08                 113
JTU48009900JOL           2008        M09                 125
JTU48009900JOL           2008        M10                 110
JTU48009900JOL           2008        M11                  70
JTU48009900JOL           2008        M12                  61
JTU48009900JOL           2009        M01                  69
JTU48009900JOL           2009        M02                  36
JTU48009900JOL           2009        M03                  64
JTU48009900JOL           2009        M04                  62
JTU48009900JOL           2009        M05                  66
JTU48009900JOL           2009        M06                  70
JTU48009900JOL           2009        M07                  45
JTU48009900JOL           2009        M08                  80
JTU48009900JOL           2009        M09                  63
JTU48009900JOL           2009        M10                  48
JTU48009900JOL           2009        M11                  48
JTU48009900JOL           2009        M12                  29
JTU48009900JOL           2010        M01                  42
JTU48009900JOL           2010        M02                  74
JTU48009900JOL           2010        M03                  62
JTU48009900JOL           2010        M04                  80
JTU48009900JOL           2010        M05                  64
JTU48009900JOL           2010        M06                  85
JTU48009900JOL           2010        M07                  71
JTU48009900JOL           2010        M08                  81
JTU48009900JOL           2010        M09                 118
JTU48009900JOL           2010        M10                 104
JTU48009900JOL           2010        M11                  64
JTU48009900JOL           2010        M12                  91
JTU48009900JOL           2011        M01                  89
JTU48009900JOL           2011        M02                 116
JTU48009900JOL           2011        M03                 119
JTU48009900JOL           2011        M04                 133
JTU48009900JOL           2011        M05                 123
JTU48009900JOL           2011        M06                  96
JTU48009900JOL           2011        M07                 126
JTU48009900JOL           2011        M08                 106
JTU48009900JOL           2011        M09                 118
JTU48009900JOL           2011        M10                 111
JTU48009900JOL           2011        M11                 113
JTU48009900JOL           2011        M12                 105
JTU48009900JOL           2012        M01                 114
JTU48009900JOL           2012        M02                 133
JTU48009900JOL           2012        M03                 118
JTU48009900JOL           2012        M04                 111
JTU48009900JOL           2012        M05                 111
JTU48009900JOL           2012        M06                 103
JTU48009900JOL           2012        M07                 111
JTU48009900JOL           2012        M08                 104
JTU48009900JOL           2012        M09                 121
JTU48009900JOL           2012        M10                 109
JTU48009900JOL           2012        M11                  90
JTU48009900JOL           2012        M12                 125
JTU48009900JOL           2013        M01                 143
JTU48009900JOL           2013        M02                 133
JTU48009900JOL           2013        M03                 107
JTU48009900JOL           2013        M04                 141
JTU48009900JOL           2013        M05                 140
JTU48009900JOL           2013        M06                 128
JTU48009900JOL           2013        M07                 121
JTU48009900JOL           2013        M08                 148
JTU48009900JOL           2013        M09                 177
JTU48009900JOL           2013        M10                 142
JTU48009900JOL           2013        M11                 138
JTU48009900JOL           2013        M12                 117
JTU48009900JOL           2014        M01                 167
JTU48009900JOL           2014        M02                 123
JTU48009900JOL           2014        M03                 158
JTU48009900JOL           2014        M04                 163
JTU48009900JOL           2014        M05                 171
JTU48009900JOL           2014        M06                 169
JTU48009900JOL           2014        M07                 198
JTU48009900JOL           2014        M08                 189
JTU48009900JOL           2014        M09                 197
JTU48009900JOL           2014        M10                 194
JTU48009900JOL           2014        M11                 163
JTU48009900JOL           2014        M12                 134
JTU48009900JOL           2015        M01                 220
JTU48009900JOL           2015        M02                 184
JTU48009900JOL           2015        M03                 219
JTU48009900JOL           2015        M04                 250
JTU48009900JOL           2015        M05                 260
JTU48009900JOL           2015        M06                 229
JTU48009900JOL           2015        M07                 217
JTU48009900JOL           2015        M08                 209
JTU48009900JOL           2015        M09                 202
JTU48009900JOL           2015        M10                 209
JTU48009900JOL           2015        M11                 240
JTU48009900JOL           2015        M12                 173
JTU48009900JOL           2016        M01                 183
JTU48009900JOL           2016        M02                 180
JTU48009900JOL           2016        M03                 192
JTU48009900JOL           2016        M04                 214
JTU48009900JOL           2016        M05                 202
JTU48009900JOL           2016        M06                 218
JTU48009900JOL           2016        M07                 252
JTU48009900JOL           2016        M08                 215
JTU48009900JOL           2016        M09                 202
JTU48009900JOL           2016        M10                 186
JTU48009900JOL           2016        M11                 178
JTU48009900JOL           2016        M12                 182
JTU48009900JOL           2017        M01                 177
JTU48009900JOL           2017        M02                 174
JTU48009900JOL           2017        M03                 172
JTU48009900JOL           2017        M04                 190
JTU48009900JOL           2017        M05                 149
JTU48009900JOL           2017        M06                 183
JTU48009900JOL           2017        M07                 226
JTU48009900JOL           2017        M08                 266
JTU48009900JOL           2017        M09                 238
JTU48009900JOL           2017        M10                 210
JTU48009900JOL           2017        M11                 173
JTU48009900JOL           2017        M12                 174        p
JTU48009900JOR           2000        M12                 1.7
JTU48009900JOR           2001        M01                 3.2
JTU48009900JOR           2001        M02                 2.7
JTU48009900JOR           2001        M03                 2.2
JTU48009900JOR           2001        M04                 3.1
JTU48009900JOR           2001        M05                 2.1
JTU48009900JOR           2001        M06                 2.2
JTU48009900JOR           2001        M07                 3.1
JTU48009900JOR           2001        M08                 2.3
JTU48009900JOR           2001        M09                 1.9
JTU48009900JOR           2001        M10                 2.6
JTU48009900JOR           2001        M11                 2.1
JTU48009900JOR           2001        M12                 1.8
JTU48009900JOR           2002        M01                 2.0
JTU48009900JOR           2002        M02                 1.6
JTU48009900JOR           2002        M03                 1.6
JTU48009900JOR           2002        M04                 2.5
JTU48009900JOR           2002        M05                 2.2
JTU48009900JOR           2002        M06                 1.8
JTU48009900JOR           2002        M07                 1.7
JTU48009900JOR           2002        M08                 2.3
JTU48009900JOR           2002        M09                 1.3
JTU48009900JOR           2002        M10                 1.8
JTU48009900JOR           2002        M11                 1.9
JTU48009900JOR           2002        M12                 1.7
JTU48009900JOR           2003        M01                 2.4
JTU48009900JOR           2003        M02                 2.1
JTU48009900JOR           2003        M03                 1.6
JTU48009900JOR           2003        M04                 1.6
JTU48009900JOR           2003        M05                 1.7
JTU48009900JOR           2003        M06                 2.0
JTU48009900JOR           2003        M07                 2.0
JTU48009900JOR           2003        M08                 1.9
JTU48009900JOR           2003        M09                 1.8
JTU48009900JOR           2003        M10                 2.0
JTU48009900JOR           2003        M11                 1.7
JTU48009900JOR           2003        M12                 1.6
JTU48009900JOR           2004        M01                 1.8
JTU48009900JOR           2004        M02                 1.7
JTU48009900JOR           2004        M03                 2.4
JTU48009900JOR           2004        M04                 1.9
JTU48009900JOR           2004        M05                 1.8
JTU48009900JOR           2004        M06                 1.7
JTU48009900JOR           2004        M07                 2.5
JTU48009900JOR           2004        M08                 1.7
JTU48009900JOR           2004        M09                 1.4
JTU48009900JOR           2004        M10                 1.9
JTU48009900JOR           2004        M11                 1.7
JTU48009900JOR           2004        M12                 1.5
JTU48009900JOR           2005        M01                 1.9
JTU48009900JOR           2005        M02                 2.2
JTU48009900JOR           2005        M03                 1.9
JTU48009900JOR           2005        M04                 2.1
JTU48009900JOR           2005        M05                 2.1
JTU48009900JOR           2005        M06                 2.6
JTU48009900JOR           2005        M07                 2.5
JTU48009900JOR           2005        M08                 2.3
JTU48009900JOR           2005        M09                 2.7
JTU48009900JOR           2005        M10                 2.8
JTU48009900JOR           2005        M11                 2.4
JTU48009900JOR           2005        M12                 2.0
JTU48009900JOR           2006        M01                 1.8
JTU48009900JOR           2006        M02                 2.1
JTU48009900JOR           2006        M03                 2.3
JTU48009900JOR           2006        M04                 3.2
JTU48009900JOR           2006        M05                 3.0
JTU48009900JOR           2006        M06                 2.9
JTU48009900JOR           2006        M07                 2.9
JTU48009900JOR           2006        M08                 2.9
JTU48009900JOR           2006        M09                 3.4
JTU48009900JOR           2006        M10                 3.6
JTU48009900JOR           2006        M11                 2.9
JTU48009900JOR           2006        M12                 2.4
JTU48009900JOR           2007        M01                 3.3
JTU48009900JOR           2007        M02                 2.8
JTU48009900JOR           2007        M03                 3.3
JTU48009900JOR           2007        M04                 3.3
JTU48009900JOR           2007        M05                 2.8
JTU48009900JOR           2007        M06                 2.6
JTU48009900JOR           2007        M07                 3.1
JTU48009900JOR           2007        M08                 3.3
JTU48009900JOR           2007        M09                 3.7
JTU48009900JOR           2007        M10                 3.3
JTU48009900JOR           2007        M11                 3.3
JTU48009900JOR           2007        M12                 2.1
JTU48009900JOR           2008        M01                 3.2
JTU48009900JOR           2008        M02                 2.5
JTU48009900JOR           2008        M03                 2.1
JTU48009900JOR           2008        M04                 2.1
JTU48009900JOR           2008        M05                 2.1
JTU48009900JOR           2008        M06                 2.2
JTU48009900JOR           2008        M07                 2.5
JTU48009900JOR           2008        M08                 2.2
JTU48009900JOR           2008        M09                 2.4
JTU48009900JOR           2008        M10                 2.1
JTU48009900JOR           2008        M11                 1.4
JTU48009900JOR           2008        M12                 1.2
JTU48009900JOR           2009        M01                 1.4
JTU48009900JOR           2009        M02                 0.7
JTU48009900JOR           2009        M03                 1.3
JTU48009900JOR           2009        M04                 1.3
JTU48009900JOR           2009        M05                 1.4
JTU48009900JOR           2009        M06                 1.4
JTU48009900JOR           2009        M07                 1.0
JTU48009900JOR           2009        M08                 1.7
JTU48009900JOR           2009        M09                 1.3
JTU48009900JOR           2009        M10                 1.0
JTU48009900JOR           2009        M11                 1.0
JTU48009900JOR           2009        M12                 0.6
JTU48009900JOR           2010        M01                 0.9
JTU48009900JOR           2010        M02                 1.6
JTU48009900JOR           2010        M03                 1.3
JTU48009900JOR           2010        M04                 1.7
JTU48009900JOR           2010        M05                 1.3
JTU48009900JOR           2010        M06                 1.8
JTU48009900JOR           2010        M07                 1.5
JTU48009900JOR           2010        M08                 1.7
JTU48009900JOR           2010        M09                 2.4
JTU48009900JOR           2010        M10                 2.1
JTU48009900JOR           2010        M11                 1.3
JTU48009900JOR           2010        M12                 1.8
JTU48009900JOR           2011        M01                 1.8
JTU48009900JOR           2011        M02                 2.4
JTU48009900JOR           2011        M03                 2.4
JTU48009900JOR           2011        M04                 2.7
JTU48009900JOR           2011        M05                 2.5
JTU48009900JOR           2011        M06                 1.9
JTU48009900JOR           2011        M07                 2.6
JTU48009900JOR           2011        M08                 2.1
JTU48009900JOR           2011        M09                 2.3
JTU48009900JOR           2011        M10                 2.2
JTU48009900JOR           2011        M11                 2.2
JTU48009900JOR           2011        M12                 2.1
JTU48009900JOR           2012        M01                 2.3
JTU48009900JOR           2012        M02                 2.6
JTU48009900JOR           2012        M03                 2.4
JTU48009900JOR           2012        M04                 2.2
JTU48009900JOR           2012        M05                 2.2
JTU48009900JOR           2012        M06                 2.0
JTU48009900JOR           2012        M07                 2.2
JTU48009900JOR           2012        M08                 2.1
JTU48009900JOR           2012        M09                 2.3
JTU48009900JOR           2012        M10                 2.1
JTU48009900JOR           2012        M11                 1.7
JTU48009900JOR           2012        M12                 2.4
JTU48009900JOR           2013        M01                 2.8
JTU48009900JOR           2013        M02                 2.6
JTU48009900JOR           2013        M03                 2.1
JTU48009900JOR           2013        M04                 2.7
JTU48009900JOR           2013        M05                 2.7
JTU48009900JOR           2013        M06                 2.5
JTU48009900JOR           2013        M07                 2.4
JTU48009900JOR           2013        M08                 2.9
JTU48009900JOR           2013        M09                 3.3
JTU48009900JOR           2013        M10                 2.7
JTU48009900JOR           2013        M11                 2.6
JTU48009900JOR           2013        M12                 2.2
JTU48009900JOR           2014        M01                 3.2
JTU48009900JOR           2014        M02                 2.4
JTU48009900JOR           2014        M03                 3.0
JTU48009900JOR           2014        M04                 3.1
JTU48009900JOR           2014        M05                 3.2
JTU48009900JOR           2014        M06                 3.2
JTU48009900JOR           2014        M07                 3.7
JTU48009900JOR           2014        M08                 3.5
JTU48009900JOR           2014        M09                 3.6
JTU48009900JOR           2014        M10                 3.5
JTU48009900JOR           2014        M11                 2.9
JTU48009900JOR           2014        M12                 2.4
JTU48009900JOR           2015        M01                 4.0
JTU48009900JOR           2015        M02                 3.4
JTU48009900JOR           2015        M03                 4.0
JTU48009900JOR           2015        M04                 4.5
JTU48009900JOR           2015        M05                 4.6
JTU48009900JOR           2015        M06                 4.1
JTU48009900JOR           2015        M07                 3.9
JTU48009900JOR           2015        M08                 3.7
JTU48009900JOR           2015        M09                 3.6
JTU48009900JOR           2015        M10                 3.7
JTU48009900JOR           2015        M11                 4.1
JTU48009900JOR           2015        M12                 2.9
JTU48009900JOR           2016        M01                 3.2
JTU48009900JOR           2016        M02                 3.2
JTU48009900JOR           2016        M03                 3.4
JTU48009900JOR           2016        M04                 3.8
JTU48009900JOR           2016        M05                 3.5
JTU48009900JOR           2016        M06                 3.8
JTU48009900JOR           2016        M07                 4.4
JTU48009900JOR           2016        M08                 3.7
JTU48009900JOR           2016        M09                 3.5
JTU48009900JOR           2016        M10                 3.2
JTU48009900JOR           2016        M11                 3.0
JTU48009900JOR           2016        M12                 3.0
JTU48009900JOR           2017        M01                 3.1
JTU48009900JOR           2017        M02                 3.1
JTU48009900JOR           2017        M03                 3.0
JTU48009900JOR           2017        M04                 3.3
JTU48009900JOR           2017        M05                 2.6
JTU48009900JOR           2017        M06                 3.1
JTU48009900JOR           2017        M07                 3.9
JTU48009900JOR           2017        M08                 4.5
JTU48009900JOR           2017        M09                 4.0
JTU48009900JOR           2017        M10                 3.5
JTU48009900JOR           2017        M11                 2.9
JTU48009900JOR           2017        M12                 2.9        p
JTU51000000JOL           2000        M12                 169
JTU51000000JOL           2001        M01                 308
JTU51000000JOL           2001        M02                 156
JTU51000000JOL           2001        M03                 167
JTU51000000JOL           2001        M04                 211
JTU51000000JOL           2001        M05                  97
JTU51000000JOL           2001        M06                  87
JTU51000000JOL           2001        M07                 124
JTU51000000JOL           2001        M08                 117
JTU51000000JOL           2001        M09                  68
JTU51000000JOL           2001        M10                  65
JTU51000000JOL           2001        M11                  77
JTU51000000JOL           2001        M12                  89
JTU51000000JOL           2002        M01                 144
JTU51000000JOL           2002        M02                  93
JTU51000000JOL           2002        M03                  84
JTU51000000JOL           2002        M04                  85
JTU51000000JOL           2002        M05                  78
JTU51000000JOL           2002        M06                  53
JTU51000000JOL           2002        M07                 102
JTU51000000JOL           2002        M08                  74
JTU51000000JOL           2002        M09                  69
JTU51000000JOL           2002        M10                  94
JTU51000000JOL           2002        M11                  59
JTU51000000JOL           2002        M12                  47
JTU51000000JOL           2003        M01                 147
JTU51000000JOL           2003        M02                  58
JTU51000000JOL           2003        M03                  54
JTU51000000JOL           2003        M04                  52
JTU51000000JOL           2003        M05                  50
JTU51000000JOL           2003        M06                  59
JTU51000000JOL           2003        M07                  72
JTU51000000JOL           2003        M08                  52
JTU51000000JOL           2003        M09                  77
JTU51000000JOL           2003        M10                 109
JTU51000000JOL           2003        M11                  57
JTU51000000JOL           2003        M12                  85
JTU51000000JOL           2004        M01                  96
JTU51000000JOL           2004        M02                  74
JTU51000000JOL           2004        M03                  67
JTU51000000JOL           2004        M04                  86
JTU51000000JOL           2004        M05                  85
JTU51000000JOL           2004        M06                  82
JTU51000000JOL           2004        M07                 109
JTU51000000JOL           2004        M08                  95
JTU51000000JOL           2004        M09                  75
JTU51000000JOL           2004        M10                 115
JTU51000000JOL           2004        M11                  56
JTU51000000JOL           2004        M12                  95
JTU51000000JOL           2005        M01                 118
JTU51000000JOL           2005        M02                  81
JTU51000000JOL           2005        M03                  86
JTU51000000JOL           2005        M04                 112
JTU51000000JOL           2005        M05                  87
JTU51000000JOL           2005        M06                 104
JTU51000000JOL           2005        M07                 118
JTU51000000JOL           2005        M08                 103
JTU51000000JOL           2005        M09                 136
JTU51000000JOL           2005        M10                 111
JTU51000000JOL           2005        M11                 111
JTU51000000JOL           2005        M12                  95
JTU51000000JOL           2006        M01                 164
JTU51000000JOL           2006        M02                  99
JTU51000000JOL           2006        M03                 124
JTU51000000JOL           2006        M04                 179
JTU51000000JOL           2006        M05                 123
JTU51000000JOL           2006        M06                 135
JTU51000000JOL           2006        M07                 145
JTU51000000JOL           2006        M08                 165
JTU51000000JOL           2006        M09                 169
JTU51000000JOL           2006        M10                 170
JTU51000000JOL           2006        M11                 170
JTU51000000JOL           2006        M12                 158
JTU51000000JOL           2007        M01                 193
JTU51000000JOL           2007        M02                 178
JTU51000000JOL           2007        M03                 157
JTU51000000JOL           2007        M04                 175
JTU51000000JOL           2007        M05                 172
JTU51000000JOL           2007        M06                 170
JTU51000000JOL           2007        M07                 165
JTU51000000JOL           2007        M08                 111
JTU51000000JOL           2007        M09                 108
JTU51000000JOL           2007        M10                 114
JTU51000000JOL           2007        M11                 101
JTU51000000JOL           2007        M12                  94
JTU51000000JOL           2008        M01                  91
JTU51000000JOL           2008        M02                  68
JTU51000000JOL           2008        M03                  76
JTU51000000JOL           2008        M04                  97
JTU51000000JOL           2008        M05                  73
JTU51000000JOL           2008        M06                 121
JTU51000000JOL           2008        M07                  73
JTU51000000JOL           2008        M08                  87
JTU51000000JOL           2008        M09                  63
JTU51000000JOL           2008        M10                  95
JTU51000000JOL           2008        M11                  68
JTU51000000JOL           2008        M12                  53
JTU51000000JOL           2009        M01                  67
JTU51000000JOL           2009        M02                  57
JTU51000000JOL           2009        M03                  47
JTU51000000JOL           2009        M04                  37
JTU51000000JOL           2009        M05                  46
JTU51000000JOL           2009        M06                  42
JTU51000000JOL           2009        M07                  44
JTU51000000JOL           2009        M08                  39
JTU51000000JOL           2009        M09                  53
JTU51000000JOL           2009        M10                  74
JTU51000000JOL           2009        M11                  37
JTU51000000JOL           2009        M12                  59
JTU51000000JOL           2010        M01                 121
JTU51000000JOL           2010        M02                  75
JTU51000000JOL           2010        M03                  51
JTU51000000JOL           2010        M04                  82
JTU51000000JOL           2010        M05                  77
JTU51000000JOL           2010        M06                  57
JTU51000000JOL           2010        M07                 105
JTU51000000JOL           2010        M08                  94
JTU51000000JOL           2010        M09                  57
JTU51000000JOL           2010        M10                  78
JTU51000000JOL           2010        M11                  72
JTU51000000JOL           2010        M12                  71
JTU51000000JOL           2011        M01                 101
JTU51000000JOL           2011        M02                  73
JTU51000000JOL           2011        M03                 109
JTU51000000JOL           2011        M04                 113
JTU51000000JOL           2011        M05                 108
JTU51000000JOL           2011        M06                  88
JTU51000000JOL           2011        M07                 112
JTU51000000JOL           2011        M08                 112
JTU51000000JOL           2011        M09                 120
JTU51000000JOL           2011        M10                 126
JTU51000000JOL           2011        M11                 128
JTU51000000JOL           2011        M12                  92
JTU51000000JOL           2012        M01                  86
JTU51000000JOL           2012        M02                  90
JTU51000000JOL           2012        M03                  90
JTU51000000JOL           2012        M04                 113
JTU51000000JOL           2012        M05                  78
JTU51000000JOL           2012        M06                  85
JTU51000000JOL           2012        M07                 109
JTU51000000JOL           2012        M08                  98
JTU51000000JOL           2012        M09                  94
JTU51000000JOL           2012        M10                 110
JTU51000000JOL           2012        M11                  88
JTU51000000JOL           2012        M12                  84
JTU51000000JOL           2013        M01                  84
JTU51000000JOL           2013        M02                  98
JTU51000000JOL           2013        M03                  96
JTU51000000JOL           2013        M04                  80
JTU51000000JOL           2013        M05                  95
JTU51000000JOL           2013        M06                  92
JTU51000000JOL           2013        M07                  98
JTU51000000JOL           2013        M08                  72
JTU51000000JOL           2013        M09                 103
JTU51000000JOL           2013        M10                 134
JTU51000000JOL           2013        M11                 118
JTU51000000JOL           2013        M12                  83
JTU51000000JOL           2014        M01                 103
JTU51000000JOL           2014        M02                  96
JTU51000000JOL           2014        M03                 101
JTU51000000JOL           2014        M04                 139
JTU51000000JOL           2014        M05                  98
JTU51000000JOL           2014        M06                  91
JTU51000000JOL           2014        M07                 117
JTU51000000JOL           2014        M08                  99
JTU51000000JOL           2014        M09                 109
JTU51000000JOL           2014        M10                  93
JTU51000000JOL           2014        M11                 117
JTU51000000JOL           2014        M12                  96
JTU51000000JOL           2015        M01                 120
JTU51000000JOL           2015        M02                 108
JTU51000000JOL           2015        M03                 106
JTU51000000JOL           2015        M04                 116
JTU51000000JOL           2015        M05                 110
JTU51000000JOL           2015        M06                  99
JTU51000000JOL           2015        M07                 123
JTU51000000JOL           2015        M08                 114
JTU51000000JOL           2015        M09                 103
JTU51000000JOL           2015        M10                 127
JTU51000000JOL           2015        M11                  69
JTU51000000JOL           2015        M12                 107
JTU51000000JOL           2016        M01                  97
JTU51000000JOL           2016        M02                  86
JTU51000000JOL           2016        M03                  76
JTU51000000JOL           2016        M04                  92
JTU51000000JOL           2016        M05                  90
JTU51000000JOL           2016        M06                  85
JTU51000000JOL           2016        M07                  84
JTU51000000JOL           2016        M08                  87
JTU51000000JOL           2016        M09                  87
JTU51000000JOL           2016        M10                  74
JTU51000000JOL           2016        M11                  73
JTU51000000JOL           2016        M12                  81
JTU51000000JOL           2017        M01                  73
JTU51000000JOL           2017        M02                  75
JTU51000000JOL           2017        M03                  83
JTU51000000JOL           2017        M04                 109
JTU51000000JOL           2017        M05                  88
JTU51000000JOL           2017        M06                 102
JTU51000000JOL           2017        M07                  93
JTU51000000JOL           2017        M08                 122
JTU51000000JOL           2017        M09                 113
JTU51000000JOL           2017        M10                  74
JTU51000000JOL           2017        M11                  79
JTU51000000JOL           2017        M12                 112        p
JTU51000000JOR           2000        M12                 4.4
JTU51000000JOR           2001        M01                 7.7
JTU51000000JOR           2001        M02                 4.0
JTU51000000JOR           2001        M03                 4.3
JTU51000000JOR           2001        M04                 5.4
JTU51000000JOR           2001        M05                 2.6
JTU51000000JOR           2001        M06                 2.3
JTU51000000JOR           2001        M07                 3.3
JTU51000000JOR           2001        M08                 3.1
JTU51000000JOR           2001        M09                 1.9
JTU51000000JOR           2001        M10                 1.8
JTU51000000JOR           2001        M11                 2.1
JTU51000000JOR           2001        M12                 2.5
JTU51000000JOR           2002        M01                 4.0
JTU51000000JOR           2002        M02                 2.6
JTU51000000JOR           2002        M03                 2.4
JTU51000000JOR           2002        M04                 2.4
JTU51000000JOR           2002        M05                 2.2
JTU51000000JOR           2002        M06                 1.5
JTU51000000JOR           2002        M07                 2.9
JTU51000000JOR           2002        M08                 2.1
JTU51000000JOR           2002        M09                 2.0
JTU51000000JOR           2002        M10                 2.7
JTU51000000JOR           2002        M11                 1.7
JTU51000000JOR           2002        M12                 1.4
JTU51000000JOR           2003        M01                 4.3
JTU51000000JOR           2003        M02                 1.8
JTU51000000JOR           2003        M03                 1.7
JTU51000000JOR           2003        M04                 1.6
JTU51000000JOR           2003        M05                 1.5
JTU51000000JOR           2003        M06                 1.8
JTU51000000JOR           2003        M07                 2.2
JTU51000000JOR           2003        M08                 1.6
JTU51000000JOR           2003        M09                 2.4
JTU51000000JOR           2003        M10                 3.4
JTU51000000JOR           2003        M11                 1.8
JTU51000000JOR           2003        M12                 2.6
JTU51000000JOR           2004        M01                 3.0
JTU51000000JOR           2004        M02                 2.3
JTU51000000JOR           2004        M03                 2.1
JTU51000000JOR           2004        M04                 2.7
JTU51000000JOR           2004        M05                 2.6
JTU51000000JOR           2004        M06                 2.5
JTU51000000JOR           2004        M07                 3.3
JTU51000000JOR           2004        M08                 3.0
JTU51000000JOR           2004        M09                 2.4
JTU51000000JOR           2004        M10                 3.6
JTU51000000JOR           2004        M11                 1.8
JTU51000000JOR           2004        M12                 3.0
JTU51000000JOR           2005        M01                 3.7
JTU51000000JOR           2005        M02                 2.6
JTU51000000JOR           2005        M03                 2.8
JTU51000000JOR           2005        M04                 3.5
JTU51000000JOR           2005        M05                 2.8
JTU51000000JOR           2005        M06                 3.3
JTU51000000JOR           2005        M07                 3.7
JTU51000000JOR           2005        M08                 3.2
JTU51000000JOR           2005        M09                 4.3
JTU51000000JOR           2005        M10                 3.5
JTU51000000JOR           2005        M11                 3.5
JTU51000000JOR           2005        M12                 3.0
JTU51000000JOR           2006        M01                 5.1
JTU51000000JOR           2006        M02                 3.2
JTU51000000JOR           2006        M03                 3.9
JTU51000000JOR           2006        M04                 5.6
JTU51000000JOR           2006        M05                 3.9
JTU51000000JOR           2006        M06                 4.2
JTU51000000JOR           2006        M07                 4.6
JTU51000000JOR           2006        M08                 5.2
JTU51000000JOR           2006        M09                 5.3
JTU51000000JOR           2006        M10                 5.3
JTU51000000JOR           2006        M11                 5.3
JTU51000000JOR           2006        M12                 4.9
JTU51000000JOR           2007        M01                 6.0
JTU51000000JOR           2007        M02                 5.6
JTU51000000JOR           2007        M03                 4.9
JTU51000000JOR           2007        M04                 5.5
JTU51000000JOR           2007        M05                 5.4
JTU51000000JOR           2007        M06                 5.3
JTU51000000JOR           2007        M07                 5.1
JTU51000000JOR           2007        M08                 3.5
JTU51000000JOR           2007        M09                 3.4
JTU51000000JOR           2007        M10                 3.6
JTU51000000JOR           2007        M11                 3.2
JTU51000000JOR           2007        M12                 3.0
JTU51000000JOR           2008        M01                 2.9
JTU51000000JOR           2008        M02                 2.2
JTU51000000JOR           2008        M03                 2.5
JTU51000000JOR           2008        M04                 3.1
JTU51000000JOR           2008        M05                 2.4
JTU51000000JOR           2008        M06                 3.8
JTU51000000JOR           2008        M07                 2.4
JTU51000000JOR           2008        M08                 2.8
JTU51000000JOR           2008        M09                 2.1
JTU51000000JOR           2008        M10                 3.1
JTU51000000JOR           2008        M11                 2.3
JTU51000000JOR           2008        M12                 1.8
JTU51000000JOR           2009        M01                 2.3
JTU51000000JOR           2009        M02                 1.9
JTU51000000JOR           2009        M03                 1.6
JTU51000000JOR           2009        M04                 1.3
JTU51000000JOR           2009        M05                 1.6
JTU51000000JOR           2009        M06                 1.5
JTU51000000JOR           2009        M07                 1.5
JTU51000000JOR           2009        M08                 1.4
JTU51000000JOR           2009        M09                 1.9
JTU51000000JOR           2009        M10                 2.6
JTU51000000JOR           2009        M11                 1.3
JTU51000000JOR           2009        M12                 2.1
JTU51000000JOR           2010        M01                 4.3
JTU51000000JOR           2010        M02                 2.7
JTU51000000JOR           2010        M03                 1.8
JTU51000000JOR           2010        M04                 2.9
JTU51000000JOR           2010        M05                 2.7
JTU51000000JOR           2010        M06                 2.1
JTU51000000JOR           2010        M07                 3.7
JTU51000000JOR           2010        M08                 3.3
JTU51000000JOR           2010        M09                 2.1
JTU51000000JOR           2010        M10                 2.8
JTU51000000JOR           2010        M11                 2.6
JTU51000000JOR           2010        M12                 2.6
JTU51000000JOR           2011        M01                 3.7
JTU51000000JOR           2011        M02                 2.7
JTU51000000JOR           2011        M03                 3.9
JTU51000000JOR           2011        M04                 4.1
JTU51000000JOR           2011        M05                 3.9
JTU51000000JOR           2011        M06                 3.2
JTU51000000JOR           2011        M07                 4.0
JTU51000000JOR           2011        M08                 4.0
JTU51000000JOR           2011        M09                 4.3
JTU51000000JOR           2011        M10                 4.5
JTU51000000JOR           2011        M11                 4.6
JTU51000000JOR           2011        M12                 3.3
JTU51000000JOR           2012        M01                 3.2
JTU51000000JOR           2012        M02                 3.2
JTU51000000JOR           2012        M03                 3.3
JTU51000000JOR           2012        M04                 4.1
JTU51000000JOR           2012        M05                 2.8
JTU51000000JOR           2012        M06                 3.1
JTU51000000JOR           2012        M07                 3.9
JTU51000000JOR           2012        M08                 3.5
JTU51000000JOR           2012        M09                 3.4
JTU51000000JOR           2012        M10                 4.0
JTU51000000JOR           2012        M11                 3.2
JTU51000000JOR           2012        M12                 3.1
JTU51000000JOR           2013        M01                 3.1
JTU51000000JOR           2013        M02                 3.5
JTU51000000JOR           2013        M03                 3.4
JTU51000000JOR           2013        M04                 2.9
JTU51000000JOR           2013        M05                 3.4
JTU51000000JOR           2013        M06                 3.3
JTU51000000JOR           2013        M07                 3.5
JTU51000000JOR           2013        M08                 2.6
JTU51000000JOR           2013        M09                 3.7
JTU51000000JOR           2013        M10                 4.7
JTU51000000JOR           2013        M11                 4.1
JTU51000000JOR           2013        M12                 2.9
JTU51000000JOR           2014        M01                 3.7
JTU51000000JOR           2014        M02                 3.4
JTU51000000JOR           2014        M03                 3.6
JTU51000000JOR           2014        M04                 4.9
JTU51000000JOR           2014        M05                 3.5
JTU51000000JOR           2014        M06                 3.2
JTU51000000JOR           2014        M07                 4.1
JTU51000000JOR           2014        M08                 3.5
JTU51000000JOR           2014        M09                 3.8
JTU51000000JOR           2014        M10                 3.3
JTU51000000JOR           2014        M11                 4.1
JTU51000000JOR           2014        M12                 3.4
JTU51000000JOR           2015        M01                 4.3
JTU51000000JOR           2015        M02                 3.8
JTU51000000JOR           2015        M03                 3.7
JTU51000000JOR           2015        M04                 4.1
JTU51000000JOR           2015        M05                 3.9
JTU51000000JOR           2015        M06                 3.5
JTU51000000JOR           2015        M07                 4.3
JTU51000000JOR           2015        M08                 4.0
JTU51000000JOR           2015        M09                 3.6
JTU51000000JOR           2015        M10                 4.4
JTU51000000JOR           2015        M11                 2.4
JTU51000000JOR           2015        M12                 3.7
JTU51000000JOR           2016        M01                 3.4
JTU51000000JOR           2016        M02                 3.0
JTU51000000JOR           2016        M03                 2.7
JTU51000000JOR           2016        M04                 3.2
JTU51000000JOR           2016        M05                 3.2
JTU51000000JOR           2016        M06                 2.9
JTU51000000JOR           2016        M07                 2.9
JTU51000000JOR           2016        M08                 3.0
JTU51000000JOR           2016        M09                 3.0
JTU51000000JOR           2016        M10                 2.6
JTU51000000JOR           2016        M11                 2.6
JTU51000000JOR           2016        M12                 2.8
JTU51000000JOR           2017        M01                 2.6
JTU51000000JOR           2017        M02                 2.7
JTU51000000JOR           2017        M03                 3.0
JTU51000000JOR           2017        M04                 3.8
JTU51000000JOR           2017        M05                 3.1
JTU51000000JOR           2017        M06                 3.6
JTU51000000JOR           2017        M07                 3.3
JTU51000000JOR           2017        M08                 4.3
JTU51000000JOR           2017        M09                 4.0
JTU51000000JOR           2017        M10                 2.6
JTU51000000JOR           2017        M11                 2.8
JTU51000000JOR           2017        M12                 3.9        p
JTU51009900JOL           2000        M12                 265
JTU51009900JOL           2001        M01                 334
JTU51009900JOL           2001        M02                 263
JTU51009900JOL           2001        M03                 291
JTU51009900JOL           2001        M04                 293
JTU51009900JOL           2001        M05                 282
JTU51009900JOL           2001        M06                 293
JTU51009900JOL           2001        M07                 305
JTU51009900JOL           2001        M08                 256
JTU51009900JOL           2001        M09                 265
JTU51009900JOL           2001        M10                 255
JTU51009900JOL           2001        M11                 194
JTU51009900JOL           2001        M12                 181
JTU51009900JOL           2002        M01                 388
JTU51009900JOL           2002        M02                 156
JTU51009900JOL           2002        M03                 214
JTU51009900JOL           2002        M04                 255
JTU51009900JOL           2002        M05                 189
JTU51009900JOL           2002        M06                 223
JTU51009900JOL           2002        M07                 238
JTU51009900JOL           2002        M08                 206
JTU51009900JOL           2002        M09                 151
JTU51009900JOL           2002        M10                 259
JTU51009900JOL           2002        M11                 201
JTU51009900JOL           2002        M12                 169
JTU51009900JOL           2003        M01                 284
JTU51009900JOL           2003        M02                 178
JTU51009900JOL           2003        M03                 189
JTU51009900JOL           2003        M04                 296
JTU51009900JOL           2003        M05                 187
JTU51009900JOL           2003        M06                 179
JTU51009900JOL           2003        M07                 271
JTU51009900JOL           2003        M08                 236
JTU51009900JOL           2003        M09                 181
JTU51009900JOL           2003        M10                 226
JTU51009900JOL           2003        M11                 194
JTU51009900JOL           2003        M12                 176
JTU51009900JOL           2004        M01                 306
JTU51009900JOL           2004        M02                 235
JTU51009900JOL           2004        M03                 197
JTU51009900JOL           2004        M04                 278
JTU51009900JOL           2004        M05                 221
JTU51009900JOL           2004        M06                 189
JTU51009900JOL           2004        M07                 301
JTU51009900JOL           2004        M08                 246
JTU51009900JOL           2004        M09                 308
JTU51009900JOL           2004        M10                 292
JTU51009900JOL           2004        M11                 209
JTU51009900JOL           2004        M12                 257
JTU51009900JOL           2005        M01                 316
JTU51009900JOL           2005        M02                 266
JTU51009900JOL           2005        M03                 203
JTU51009900JOL           2005        M04                 348
JTU51009900JOL           2005        M05                 185
JTU51009900JOL           2005        M06                 272
JTU51009900JOL           2005        M07                 329
JTU51009900JOL           2005        M08                 276
JTU51009900JOL           2005        M09                 304
JTU51009900JOL           2005        M10                 356
JTU51009900JOL           2005        M11                 289
JTU51009900JOL           2005        M12                 353
JTU51009900JOL           2006        M01                 472
JTU51009900JOL           2006        M02                 352
JTU51009900JOL           2006        M03                 334
JTU51009900JOL           2006        M04                 435
JTU51009900JOL           2006        M05                 332
JTU51009900JOL           2006        M06                 318
JTU51009900JOL           2006        M07                 266
JTU51009900JOL           2006        M08                 282
JTU51009900JOL           2006        M09                 257
JTU51009900JOL           2006        M10                 313
JTU51009900JOL           2006        M11                 277
JTU51009900JOL           2006        M12                 278
JTU51009900JOL           2007        M01                 261
JTU51009900JOL           2007        M02                 254
JTU51009900JOL           2007        M03                 312
JTU51009900JOL           2007        M04                 266
JTU51009900JOL           2007        M05                 279
JTU51009900JOL           2007        M06                 264
JTU51009900JOL           2007        M07                 313
JTU51009900JOL           2007        M08                 290
JTU51009900JOL           2007        M09                 276
JTU51009900JOL           2007        M10                 285
JTU51009900JOL           2007        M11                 223
JTU51009900JOL           2007        M12                 262
JTU51009900JOL           2008        M01                 377
JTU51009900JOL           2008        M02                 219
JTU51009900JOL           2008        M03                 245
JTU51009900JOL           2008        M04                 248
JTU51009900JOL           2008        M05                 202
JTU51009900JOL           2008        M06                 192
JTU51009900JOL           2008        M07                 225
JTU51009900JOL           2008        M08                 200
JTU51009900JOL           2008        M09                 193
JTU51009900JOL           2008        M10                 169
JTU51009900JOL           2008        M11                 190
JTU51009900JOL           2008        M12                 185
JTU51009900JOL           2009        M01                 227
JTU51009900JOL           2009        M02                 188
JTU51009900JOL           2009        M03                 180
JTU51009900JOL           2009        M04                 146
JTU51009900JOL           2009        M05                 170
JTU51009900JOL           2009        M06                 150
JTU51009900JOL           2009        M07                 136
JTU51009900JOL           2009        M08                 117
JTU51009900JOL           2009        M09                 172
JTU51009900JOL           2009        M10                 162
JTU51009900JOL           2009        M11                 154
JTU51009900JOL           2009        M12                 120
JTU51009900JOL           2010        M01                 204
JTU51009900JOL           2010        M02                 135
JTU51009900JOL           2010        M03                 152
JTU51009900JOL           2010        M04                 251
JTU51009900JOL           2010        M05                 206
JTU51009900JOL           2010        M06                 207
JTU51009900JOL           2010        M07                 231
JTU51009900JOL           2010        M08                 218
JTU51009900JOL           2010        M09                 231
JTU51009900JOL           2010        M10                 254
JTU51009900JOL           2010        M11                 237
JTU51009900JOL           2010        M12                 176
JTU51009900JOL           2011        M01                 257
JTU51009900JOL           2011        M02                 183
JTU51009900JOL           2011        M03                 193
JTU51009900JOL           2011        M04                 273
JTU51009900JOL           2011        M05                 189
JTU51009900JOL           2011        M06                 224
JTU51009900JOL           2011        M07                 237
JTU51009900JOL           2011        M08                 166
JTU51009900JOL           2011        M09                 172
JTU51009900JOL           2011        M10                 247
JTU51009900JOL           2011        M11                 145
JTU51009900JOL           2011        M12                 164
JTU51009900JOL           2012        M01                 269
JTU51009900JOL           2012        M02                 174
JTU51009900JOL           2012        M03                 233
JTU51009900JOL           2012        M04                 242
JTU51009900JOL           2012        M05                 231
JTU51009900JOL           2012        M06                 235
JTU51009900JOL           2012        M07                 259
JTU51009900JOL           2012        M08                 243
JTU51009900JOL           2012        M09                 284
JTU51009900JOL           2012        M10                 290
JTU51009900JOL           2012        M11                 212
JTU51009900JOL           2012        M12                 228
JTU51009900JOL           2013        M01                 259
JTU51009900JOL           2013        M02                 311
JTU51009900JOL           2013        M03                 277
JTU51009900JOL           2013        M04                 323
JTU51009900JOL           2013        M05                 303
JTU51009900JOL           2013        M06                 325
JTU51009900JOL           2013        M07                 332
JTU51009900JOL           2013        M08                 257
JTU51009900JOL           2013        M09                 245
JTU51009900JOL           2013        M10                 272
JTU51009900JOL           2013        M11                 193
JTU51009900JOL           2013        M12                 215
JTU51009900JOL           2014        M01                 252
JTU51009900JOL           2014        M02                 210
JTU51009900JOL           2014        M03                 241
JTU51009900JOL           2014        M04                 298
JTU51009900JOL           2014        M05                 280
JTU51009900JOL           2014        M06                 327
JTU51009900JOL           2014        M07                 305
JTU51009900JOL           2014        M08                 314
JTU51009900JOL           2014        M09                 259
JTU51009900JOL           2014        M10                 360
JTU51009900JOL           2014        M11                 246
JTU51009900JOL           2014        M12                 247
JTU51009900JOL           2015        M01                 328
JTU51009900JOL           2015        M02                 310
JTU51009900JOL           2015        M03                 262
JTU51009900JOL           2015        M04                 418
JTU51009900JOL           2015        M05                 302
JTU51009900JOL           2015        M06                 276
JTU51009900JOL           2015        M07                 389
JTU51009900JOL           2015        M08                 327
JTU51009900JOL           2015        M09                 304
JTU51009900JOL           2015        M10                 349
JTU51009900JOL           2015        M11                 323
JTU51009900JOL           2015        M12                 364
JTU51009900JOL           2016        M01                 366
JTU51009900JOL           2016        M02                 312
JTU51009900JOL           2016        M03                 303
JTU51009900JOL           2016        M04                 368
JTU51009900JOL           2016        M05                 284
JTU51009900JOL           2016        M06                 302
JTU51009900JOL           2016        M07                 330
JTU51009900JOL           2016        M08                 323
JTU51009900JOL           2016        M09                 344
JTU51009900JOL           2016        M10                 341
JTU51009900JOL           2016        M11                 307
JTU51009900JOL           2016        M12                 349
JTU51009900JOL           2017        M01                 409
JTU51009900JOL           2017        M02                 334
JTU51009900JOL           2017        M03                 309
JTU51009900JOL           2017        M04                 439
JTU51009900JOL           2017        M05                 332
JTU51009900JOL           2017        M06                 351
JTU51009900JOL           2017        M07                 372
JTU51009900JOL           2017        M08                 328
JTU51009900JOL           2017        M09                 398
JTU51009900JOL           2017        M10                 391
JTU51009900JOL           2017        M11                 326
JTU51009900JOL           2017        M12                 336        p
JTU51009900JOR           2000        M12                 3.3
JTU51009900JOR           2001        M01                 4.1
JTU51009900JOR           2001        M02                 3.3
JTU51009900JOR           2001        M03                 3.6
JTU51009900JOR           2001        M04                 3.6
JTU51009900JOR           2001        M05                 3.4
JTU51009900JOR           2001        M06                 3.5
JTU51009900JOR           2001        M07                 3.7
JTU51009900JOR           2001        M08                 3.1
JTU51009900JOR           2001        M09                 3.2
JTU51009900JOR           2001        M10                 3.1
JTU51009900JOR           2001        M11                 2.4
JTU51009900JOR           2001        M12                 2.2
JTU51009900JOR           2002        M01                 4.7
JTU51009900JOR           2002        M02                 1.9
JTU51009900JOR           2002        M03                 2.6
JTU51009900JOR           2002        M04                 3.1
JTU51009900JOR           2002        M05                 2.3
JTU51009900JOR           2002        M06                 2.7
JTU51009900JOR           2002        M07                 2.9
JTU51009900JOR           2002        M08                 2.5
JTU51009900JOR           2002        M09                 1.9
JTU51009900JOR           2002        M10                 3.1
JTU51009900JOR           2002        M11                 2.5
JTU51009900JOR           2002        M12                 2.1
JTU51009900JOR           2003        M01                 3.4
JTU51009900JOR           2003        M02                 2.2
JTU51009900JOR           2003        M03                 2.3
JTU51009900JOR           2003        M04                 3.5
JTU51009900JOR           2003        M05                 2.3
JTU51009900JOR           2003        M06                 2.2
JTU51009900JOR           2003        M07                 3.2
JTU51009900JOR           2003        M08                 2.8
JTU51009900JOR           2003        M09                 2.2
JTU51009900JOR           2003        M10                 2.7
JTU51009900JOR           2003        M11                 2.3
JTU51009900JOR           2003        M12                 2.1
JTU51009900JOR           2004        M01                 3.7
JTU51009900JOR           2004        M02                 2.8
JTU51009900JOR           2004        M03                 2.4
JTU51009900JOR           2004        M04                 3.3
JTU51009900JOR           2004        M05                 2.7
JTU51009900JOR           2004        M06                 2.3
JTU51009900JOR           2004        M07                 3.6
JTU51009900JOR           2004        M08                 2.9
JTU51009900JOR           2004        M09                 3.7
JTU51009900JOR           2004        M10                 3.5
JTU51009900JOR           2004        M11                 2.5
JTU51009900JOR           2004        M12                 3.1
JTU51009900JOR           2005        M01                 3.8
JTU51009900JOR           2005        M02                 3.2
JTU51009900JOR           2005        M03                 2.4
JTU51009900JOR           2005        M04                 4.1
JTU51009900JOR           2005        M05                 2.2
JTU51009900JOR           2005        M06                 3.2
JTU51009900JOR           2005        M07                 3.8
JTU51009900JOR           2005        M08                 3.2
JTU51009900JOR           2005        M09                 3.6
JTU51009900JOR           2005        M10                 4.1
JTU51009900JOR           2005        M11                 3.4
JTU51009900JOR           2005        M12                 4.1
JTU51009900JOR           2006        M01                 5.4
JTU51009900JOR           2006        M02                 4.1
JTU51009900JOR           2006        M03                 3.9
JTU51009900JOR           2006        M04                 5.0
JTU51009900JOR           2006        M05                 3.8
JTU51009900JOR           2006        M06                 3.6
JTU51009900JOR           2006        M07                 3.1
JTU51009900JOR           2006        M08                 3.2
JTU51009900JOR           2006        M09                 3.0
JTU51009900JOR           2006        M10                 3.6
JTU51009900JOR           2006        M11                 3.2
JTU51009900JOR           2006        M12                 3.2
JTU51009900JOR           2007        M01                 3.0
JTU51009900JOR           2007        M02                 2.9
JTU51009900JOR           2007        M03                 3.6
JTU51009900JOR           2007        M04                 3.1
JTU51009900JOR           2007        M05                 3.2
JTU51009900JOR           2007        M06                 3.0
JTU51009900JOR           2007        M07                 3.6
JTU51009900JOR           2007        M08                 3.3
JTU51009900JOR           2007        M09                 3.2
JTU51009900JOR           2007        M10                 3.3
JTU51009900JOR           2007        M11                 2.6
JTU51009900JOR           2007        M12                 3.1
JTU51009900JOR           2008        M01                 4.4
JTU51009900JOR           2008        M02                 2.6
JTU51009900JOR           2008        M03                 2.9
JTU51009900JOR           2008        M04                 2.9
JTU51009900JOR           2008        M05                 2.4
JTU51009900JOR           2008        M06                 2.3
JTU51009900JOR           2008        M07                 2.6
JTU51009900JOR           2008        M08                 2.4
JTU51009900JOR           2008        M09                 2.3
JTU51009900JOR           2008        M10                 2.0
JTU51009900JOR           2008        M11                 2.3
JTU51009900JOR           2008        M12                 2.2
JTU51009900JOR           2009        M01                 2.8
JTU51009900JOR           2009        M02                 2.3
JTU51009900JOR           2009        M03                 2.2
JTU51009900JOR           2009        M04                 1.8
JTU51009900JOR           2009        M05                 2.1
JTU51009900JOR           2009        M06                 1.9
JTU51009900JOR           2009        M07                 1.7
JTU51009900JOR           2009        M08                 1.5
JTU51009900JOR           2009        M09                 2.2
JTU51009900JOR           2009        M10                 2.0
JTU51009900JOR           2009        M11                 1.9
JTU51009900JOR           2009        M12                 1.5
JTU51009900JOR           2010        M01                 2.6
JTU51009900JOR           2010        M02                 1.7
JTU51009900JOR           2010        M03                 1.9
JTU51009900JOR           2010        M04                 3.2
JTU51009900JOR           2010        M05                 2.6
JTU51009900JOR           2010        M06                 2.6
JTU51009900JOR           2010        M07                 2.9
JTU51009900JOR           2010        M08                 2.7
JTU51009900JOR           2010        M09                 2.9
JTU51009900JOR           2010        M10                 3.2
JTU51009900JOR           2010        M11                 3.0
JTU51009900JOR           2010        M12                 2.2
JTU51009900JOR           2011        M01                 3.3
JTU51009900JOR           2011        M02                 2.3
JTU51009900JOR           2011        M03                 2.5
JTU51009900JOR           2011        M04                 3.4
JTU51009900JOR           2011        M05                 2.4
JTU51009900JOR           2011        M06                 2.8
JTU51009900JOR           2011        M07                 3.0
JTU51009900JOR           2011        M08                 2.1
JTU51009900JOR           2011        M09                 2.2
JTU51009900JOR           2011        M10                 3.1
JTU51009900JOR           2011        M11                 1.8
JTU51009900JOR           2011        M12                 2.1
JTU51009900JOR           2012        M01                 3.4
JTU51009900JOR           2012        M02                 2.2
JTU51009900JOR           2012        M03                 2.9
JTU51009900JOR           2012        M04                 3.0
JTU51009900JOR           2012        M05                 2.9
JTU51009900JOR           2012        M06                 2.9
JTU51009900JOR           2012        M07                 3.2
JTU51009900JOR           2012        M08                 3.0
JTU51009900JOR           2012        M09                 3.5
JTU51009900JOR           2012        M10                 3.6
JTU51009900JOR           2012        M11                 2.6
JTU51009900JOR           2012        M12                 2.8
JTU51009900JOR           2013        M01                 3.2
JTU51009900JOR           2013        M02                 3.8
JTU51009900JOR           2013        M03                 3.4
JTU51009900JOR           2013        M04                 4.0
JTU51009900JOR           2013        M05                 3.7
JTU51009900JOR           2013        M06                 3.9
JTU51009900JOR           2013        M07                 4.0
JTU51009900JOR           2013        M08                 3.1
JTU51009900JOR           2013        M09                 3.0
JTU51009900JOR           2013        M10                 3.3
JTU51009900JOR           2013        M11                 2.4
JTU51009900JOR           2013        M12                 2.6
JTU51009900JOR           2014        M01                 3.1
JTU51009900JOR           2014        M02                 2.6
JTU51009900JOR           2014        M03                 3.0
JTU51009900JOR           2014        M04                 3.6
JTU51009900JOR           2014        M05                 3.4
JTU51009900JOR           2014        M06                 3.9
JTU51009900JOR           2014        M07                 3.7
JTU51009900JOR           2014        M08                 3.7
JTU51009900JOR           2014        M09                 3.1
JTU51009900JOR           2014        M10                 4.3
JTU51009900JOR           2014        M11                 3.0
JTU51009900JOR           2014        M12                 3.0
JTU51009900JOR           2015        M01                 3.9
JTU51009900JOR           2015        M02                 3.7
JTU51009900JOR           2015        M03                 3.2
JTU51009900JOR           2015        M04                 4.9
JTU51009900JOR           2015        M05                 3.6
JTU51009900JOR           2015        M06                 3.3
JTU51009900JOR           2015        M07                 4.5
JTU51009900JOR           2015        M08                 3.8
JTU51009900JOR           2015        M09                 3.6
JTU51009900JOR           2015        M10                 4.1
JTU51009900JOR           2015        M11                 3.8
JTU51009900JOR           2015        M12                 4.3
JTU51009900JOR           2016        M01                 4.3
JTU51009900JOR           2016        M02                 3.7
JTU51009900JOR           2016        M03                 3.6
JTU51009900JOR           2016        M04                 4.3
JTU51009900JOR           2016        M05                 3.3
JTU51009900JOR           2016        M06                 3.5
JTU51009900JOR           2016        M07                 3.8
JTU51009900JOR           2016        M08                 3.7
JTU51009900JOR           2016        M09                 4.0
JTU51009900JOR           2016        M10                 3.9
JTU51009900JOR           2016        M11                 3.6
JTU51009900JOR           2016        M12                 4.0
JTU51009900JOR           2017        M01                 4.7
JTU51009900JOR           2017        M02                 3.9
JTU51009900JOR           2017        M03                 3.6
JTU51009900JOR           2017        M04                 5.0
JTU51009900JOR           2017        M05                 3.8
JTU51009900JOR           2017        M06                 4.0
JTU51009900JOR           2017        M07                 4.2
JTU51009900JOR           2017        M08                 3.7
JTU51009900JOR           2017        M09                 4.5
JTU51009900JOR           2017        M10                 4.4
JTU51009900JOR           2017        M11                 3.7
JTU51009900JOR           2017        M12                 3.8        p
JTU52000000JOL           2000        M12                 204
JTU52000000JOL           2001        M01                 303
JTU52000000JOL           2001        M02                 233
JTU52000000JOL           2001        M03                 210
JTU52000000JOL           2001        M04                 233
JTU52000000JOL           2001        M05                 219
JTU52000000JOL           2001        M06                 254
JTU52000000JOL           2001        M07                 240
JTU52000000JOL           2001        M08                 178
JTU52000000JOL           2001        M09                 208
JTU52000000JOL           2001        M10                 201
JTU52000000JOL           2001        M11                 153
JTU52000000JOL           2001        M12                 147
JTU52000000JOL           2002        M01                 322
JTU52000000JOL           2002        M02                 130
JTU52000000JOL           2002        M03                 187
JTU52000000JOL           2002        M04                 197
JTU52000000JOL           2002        M05                 143
JTU52000000JOL           2002        M06                 167
JTU52000000JOL           2002        M07                 193
JTU52000000JOL           2002        M08                 168
JTU52000000JOL           2002        M09                 123
JTU52000000JOL           2002        M10                 203
JTU52000000JOL           2002        M11                 175
JTU52000000JOL           2002        M12                 133
JTU52000000JOL           2003        M01                 233
JTU52000000JOL           2003        M02                 128
JTU52000000JOL           2003        M03                 133
JTU52000000JOL           2003        M04                 220
JTU52000000JOL           2003        M05                 151
JTU52000000JOL           2003        M06                 134
JTU52000000JOL           2003        M07                 186
JTU52000000JOL           2003        M08                 186
JTU52000000JOL           2003        M09                 141
JTU52000000JOL           2003        M10                 184
JTU52000000JOL           2003        M11                 152
JTU52000000JOL           2003        M12                 141
JTU52000000JOL           2004        M01                 255
JTU52000000JOL           2004        M02                 194
JTU52000000JOL           2004        M03                 164
JTU52000000JOL           2004        M04                 232
JTU52000000JOL           2004        M05                 185
JTU52000000JOL           2004        M06                 160
JTU52000000JOL           2004        M07                 256
JTU52000000JOL           2004        M08                 193
JTU52000000JOL           2004        M09                 253
JTU52000000JOL           2004        M10                 245
JTU52000000JOL           2004        M11                 169
JTU52000000JOL           2004        M12                 211
JTU52000000JOL           2005        M01                 267
JTU52000000JOL           2005        M02                 206
JTU52000000JOL           2005        M03                 177
JTU52000000JOL           2005        M04                 261
JTU52000000JOL           2005        M05                 125
JTU52000000JOL           2005        M06                 220
JTU52000000JOL           2005        M07                 266
JTU52000000JOL           2005        M08                 230
JTU52000000JOL           2005        M09                 226
JTU52000000JOL           2005        M10                 304
JTU52000000JOL           2005        M11                 239
JTU52000000JOL           2005        M12                 274
JTU52000000JOL           2006        M01                 337
JTU52000000JOL           2006        M02                 308
JTU52000000JOL           2006        M03                 264
JTU52000000JOL           2006        M04                 366
JTU52000000JOL           2006        M05                 278
JTU52000000JOL           2006        M06                 236
JTU52000000JOL           2006        M07                 198
JTU52000000JOL           2006        M08                 220
JTU52000000JOL           2006        M09                 207
JTU52000000JOL           2006        M10                 251
JTU52000000JOL           2006        M11                 225
JTU52000000JOL           2006        M12                 205
JTU52000000JOL           2007        M01                 217
JTU52000000JOL           2007        M02                 203
JTU52000000JOL           2007        M03                 246
JTU52000000JOL           2007        M04                 162
JTU52000000JOL           2007        M05                 229
JTU52000000JOL           2007        M06                 203
JTU52000000JOL           2007        M07                 243
JTU52000000JOL           2007        M08                 223
JTU52000000JOL           2007        M09                 235
JTU52000000JOL           2007        M10                 203
JTU52000000JOL           2007        M11                 177
JTU52000000JOL           2007        M12                 189
JTU52000000JOL           2008        M01                 247
JTU52000000JOL           2008        M02                 175
JTU52000000JOL           2008        M03                 166
JTU52000000JOL           2008        M04                 164
JTU52000000JOL           2008        M05                 133
JTU52000000JOL           2008        M06                 154
JTU52000000JOL           2008        M07                 157
JTU52000000JOL           2008        M08                 170
JTU52000000JOL           2008        M09                 135
JTU52000000JOL           2008        M10                 128
JTU52000000JOL           2008        M11                 137
JTU52000000JOL           2008        M12                 147
JTU52000000JOL           2009        M01                 191
JTU52000000JOL           2009        M02                 145
JTU52000000JOL           2009        M03                 133
JTU52000000JOL           2009        M04                 111
JTU52000000JOL           2009        M05                 138
JTU52000000JOL           2009        M06                 119
JTU52000000JOL           2009        M07                 103
JTU52000000JOL           2009        M08                  89
JTU52000000JOL           2009        M09                 115
JTU52000000JOL           2009        M10                  98
JTU52000000JOL           2009        M11                 122
JTU52000000JOL           2009        M12                  91
JTU52000000JOL           2010        M01                 170
JTU52000000JOL           2010        M02                 105
JTU52000000JOL           2010        M03                 135
JTU52000000JOL           2010        M04                 212
JTU52000000JOL           2010        M05                 171
JTU52000000JOL           2010        M06                 169
JTU52000000JOL           2010        M07                 202
JTU52000000JOL           2010        M08                 175
JTU52000000JOL           2010        M09                 206
JTU52000000JOL           2010        M10                 213
JTU52000000JOL           2010        M11                 204
JTU52000000JOL           2010        M12                 153
JTU52000000JOL           2011        M01                 221
JTU52000000JOL           2011        M02                 152
JTU52000000JOL           2011        M03                 162
JTU52000000JOL           2011        M04                 200
JTU52000000JOL           2011        M05                 151
JTU52000000JOL           2011        M06                 187
JTU52000000JOL           2011        M07                 174
JTU52000000JOL           2011        M08                 121
JTU52000000JOL           2011        M09                 139
JTU52000000JOL           2011        M10                 180
JTU52000000JOL           2011        M11                 110
JTU52000000JOL           2011        M12                 144
JTU52000000JOL           2012        M01                 182
JTU52000000JOL           2012        M02                 130
JTU52000000JOL           2012        M03                 186
JTU52000000JOL           2012        M04                 204
JTU52000000JOL           2012        M05                 160
JTU52000000JOL           2012        M06                 183
JTU52000000JOL           2012        M07                 187
JTU52000000JOL           2012        M08                 186
JTU52000000JOL           2012        M09                 217
JTU52000000JOL           2012        M10                 221
JTU52000000JOL           2012        M11                 165
JTU52000000JOL           2012        M12                 163
JTU52000000JOL           2013        M01                 178
JTU52000000JOL           2013        M02                 252
JTU52000000JOL           2013        M03                 232
JTU52000000JOL           2013        M04                 261
JTU52000000JOL           2013        M05                 222
JTU52000000JOL           2013        M06                 257
JTU52000000JOL           2013        M07                 280
JTU52000000JOL           2013        M08                 194
JTU52000000JOL           2013        M09                 209
JTU52000000JOL           2013        M10                 232
JTU52000000JOL           2013        M11                 156
JTU52000000JOL           2013        M12                 168
JTU52000000JOL           2014        M01                 205
JTU52000000JOL           2014        M02                 162
JTU52000000JOL           2014        M03                 203
JTU52000000JOL           2014        M04                 249
JTU52000000JOL           2014        M05                 218
JTU52000000JOL           2014        M06                 260
JTU52000000JOL           2014        M07                 238
JTU52000000JOL           2014        M08                 251
JTU52000000JOL           2014        M09                 207
JTU52000000JOL           2014        M10                 293
JTU52000000JOL           2014        M11                 203
JTU52000000JOL           2014        M12                 201
JTU52000000JOL           2015        M01                 267
JTU52000000JOL           2015        M02                 219
JTU52000000JOL           2015        M03                 193
JTU52000000JOL           2015        M04                 316
JTU52000000JOL           2015        M05                 239
JTU52000000JOL           2015        M06                 208
JTU52000000JOL           2015        M07                 264
JTU52000000JOL           2015        M08                 240
JTU52000000JOL           2015        M09                 263
JTU52000000JOL           2015        M10                 279
JTU52000000JOL           2015        M11                 275
JTU52000000JOL           2015        M12                 286
JTU52000000JOL           2016        M01                 301
JTU52000000JOL           2016        M02                 221
JTU52000000JOL           2016        M03                 236
JTU52000000JOL           2016        M04                 273
JTU52000000JOL           2016        M05                 228
JTU52000000JOL           2016        M06                 219
JTU52000000JOL           2016        M07                 242
JTU52000000JOL           2016        M08                 240
JTU52000000JOL           2016        M09                 265
JTU52000000JOL           2016        M10                 266
JTU52000000JOL           2016        M11                 246
JTU52000000JOL           2016        M12                 264
JTU52000000JOL           2017        M01                 268
JTU52000000JOL           2017        M02                 259
JTU52000000JOL           2017        M03                 241
JTU52000000JOL           2017        M04                 334
JTU52000000JOL           2017        M05                 249
JTU52000000JOL           2017        M06                 283
JTU52000000JOL           2017        M07                 289
JTU52000000JOL           2017        M08                 253
JTU52000000JOL           2017        M09                 321
JTU52000000JOL           2017        M10                 274
JTU52000000JOL           2017        M11                 251
JTU52000000JOL           2017        M12                 255        p
JTU52000000JOR           2000        M12                 3.4
JTU52000000JOR           2001        M01                 5.0
JTU52000000JOR           2001        M02                 3.9
JTU52000000JOR           2001        M03                 3.5
JTU52000000JOR           2001        M04                 3.8
JTU52000000JOR           2001        M05                 3.6
JTU52000000JOR           2001        M06                 4.1
JTU52000000JOR           2001        M07                 3.9
JTU52000000JOR           2001        M08                 2.9
JTU52000000JOR           2001        M09                 3.4
JTU52000000JOR           2001        M10                 3.3
JTU52000000JOR           2001        M11                 2.5
JTU52000000JOR           2001        M12                 2.4
JTU52000000JOR           2002        M01                 5.2
JTU52000000JOR           2002        M02                 2.2
JTU52000000JOR           2002        M03                 3.1
JTU52000000JOR           2002        M04                 3.2
JTU52000000JOR           2002        M05                 2.4
JTU52000000JOR           2002        M06                 2.7
JTU52000000JOR           2002        M07                 3.2
JTU52000000JOR           2002        M08                 2.7
JTU52000000JOR           2002        M09                 2.0
JTU52000000JOR           2002        M10                 3.3
JTU52000000JOR           2002        M11                 2.8
JTU52000000JOR           2002        M12                 2.2
JTU52000000JOR           2003        M01                 3.7
JTU52000000JOR           2003        M02                 2.1
JTU52000000JOR           2003        M03                 2.2
JTU52000000JOR           2003        M04                 3.5
JTU52000000JOR           2003        M05                 2.4
JTU52000000JOR           2003        M06                 2.2
JTU52000000JOR           2003        M07                 3.0
JTU52000000JOR           2003        M08                 3.0
JTU52000000JOR           2003        M09                 2.3
JTU52000000JOR           2003        M10                 3.0
JTU52000000JOR           2003        M11                 2.5
JTU52000000JOR           2003        M12                 2.3
JTU52000000JOR           2004        M01                 4.1
JTU52000000JOR           2004        M02                 3.1
JTU52000000JOR           2004        M03                 2.7
JTU52000000JOR           2004        M04                 3.7
JTU52000000JOR           2004        M05                 3.0
JTU52000000JOR           2004        M06                 2.6
JTU52000000JOR           2004        M07                 4.1
JTU52000000JOR           2004        M08                 3.1
JTU52000000JOR           2004        M09                 4.0
JTU52000000JOR           2004        M10                 3.9
JTU52000000JOR           2004        M11                 2.7
JTU52000000JOR           2004        M12                 3.4
JTU52000000JOR           2005        M01                 4.3
JTU52000000JOR           2005        M02                 3.3
JTU52000000JOR           2005        M03                 2.9
JTU52000000JOR           2005        M04                 4.2
JTU52000000JOR           2005        M05                 2.0
JTU52000000JOR           2005        M06                 3.5
JTU52000000JOR           2005        M07                 4.2
JTU52000000JOR           2005        M08                 3.7
JTU52000000JOR           2005        M09                 3.6
JTU52000000JOR           2005        M10                 4.7
JTU52000000JOR           2005        M11                 3.8
JTU52000000JOR           2005        M12                 4.3
JTU52000000JOR           2006        M01                 5.2
JTU52000000JOR           2006        M02                 4.8
JTU52000000JOR           2006        M03                 4.1
JTU52000000JOR           2006        M04                 5.6
JTU52000000JOR           2006        M05                 4.3
JTU52000000JOR           2006        M06                 3.7
JTU52000000JOR           2006        M07                 3.1
JTU52000000JOR           2006        M08                 3.4
JTU52000000JOR           2006        M09                 3.2
JTU52000000JOR           2006        M10                 3.9
JTU52000000JOR           2006        M11                 3.5
JTU52000000JOR           2006        M12                 3.2
JTU52000000JOR           2007        M01                 3.4
JTU52000000JOR           2007        M02                 3.2
JTU52000000JOR           2007        M03                 3.8
JTU52000000JOR           2007        M04                 2.6
JTU52000000JOR           2007        M05                 3.6
JTU52000000JOR           2007        M06                 3.2
JTU52000000JOR           2007        M07                 3.8
JTU52000000JOR           2007        M08                 3.5
JTU52000000JOR           2007        M09                 3.7
JTU52000000JOR           2007        M10                 3.2
JTU52000000JOR           2007        M11                 2.8
JTU52000000JOR           2007        M12                 3.0
JTU52000000JOR           2008        M01                 3.9
JTU52000000JOR           2008        M02                 2.8
JTU52000000JOR           2008        M03                 2.6
JTU52000000JOR           2008        M04                 2.6
JTU52000000JOR           2008        M05                 2.1
JTU52000000JOR           2008        M06                 2.5
JTU52000000JOR           2008        M07                 2.5
JTU52000000JOR           2008        M08                 2.7
JTU52000000JOR           2008        M09                 2.2
JTU52000000JOR           2008        M10                 2.1
JTU52000000JOR           2008        M11                 2.2
JTU52000000JOR           2008        M12                 2.4
JTU52000000JOR           2009        M01                 3.1
JTU52000000JOR           2009        M02                 2.4
JTU52000000JOR           2009        M03                 2.2
JTU52000000JOR           2009        M04                 1.9
JTU52000000JOR           2009        M05                 2.3
JTU52000000JOR           2009        M06                 2.0
JTU52000000JOR           2009        M07                 1.7
JTU52000000JOR           2009        M08                 1.5
JTU52000000JOR           2009        M09                 1.9
JTU52000000JOR           2009        M10                 1.7
JTU52000000JOR           2009        M11                 2.1
JTU52000000JOR           2009        M12                 1.6
JTU52000000JOR           2010        M01                 2.9
JTU52000000JOR           2010        M02                 1.8
JTU52000000JOR           2010        M03                 2.3
JTU52000000JOR           2010        M04                 3.6
JTU52000000JOR           2010        M05                 2.9
JTU52000000JOR           2010        M06                 2.9
JTU52000000JOR           2010        M07                 3.4
JTU52000000JOR           2010        M08                 2.9
JTU52000000JOR           2010        M09                 3.5
JTU52000000JOR           2010        M10                 3.6
JTU52000000JOR           2010        M11                 3.4
JTU52000000JOR           2010        M12                 2.6
JTU52000000JOR           2011        M01                 3.7
JTU52000000JOR           2011        M02                 2.6
JTU52000000JOR           2011        M03                 2.7
JTU52000000JOR           2011        M04                 3.4
JTU52000000JOR           2011        M05                 2.6
JTU52000000JOR           2011        M06                 3.1
JTU52000000JOR           2011        M07                 2.9
JTU52000000JOR           2011        M08                 2.0
JTU52000000JOR           2011        M09                 2.4
JTU52000000JOR           2011        M10                 3.0
JTU52000000JOR           2011        M11                 1.9
JTU52000000JOR           2011        M12                 2.4
JTU52000000JOR           2012        M01                 3.0
JTU52000000JOR           2012        M02                 2.2
JTU52000000JOR           2012        M03                 3.1
JTU52000000JOR           2012        M04                 3.4
JTU52000000JOR           2012        M05                 2.7
JTU52000000JOR           2012        M06                 3.0
JTU52000000JOR           2012        M07                 3.1
JTU52000000JOR           2012        M08                 3.1
JTU52000000JOR           2012        M09                 3.6
JTU52000000JOR           2012        M10                 3.6
JTU52000000JOR           2012        M11                 2.7
JTU52000000JOR           2012        M12                 2.7
JTU52000000JOR           2013        M01                 2.9
JTU52000000JOR           2013        M02                 4.1
JTU52000000JOR           2013        M03                 3.8
JTU52000000JOR           2013        M04                 4.3
JTU52000000JOR           2013        M05                 3.7
JTU52000000JOR           2013        M06                 4.2
JTU52000000JOR           2013        M07                 4.5
JTU52000000JOR           2013        M08                 3.2
JTU52000000JOR           2013        M09                 3.4
JTU52000000JOR           2013        M10                 3.8
JTU52000000JOR           2013        M11                 2.6
JTU52000000JOR           2013        M12                 2.8
JTU52000000JOR           2014        M01                 3.4
JTU52000000JOR           2014        M02                 2.7
JTU52000000JOR           2014        M03                 3.3
JTU52000000JOR           2014        M04                 4.1
JTU52000000JOR           2014        M05                 3.6
JTU52000000JOR           2014        M06                 4.2
JTU52000000JOR           2014        M07                 3.8
JTU52000000JOR           2014        M08                 4.0
JTU52000000JOR           2014        M09                 3.4
JTU52000000JOR           2014        M10                 4.7
JTU52000000JOR           2014        M11                 3.3
JTU52000000JOR           2014        M12                 3.2
JTU52000000JOR           2015        M01                 4.3
JTU52000000JOR           2015        M02                 3.5
JTU52000000JOR           2015        M03                 3.1
JTU52000000JOR           2015        M04                 5.0
JTU52000000JOR           2015        M05                 3.8
JTU52000000JOR           2015        M06                 3.3
JTU52000000JOR           2015        M07                 4.2
JTU52000000JOR           2015        M08                 3.8
JTU52000000JOR           2015        M09                 4.2
JTU52000000JOR           2015        M10                 4.4
JTU52000000JOR           2015        M11                 4.3
JTU52000000JOR           2015        M12                 4.5
JTU52000000JOR           2016        M01                 4.7
JTU52000000JOR           2016        M02                 3.5
JTU52000000JOR           2016        M03                 3.7
JTU52000000JOR           2016        M04                 4.3
JTU52000000JOR           2016        M05                 3.6
JTU52000000JOR           2016        M06                 3.4
JTU52000000JOR           2016        M07                 3.8
JTU52000000JOR           2016        M08                 3.7
JTU52000000JOR           2016        M09                 4.1
JTU52000000JOR           2016        M10                 4.1
JTU52000000JOR           2016        M11                 3.8
JTU52000000JOR           2016        M12                 4.1
JTU52000000JOR           2017        M01                 4.1
JTU52000000JOR           2017        M02                 4.0
JTU52000000JOR           2017        M03                 3.7
JTU52000000JOR           2017        M04                 5.1
JTU52000000JOR           2017        M05                 3.8
JTU52000000JOR           2017        M06                 4.3
JTU52000000JOR           2017        M07                 4.4
JTU52000000JOR           2017        M08                 3.9
JTU52000000JOR           2017        M09                 4.9
JTU52000000JOR           2017        M10                 4.2
JTU52000000JOR           2017        M11                 3.9
JTU52000000JOR           2017        M12                 3.9        p
JTU53000000JOL           2000        M12                  62
JTU53000000JOL           2001        M01                  32
JTU53000000JOL           2001        M02                  31
JTU53000000JOL           2001        M03                  81
JTU53000000JOL           2001        M04                  61
JTU53000000JOL           2001        M05                  63
JTU53000000JOL           2001        M06                  39
JTU53000000JOL           2001        M07                  66
JTU53000000JOL           2001        M08                  79
JTU53000000JOL           2001        M09                  56
JTU53000000JOL           2001        M10                  54
JTU53000000JOL           2001        M11                  41
JTU53000000JOL           2001        M12                  34
JTU53000000JOL           2002        M01                  66
JTU53000000JOL           2002        M02                  26
JTU53000000JOL           2002        M03                  28
JTU53000000JOL           2002        M04                  58
JTU53000000JOL           2002        M05                  45
JTU53000000JOL           2002        M06                  56
JTU53000000JOL           2002        M07                  45
JTU53000000JOL           2002        M08                  39
JTU53000000JOL           2002        M09                  28
JTU53000000JOL           2002        M10                  57
JTU53000000JOL           2002        M11                  27
JTU53000000JOL           2002        M12                  36
JTU53000000JOL           2003        M01                  51
JTU53000000JOL           2003        M02                  50
JTU53000000JOL           2003        M03                  55
JTU53000000JOL           2003        M04                  76
JTU53000000JOL           2003        M05                  36
JTU53000000JOL           2003        M06                  45
JTU53000000JOL           2003        M07                  84
JTU53000000JOL           2003        M08                  50
JTU53000000JOL           2003        M09                  41
JTU53000000JOL           2003        M10                  42
JTU53000000JOL           2003        M11                  42
JTU53000000JOL           2003        M12                  35
JTU53000000JOL           2004        M01                  50
JTU53000000JOL           2004        M02                  41
JTU53000000JOL           2004        M03                  33
JTU53000000JOL           2004        M04                  46
JTU53000000JOL           2004        M05                  36
JTU53000000JOL           2004        M06                  29
JTU53000000JOL           2004        M07                  44
JTU53000000JOL           2004        M08                  53
JTU53000000JOL           2004        M09                  55
JTU53000000JOL           2004        M10                  47
JTU53000000JOL           2004        M11                  39
JTU53000000JOL           2004        M12                  46
JTU53000000JOL           2005        M01                  49
JTU53000000JOL           2005        M02                  60
JTU53000000JOL           2005        M03                  26
JTU53000000JOL           2005        M04                  87
JTU53000000JOL           2005        M05                  60
JTU53000000JOL           2005        M06                  52
JTU53000000JOL           2005        M07                  63
JTU53000000JOL           2005        M08                  46
JTU53000000JOL           2005        M09                  78
JTU53000000JOL           2005        M10                  52
JTU53000000JOL           2005        M11                  50
JTU53000000JOL           2005        M12                  79
JTU53000000JOL           2006        M01                 134
JTU53000000JOL           2006        M02                  44
JTU53000000JOL           2006        M03                  70
JTU53000000JOL           2006        M04                  70
JTU53000000JOL           2006        M05                  55
JTU53000000JOL           2006        M06                  82
JTU53000000JOL           2006        M07                  68
JTU53000000JOL           2006        M08                  63
JTU53000000JOL           2006        M09                  50
JTU53000000JOL           2006        M10                  62
JTU53000000JOL           2006        M11                  51
JTU53000000JOL           2006        M12                  73
JTU53000000JOL           2007        M01                  44
JTU53000000JOL           2007        M02                  51
JTU53000000JOL           2007        M03                  66
JTU53000000JOL           2007        M04                 104
JTU53000000JOL           2007        M05                  50
JTU53000000JOL           2007        M06                  61
JTU53000000JOL           2007        M07                  70
JTU53000000JOL           2007        M08                  68
JTU53000000JOL           2007        M09                  41
JTU53000000JOL           2007        M10                  82
JTU53000000JOL           2007        M11                  46
JTU53000000JOL           2007        M12                  73
JTU53000000JOL           2008        M01                 129
JTU53000000JOL           2008        M02                  44
JTU53000000JOL           2008        M03                  79
JTU53000000JOL           2008        M04                  84
JTU53000000JOL           2008        M05                  69
JTU53000000JOL           2008        M06                  38
JTU53000000JOL           2008        M07                  68
JTU53000000JOL           2008        M08                  30
JTU53000000JOL           2008        M09                  58
JTU53000000JOL           2008        M10                  41
JTU53000000JOL           2008        M11                  53
JTU53000000JOL           2008        M12                  38
JTU53000000JOL           2009        M01                  36
JTU53000000JOL           2009        M02                  43
JTU53000000JOL           2009        M03                  47
JTU53000000JOL           2009        M04                  35
JTU53000000JOL           2009        M05                  32
JTU53000000JOL           2009        M06                  31
JTU53000000JOL           2009        M07                  34
JTU53000000JOL           2009        M08                  29
JTU53000000JOL           2009        M09                  57
JTU53000000JOL           2009        M10                  63
JTU53000000JOL           2009        M11                  32
JTU53000000JOL           2009        M12                  28
JTU53000000JOL           2010        M01                  34
JTU53000000JOL           2010        M02                  30
JTU53000000JOL           2010        M03                  17
JTU53000000JOL           2010        M04                  39
JTU53000000JOL           2010        M05                  35
JTU53000000JOL           2010        M06                  38
JTU53000000JOL           2010        M07                  28
JTU53000000JOL           2010        M08                  43
JTU53000000JOL           2010        M09                  25
JTU53000000JOL           2010        M10                  41
JTU53000000JOL           2010        M11                  33
JTU53000000JOL           2010        M12                  23
JTU53000000JOL           2011        M01                  35
JTU53000000JOL           2011        M02                  32
JTU53000000JOL           2011        M03                  31
JTU53000000JOL           2011        M04                  73
JTU53000000JOL           2011        M05                  39
JTU53000000JOL           2011        M06                  38
JTU53000000JOL           2011        M07                  63
JTU53000000JOL           2011        M08                  45
JTU53000000JOL           2011        M09                  34
JTU53000000JOL           2011        M10                  67
JTU53000000JOL           2011        M11                  36
JTU53000000JOL           2011        M12                  20
JTU53000000JOL           2012        M01                  87
JTU53000000JOL           2012        M02                  44
JTU53000000JOL           2012        M03                  47
JTU53000000JOL           2012        M04                  38
JTU53000000JOL           2012        M05                  71
JTU53000000JOL           2012        M06                  52
JTU53000000JOL           2012        M07                  71
JTU53000000JOL           2012        M08                  56
JTU53000000JOL           2012        M09                  67
JTU53000000JOL           2012        M10                  68
JTU53000000JOL           2012        M11                  47
JTU53000000JOL           2012        M12                  65
JTU53000000JOL           2013        M01                  81
JTU53000000JOL           2013        M02                  59
JTU53000000JOL           2013        M03                  45
JTU53000000JOL           2013        M04                  62
JTU53000000JOL           2013        M05                  81
JTU53000000JOL           2013        M06                  68
JTU53000000JOL           2013        M07                  51
JTU53000000JOL           2013        M08                  63
JTU53000000JOL           2013        M09                  36
JTU53000000JOL           2013        M10                  40
JTU53000000JOL           2013        M11                  37
JTU53000000JOL           2013        M12                  48
JTU53000000JOL           2014        M01                  47
JTU53000000JOL           2014        M02                  48
JTU53000000JOL           2014        M03                  37
JTU53000000JOL           2014        M04                  50
JTU53000000JOL           2014        M05                  62
JTU53000000JOL           2014        M06                  68
JTU53000000JOL           2014        M07                  68
JTU53000000JOL           2014        M08                  63
JTU53000000JOL           2014        M09                  52
JTU53000000JOL           2014        M10                  67
JTU53000000JOL           2014        M11                  43
JTU53000000JOL           2014        M12                  46
JTU53000000JOL           2015        M01                  61
JTU53000000JOL           2015        M02                  91
JTU53000000JOL           2015        M03                  69
JTU53000000JOL           2015        M04                 102
JTU53000000JOL           2015        M05                  64
JTU53000000JOL           2015        M06                  68
JTU53000000JOL           2015        M07                 125
JTU53000000JOL           2015        M08                  86
JTU53000000JOL           2015        M09                  41
JTU53000000JOL           2015        M10                  69
JTU53000000JOL           2015        M11                  48
JTU53000000JOL           2015        M12                  78
JTU53000000JOL           2016        M01                  65
JTU53000000JOL           2016        M02                  90
JTU53000000JOL           2016        M03                  67
JTU53000000JOL           2016        M04                  96
JTU53000000JOL           2016        M05                  56
JTU53000000JOL           2016        M06                  83
JTU53000000JOL           2016        M07                  88
JTU53000000JOL           2016        M08                  82
JTU53000000JOL           2016        M09                  79
JTU53000000JOL           2016        M10                  75
JTU53000000JOL           2016        M11                  61
JTU53000000JOL           2016        M12                  85
JTU53000000JOL           2017        M01                 140
JTU53000000JOL           2017        M02                  75
JTU53000000JOL           2017        M03                  68
JTU53000000JOL           2017        M04                 105
JTU53000000JOL           2017        M05                  83
JTU53000000JOL           2017        M06                  68
JTU53000000JOL           2017        M07                  83
JTU53000000JOL           2017        M08                  74
JTU53000000JOL           2017        M09                  77
JTU53000000JOL           2017        M10                 116
JTU53000000JOL           2017        M11                  75
JTU53000000JOL           2017        M12                  81        p
JTU53000000JOR           2000        M12                 3.0
JTU53000000JOR           2001        M01                 1.6
JTU53000000JOR           2001        M02                 1.5
JTU53000000JOR           2001        M03                 3.9
JTU53000000JOR           2001        M04                 2.9
JTU53000000JOR           2001        M05                 3.0
JTU53000000JOR           2001        M06                 1.9
JTU53000000JOR           2001        M07                 3.1
JTU53000000JOR           2001        M08                 3.7
JTU53000000JOR           2001        M09                 2.7
JTU53000000JOR           2001        M10                 2.6
JTU53000000JOR           2001        M11                 2.0
JTU53000000JOR           2001        M12                 1.6
JTU53000000JOR           2002        M01                 3.2
JTU53000000JOR           2002        M02                 1.3
JTU53000000JOR           2002        M03                 1.4
JTU53000000JOR           2002        M04                 2.8
JTU53000000JOR           2002        M05                 2.2
JTU53000000JOR           2002        M06                 2.6
JTU53000000JOR           2002        M07                 2.1
JTU53000000JOR           2002        M08                 1.8
JTU53000000JOR           2002        M09                 1.3
JTU53000000JOR           2002        M10                 2.7
JTU53000000JOR           2002        M11                 1.3
JTU53000000JOR           2002        M12                 1.7
JTU53000000JOR           2003        M01                 2.5
JTU53000000JOR           2003        M02                 2.4
JTU53000000JOR           2003        M03                 2.7
JTU53000000JOR           2003        M04                 3.6
JTU53000000JOR           2003        M05                 1.7
JTU53000000JOR           2003        M06                 2.1
JTU53000000JOR           2003        M07                 3.9
JTU53000000JOR           2003        M08                 2.3
JTU53000000JOR           2003        M09                 1.9
JTU53000000JOR           2003        M10                 2.0
JTU53000000JOR           2003        M11                 2.0
JTU53000000JOR           2003        M12                 1.7
JTU53000000JOR           2004        M01                 2.4
JTU53000000JOR           2004        M02                 2.0
JTU53000000JOR           2004        M03                 1.6
JTU53000000JOR           2004        M04                 2.2
JTU53000000JOR           2004        M05                 1.7
JTU53000000JOR           2004        M06                 1.3
JTU53000000JOR           2004        M07                 2.0
JTU53000000JOR           2004        M08                 2.4
JTU53000000JOR           2004        M09                 2.5
JTU53000000JOR           2004        M10                 2.2
JTU53000000JOR           2004        M11                 1.8
JTU53000000JOR           2004        M12                 2.1
JTU53000000JOR           2005        M01                 2.3
JTU53000000JOR           2005        M02                 2.8
JTU53000000JOR           2005        M03                 1.3
JTU53000000JOR           2005        M04                 4.0
JTU53000000JOR           2005        M05                 2.8
JTU53000000JOR           2005        M06                 2.3
JTU53000000JOR           2005        M07                 2.8
JTU53000000JOR           2005        M08                 2.1
JTU53000000JOR           2005        M09                 3.5
JTU53000000JOR           2005        M10                 2.4
JTU53000000JOR           2005        M11                 2.3
JTU53000000JOR           2005        M12                 3.5
JTU53000000JOR           2006        M01                 5.9
JTU53000000JOR           2006        M02                 2.0
JTU53000000JOR           2006        M03                 3.2
JTU53000000JOR           2006        M04                 3.1
JTU53000000JOR           2006        M05                 2.5
JTU53000000JOR           2006        M06                 3.6
JTU53000000JOR           2006        M07                 3.0
JTU53000000JOR           2006        M08                 2.8
JTU53000000JOR           2006        M09                 2.2
JTU53000000JOR           2006        M10                 2.8
JTU53000000JOR           2006        M11                 2.3
JTU53000000JOR           2006        M12                 3.3
JTU53000000JOR           2007        M01                 2.0
JTU53000000JOR           2007        M02                 2.3
JTU53000000JOR           2007        M03                 3.0
JTU53000000JOR           2007        M04                 4.6
JTU53000000JOR           2007        M05                 2.3
JTU53000000JOR           2007        M06                 2.7
JTU53000000JOR           2007        M07                 3.1
JTU53000000JOR           2007        M08                 3.0
JTU53000000JOR           2007        M09                 1.9
JTU53000000JOR           2007        M10                 3.6
JTU53000000JOR           2007        M11                 2.1
JTU53000000JOR           2007        M12                 3.3
JTU53000000JOR           2008        M01                 5.8
JTU53000000JOR           2008        M02                 2.1
JTU53000000JOR           2008        M03                 3.6
JTU53000000JOR           2008        M04                 3.8
JTU53000000JOR           2008        M05                 3.1
JTU53000000JOR           2008        M06                 1.7
JTU53000000JOR           2008        M07                 3.0
JTU53000000JOR           2008        M08                 1.4
JTU53000000JOR           2008        M09                 2.6
JTU53000000JOR           2008        M10                 1.9
JTU53000000JOR           2008        M11                 2.5
JTU53000000JOR           2008        M12                 1.8
JTU53000000JOR           2009        M01                 1.7
JTU53000000JOR           2009        M02                 2.1
JTU53000000JOR           2009        M03                 2.3
JTU53000000JOR           2009        M04                 1.8
JTU53000000JOR           2009        M05                 1.6
JTU53000000JOR           2009        M06                 1.5
JTU53000000JOR           2009        M07                 1.6
JTU53000000JOR           2009        M08                 1.4
JTU53000000JOR           2009        M09                 2.8
JTU53000000JOR           2009        M10                 3.1
JTU53000000JOR           2009        M11                 1.6
JTU53000000JOR           2009        M12                 1.4
JTU53000000JOR           2010        M01                 1.7
JTU53000000JOR           2010        M02                 1.5
JTU53000000JOR           2010        M03                 0.9
JTU53000000JOR           2010        M04                 2.0
JTU53000000JOR           2010        M05                 1.8
JTU53000000JOR           2010        M06                 1.9
JTU53000000JOR           2010        M07                 1.4
JTU53000000JOR           2010        M08                 2.2
JTU53000000JOR           2010        M09                 1.3
JTU53000000JOR           2010        M10                 2.1
JTU53000000JOR           2010        M11                 1.7
JTU53000000JOR           2010        M12                 1.2
JTU53000000JOR           2011        M01                 1.8
JTU53000000JOR           2011        M02                 1.6
JTU53000000JOR           2011        M03                 1.6
JTU53000000JOR           2011        M04                 3.7
JTU53000000JOR           2011        M05                 2.0
JTU53000000JOR           2011        M06                 1.9
JTU53000000JOR           2011        M07                 3.1
JTU53000000JOR           2011        M08                 2.2
JTU53000000JOR           2011        M09                 1.7
JTU53000000JOR           2011        M10                 3.3
JTU53000000JOR           2011        M11                 1.8
JTU53000000JOR           2011        M12                 1.0
JTU53000000JOR           2012        M01                 4.4
JTU53000000JOR           2012        M02                 2.3
JTU53000000JOR           2012        M03                 2.4
JTU53000000JOR           2012        M04                 1.9
JTU53000000JOR           2012        M05                 3.5
JTU53000000JOR           2012        M06                 2.5
JTU53000000JOR           2012        M07                 3.4
JTU53000000JOR           2012        M08                 2.7
JTU53000000JOR           2012        M09                 3.3
JTU53000000JOR           2012        M10                 3.4
JTU53000000JOR           2012        M11                 2.4
JTU53000000JOR           2012        M12                 3.2
JTU53000000JOR           2013        M01                 4.0
JTU53000000JOR           2013        M02                 2.9
JTU53000000JOR           2013        M03                 2.3
JTU53000000JOR           2013        M04                 3.0
JTU53000000JOR           2013        M05                 3.9
JTU53000000JOR           2013        M06                 3.2
JTU53000000JOR           2013        M07                 2.4
JTU53000000JOR           2013        M08                 3.0
JTU53000000JOR           2013        M09                 1.7
JTU53000000JOR           2013        M10                 2.0
JTU53000000JOR           2013        M11                 1.8
JTU53000000JOR           2013        M12                 2.3
JTU53000000JOR           2014        M01                 2.3
JTU53000000JOR           2014        M02                 2.4
JTU53000000JOR           2014        M03                 1.8
JTU53000000JOR           2014        M04                 2.4
JTU53000000JOR           2014        M05                 2.9
JTU53000000JOR           2014        M06                 3.1
JTU53000000JOR           2014        M07                 3.1
JTU53000000JOR           2014        M08                 2.9
JTU53000000JOR           2014        M09                 2.4
JTU53000000JOR           2014        M10                 3.1
JTU53000000JOR           2014        M11                 2.0
JTU53000000JOR           2014        M12                 2.2
JTU53000000JOR           2015        M01                 2.9
JTU53000000JOR           2015        M02                 4.3
JTU53000000JOR           2015        M03                 3.3
JTU53000000JOR           2015        M04                 4.7
JTU53000000JOR           2015        M05                 3.0
JTU53000000JOR           2015        M06                 3.1
JTU53000000JOR           2015        M07                 5.5
JTU53000000JOR           2015        M08                 3.9
JTU53000000JOR           2015        M09                 1.9
JTU53000000JOR           2015        M10                 3.2
JTU53000000JOR           2015        M11                 2.2
JTU53000000JOR           2015        M12                 3.6
JTU53000000JOR           2016        M01                 3.0
JTU53000000JOR           2016        M02                 4.2
JTU53000000JOR           2016        M03                 3.1
JTU53000000JOR           2016        M04                 4.3
JTU53000000JOR           2016        M05                 2.5
JTU53000000JOR           2016        M06                 3.7
JTU53000000JOR           2016        M07                 3.8
JTU53000000JOR           2016        M08                 3.6
JTU53000000JOR           2016        M09                 3.5
JTU53000000JOR           2016        M10                 3.4
JTU53000000JOR           2016        M11                 2.7
JTU53000000JOR           2016        M12                 3.8
JTU53000000JOR           2017        M01                 6.1
JTU53000000JOR           2017        M02                 3.4
JTU53000000JOR           2017        M03                 3.1
JTU53000000JOR           2017        M04                 4.6
JTU53000000JOR           2017        M05                 3.7
JTU53000000JOR           2017        M06                 2.9
JTU53000000JOR           2017        M07                 3.6
JTU53000000JOR           2017        M08                 3.2
JTU53000000JOR           2017        M09                 3.3
JTU53000000JOR           2017        M10                 5.0
JTU53000000JOR           2017        M11                 3.3
JTU53000000JOR           2017        M12                 3.5        p
JTU54009900JOL           2000        M12                 828
JTU54009900JOL           2001        M01                 825
JTU54009900JOL           2001        M02                 753
JTU54009900JOL           2001        M03                 757
JTU54009900JOL           2001        M04                 964
JTU54009900JOL           2001        M05                 738
JTU54009900JOL           2001        M06                 667
JTU54009900JOL           2001        M07                 725
JTU54009900JOL           2001        M08                 547
JTU54009900JOL           2001        M09                 642
JTU54009900JOL           2001        M10                 610
JTU54009900JOL           2001        M11                 490
JTU54009900JOL           2001        M12                 512
JTU54009900JOL           2002        M01                 649
JTU54009900JOL           2002        M02                 469
JTU54009900JOL           2002        M03                 522
JTU54009900JOL           2002        M04                 592
JTU54009900JOL           2002        M05                 647
JTU54009900JOL           2002        M06                 471
JTU54009900JOL           2002        M07                 601
JTU54009900JOL           2002        M08                 574
JTU54009900JOL           2002        M09                 577
JTU54009900JOL           2002        M10                 745
JTU54009900JOL           2002        M11                 595
JTU54009900JOL           2002        M12                 545
JTU54009900JOL           2003        M01                1033
JTU54009900JOL           2003        M02                 749
JTU54009900JOL           2003        M03                 617
JTU54009900JOL           2003        M04                 633
JTU54009900JOL           2003        M05                 617
JTU54009900JOL           2003        M06                 659
JTU54009900JOL           2003        M07                 762
JTU54009900JOL           2003        M08                 740
JTU54009900JOL           2003        M09                 642
JTU54009900JOL           2003        M10                 630
JTU54009900JOL           2003        M11                 620
JTU54009900JOL           2003        M12                 623
JTU54009900JOL           2004        M01                 675
JTU54009900JOL           2004        M02                 673
JTU54009900JOL           2004        M03                 529
JTU54009900JOL           2004        M04                 753
JTU54009900JOL           2004        M05                 670
JTU54009900JOL           2004        M06                 647
JTU54009900JOL           2004        M07                 822
JTU54009900JOL           2004        M08                 674
JTU54009900JOL           2004        M09                 700
JTU54009900JOL           2004        M10                 757
JTU54009900JOL           2004        M11                 547
JTU54009900JOL           2004        M12                 707
JTU54009900JOL           2005        M01                 723
JTU54009900JOL           2005        M02                 706
JTU54009900JOL           2005        M03                 719
JTU54009900JOL           2005        M04                 873
JTU54009900JOL           2005        M05                 770
JTU54009900JOL           2005        M06                 798
JTU54009900JOL           2005        M07                 877
JTU54009900JOL           2005        M08                 796
JTU54009900JOL           2005        M09                 813
JTU54009900JOL           2005        M10                 947
JTU54009900JOL           2005        M11                 817
JTU54009900JOL           2005        M12                 795
JTU54009900JOL           2006        M01                 964
JTU54009900JOL           2006        M02                 733
JTU54009900JOL           2006        M03                 715
JTU54009900JOL           2006        M04                 765
JTU54009900JOL           2006        M05                 743
JTU54009900JOL           2006        M06                 676
JTU54009900JOL           2006        M07                 644
JTU54009900JOL           2006        M08                 725
JTU54009900JOL           2006        M09                 673
JTU54009900JOL           2006        M10                 763
JTU54009900JOL           2006        M11                 704
JTU54009900JOL           2006        M12                 662
JTU54009900JOL           2007        M01                 874
JTU54009900JOL           2007        M02                 691
JTU54009900JOL           2007        M03                 765
JTU54009900JOL           2007        M04                 926
JTU54009900JOL           2007        M05                 738
JTU54009900JOL           2007        M06                 745
JTU54009900JOL           2007        M07                 724
JTU54009900JOL           2007        M08                 732
JTU54009900JOL           2007        M09                 737
JTU54009900JOL           2007        M10                 822
JTU54009900JOL           2007        M11                 696
JTU54009900JOL           2007        M12                 746
JTU54009900JOL           2008        M01                 834
JTU54009900JOL           2008        M02                 731
JTU54009900JOL           2008        M03                 728
JTU54009900JOL           2008        M04                 818
JTU54009900JOL           2008        M05                 613
JTU54009900JOL           2008        M06                 715
JTU54009900JOL           2008        M07                 683
JTU54009900JOL           2008        M08                 632
JTU54009900JOL           2008        M09                 607
JTU54009900JOL           2008        M10                 634
JTU54009900JOL           2008        M11                 486
JTU54009900JOL           2008        M12                 526
JTU54009900JOL           2009        M01                 638
JTU54009900JOL           2009        M02                 515
JTU54009900JOL           2009        M03                 395
JTU54009900JOL           2009        M04                 470
JTU54009900JOL           2009        M05                 388
JTU54009900JOL           2009        M06                 382
JTU54009900JOL           2009        M07                 449
JTU54009900JOL           2009        M08                 343
JTU54009900JOL           2009        M09                 415
JTU54009900JOL           2009        M10                 432
JTU54009900JOL           2009        M11                 376
JTU54009900JOL           2009        M12                 391
JTU54009900JOL           2010        M01                 485
JTU54009900JOL           2010        M02                 385
JTU54009900JOL           2010        M03                 401
JTU54009900JOL           2010        M04                 562
JTU54009900JOL           2010        M05                 567
JTU54009900JOL           2010        M06                 465
JTU54009900JOL           2010        M07                 556
JTU54009900JOL           2010        M08                 616
JTU54009900JOL           2010        M09                 545
JTU54009900JOL           2010        M10                 670
JTU54009900JOL           2010        M11                 610
JTU54009900JOL           2010        M12                 545
JTU54009900JOL           2011        M01                 556
JTU54009900JOL           2011        M02                 595
JTU54009900JOL           2011        M03                 572
JTU54009900JOL           2011        M04                 637
JTU54009900JOL           2011        M05                 574
JTU54009900JOL           2011        M06                 604
JTU54009900JOL           2011        M07                 771
JTU54009900JOL           2011        M08                 603
JTU54009900JOL           2011        M09                 713
JTU54009900JOL           2011        M10                 679
JTU54009900JOL           2011        M11                 491
JTU54009900JOL           2011        M12                 721
JTU54009900JOL           2012        M01                 858
JTU54009900JOL           2012        M02                 636
JTU54009900JOL           2012        M03                 784
JTU54009900JOL           2012        M04                 683
JTU54009900JOL           2012        M05                 679
JTU54009900JOL           2012        M06                 716
JTU54009900JOL           2012        M07                 712
JTU54009900JOL           2012        M08                 750
JTU54009900JOL           2012        M09                 593
JTU54009900JOL           2012        M10                 721
JTU54009900JOL           2012        M11                 566
JTU54009900JOL           2012        M12                 552
JTU54009900JOL           2013        M01                 753
JTU54009900JOL           2013        M02                 751
JTU54009900JOL           2013        M03                 669
JTU54009900JOL           2013        M04                 744
JTU54009900JOL           2013        M05                 629
JTU54009900JOL           2013        M06                 611
JTU54009900JOL           2013        M07                 614
JTU54009900JOL           2013        M08                 690
JTU54009900JOL           2013        M09                 681
JTU54009900JOL           2013        M10                 865
JTU54009900JOL           2013        M11                 663
JTU54009900JOL           2013        M12                 627
JTU54009900JOL           2014        M01                 696
JTU54009900JOL           2014        M02                 810
JTU54009900JOL           2014        M03                 692
JTU54009900JOL           2014        M04                 886
JTU54009900JOL           2014        M05                 819
JTU54009900JOL           2014        M06                 825
JTU54009900JOL           2014        M07                 879
JTU54009900JOL           2014        M08                 948
JTU54009900JOL           2014        M09                 835
JTU54009900JOL           2014        M10                1007
JTU54009900JOL           2014        M11                 998
JTU54009900JOL           2014        M12                 923
JTU54009900JOL           2015        M01                 971
JTU54009900JOL           2015        M02                 926
JTU54009900JOL           2015        M03                1008
JTU54009900JOL           2015        M04                1201
JTU54009900JOL           2015        M05                1115
JTU54009900JOL           2015        M06                1150
JTU54009900JOL           2015        M07                1174
JTU54009900JOL           2015        M08                1081
JTU54009900JOL           2015        M09                1116
JTU54009900JOL           2015        M10                1201
JTU54009900JOL           2015        M11                1134
JTU54009900JOL           2015        M12                1007
JTU54009900JOL           2016        M01                1167
JTU54009900JOL           2016        M02                1106
JTU54009900JOL           2016        M03                1271
JTU54009900JOL           2016        M04                1056
JTU54009900JOL           2016        M05                1214
JTU54009900JOL           2016        M06                1031
JTU54009900JOL           2016        M07                1295
JTU54009900JOL           2016        M08                1025
JTU54009900JOL           2016        M09                1098
JTU54009900JOL           2016        M10                1157
JTU54009900JOL           2016        M11                1004
JTU54009900JOL           2016        M12                 880
JTU54009900JOL           2017        M01                1070
JTU54009900JOL           2017        M02                 925
JTU54009900JOL           2017        M03                1160
JTU54009900JOL           2017        M04                1186
JTU54009900JOL           2017        M05                1042
JTU54009900JOL           2017        M06                1191
JTU54009900JOL           2017        M07                1121
JTU54009900JOL           2017        M08                1005
JTU54009900JOL           2017        M09                1169
JTU54009900JOL           2017        M10                1191
JTU54009900JOL           2017        M11                1046
JTU54009900JOL           2017        M12                 808        p
JTU54009900JOR           2000        M12                 4.7
JTU54009900JOR           2001        M01                 4.8
JTU54009900JOR           2001        M02                 4.4
JTU54009900JOR           2001        M03                 4.4
JTU54009900JOR           2001        M04                 5.5
JTU54009900JOR           2001        M05                 4.3
JTU54009900JOR           2001        M06                 3.8
JTU54009900JOR           2001        M07                 4.2
JTU54009900JOR           2001        M08                 3.2
JTU54009900JOR           2001        M09                 3.8
JTU54009900JOR           2001        M10                 3.6
JTU54009900JOR           2001        M11                 2.9
JTU54009900JOR           2001        M12                 3.1
JTU54009900JOR           2002        M01                 4.0
JTU54009900JOR           2002        M02                 2.9
JTU54009900JOR           2002        M03                 3.2
JTU54009900JOR           2002        M04                 3.6
JTU54009900JOR           2002        M05                 3.9
JTU54009900JOR           2002        M06                 2.8
JTU54009900JOR           2002        M07                 3.6
JTU54009900JOR           2002        M08                 3.4
JTU54009900JOR           2002        M09                 3.5
JTU54009900JOR           2002        M10                 4.4
JTU54009900JOR           2002        M11                 3.6
JTU54009900JOR           2002        M12                 3.3
JTU54009900JOR           2003        M01                 6.2
JTU54009900JOR           2003        M02                 4.6
JTU54009900JOR           2003        M03                 3.8
JTU54009900JOR           2003        M04                 3.8
JTU54009900JOR           2003        M05                 3.7
JTU54009900JOR           2003        M06                 3.9
JTU54009900JOR           2003        M07                 4.5
JTU54009900JOR           2003        M08                 4.4
JTU54009900JOR           2003        M09                 3.8
JTU54009900JOR           2003        M10                 3.7
JTU54009900JOR           2003        M11                 3.7
JTU54009900JOR           2003        M12                 3.7
JTU54009900JOR           2004        M01                 4.1
JTU54009900JOR           2004        M02                 4.1
JTU54009900JOR           2004        M03                 3.2
JTU54009900JOR           2004        M04                 4.4
JTU54009900JOR           2004        M05                 3.9
JTU54009900JOR           2004        M06                 3.8
JTU54009900JOR           2004        M07                 4.7
JTU54009900JOR           2004        M08                 3.9
JTU54009900JOR           2004        M09                 4.0
JTU54009900JOR           2004        M10                 4.3
JTU54009900JOR           2004        M11                 3.2
JTU54009900JOR           2004        M12                 4.1
JTU54009900JOR           2005        M01                 4.3
JTU54009900JOR           2005        M02                 4.1
JTU54009900JOR           2005        M03                 4.2
JTU54009900JOR           2005        M04                 4.9
JTU54009900JOR           2005        M05                 4.4
JTU54009900JOR           2005        M06                 4.5
JTU54009900JOR           2005        M07                 4.9
JTU54009900JOR           2005        M08                 4.4
JTU54009900JOR           2005        M09                 4.5
JTU54009900JOR           2005        M10                 5.2
JTU54009900JOR           2005        M11                 4.5
JTU54009900JOR           2005        M12                 4.4
JTU54009900JOR           2006        M01                 5.4
JTU54009900JOR           2006        M02                 4.1
JTU54009900JOR           2006        M03                 4.0
JTU54009900JOR           2006        M04                 4.2
JTU54009900JOR           2006        M05                 4.1
JTU54009900JOR           2006        M06                 3.7
JTU54009900JOR           2006        M07                 3.5
JTU54009900JOR           2006        M08                 3.9
JTU54009900JOR           2006        M09                 3.6
JTU54009900JOR           2006        M10                 4.1
JTU54009900JOR           2006        M11                 3.8
JTU54009900JOR           2006        M12                 3.6
JTU54009900JOR           2007        M01                 4.8
JTU54009900JOR           2007        M02                 3.8
JTU54009900JOR           2007        M03                 4.2
JTU54009900JOR           2007        M04                 4.9
JTU54009900JOR           2007        M05                 4.0
JTU54009900JOR           2007        M06                 4.0
JTU54009900JOR           2007        M07                 3.9
JTU54009900JOR           2007        M08                 3.9
JTU54009900JOR           2007        M09                 3.9
JTU54009900JOR           2007        M10                 4.3
JTU54009900JOR           2007        M11                 3.7
JTU54009900JOR           2007        M12                 4.0
JTU54009900JOR           2008        M01                 4.5
JTU54009900JOR           2008        M02                 4.0
JTU54009900JOR           2008        M03                 3.9
JTU54009900JOR           2008        M04                 4.4
JTU54009900JOR           2008        M05                 3.3
JTU54009900JOR           2008        M06                 3.8
JTU54009900JOR           2008        M07                 3.7
JTU54009900JOR           2008        M08                 3.4
JTU54009900JOR           2008        M09                 3.3
JTU54009900JOR           2008        M10                 3.4
JTU54009900JOR           2008        M11                 2.7
JTU54009900JOR           2008        M12                 3.0
JTU54009900JOR           2009        M01                 3.7
JTU54009900JOR           2009        M02                 3.0
JTU54009900JOR           2009        M03                 2.3
JTU54009900JOR           2009        M04                 2.8
JTU54009900JOR           2009        M05                 2.3
JTU54009900JOR           2009        M06                 2.3
JTU54009900JOR           2009        M07                 2.6
JTU54009900JOR           2009        M08                 2.0
JTU54009900JOR           2009        M09                 2.5
JTU54009900JOR           2009        M10                 2.5
JTU54009900JOR           2009        M11                 2.2
JTU54009900JOR           2009        M12                 2.3
JTU54009900JOR           2010        M01                 2.9
JTU54009900JOR           2010        M02                 2.3
JTU54009900JOR           2010        M03                 2.4
JTU54009900JOR           2010        M04                 3.3
JTU54009900JOR           2010        M05                 3.3
JTU54009900JOR           2010        M06                 2.7
JTU54009900JOR           2010        M07                 3.2
JTU54009900JOR           2010        M08                 3.5
JTU54009900JOR           2010        M09                 3.1
JTU54009900JOR           2010        M10                 3.8
JTU54009900JOR           2010        M11                 3.4
JTU54009900JOR           2010        M12                 3.1
JTU54009900JOR           2011        M01                 3.2
JTU54009900JOR           2011        M02                 3.4
JTU54009900JOR           2011        M03                 3.3
JTU54009900JOR           2011        M04                 3.6
JTU54009900JOR           2011        M05                 3.2
JTU54009900JOR           2011        M06                 3.3
JTU54009900JOR           2011        M07                 4.2
JTU54009900JOR           2011        M08                 3.3
JTU54009900JOR           2011        M09                 3.9
JTU54009900JOR           2011        M10                 3.7
JTU54009900JOR           2011        M11                 2.7
JTU54009900JOR           2011        M12                 3.9
JTU54009900JOR           2012        M01                 4.7
JTU54009900JOR           2012        M02                 3.5
JTU54009900JOR           2012        M03                 4.3
JTU54009900JOR           2012        M04                 3.7
JTU54009900JOR           2012        M05                 3.7
JTU54009900JOR           2012        M06                 3.8
JTU54009900JOR           2012        M07                 3.8
JTU54009900JOR           2012        M08                 4.0
JTU54009900JOR           2012        M09                 3.2
JTU54009900JOR           2012        M10                 3.8
JTU54009900JOR           2012        M11                 3.0
JTU54009900JOR           2012        M12                 2.9
JTU54009900JOR           2013        M01                 4.0
JTU54009900JOR           2013        M02                 4.0
JTU54009900JOR           2013        M03                 3.6
JTU54009900JOR           2013        M04                 3.9
JTU54009900JOR           2013        M05                 3.3
JTU54009900JOR           2013        M06                 3.2
JTU54009900JOR           2013        M07                 3.2
JTU54009900JOR           2013        M08                 3.6
JTU54009900JOR           2013        M09                 3.5
JTU54009900JOR           2013        M10                 4.4
JTU54009900JOR           2013        M11                 3.4
JTU54009900JOR           2013        M12                 3.2
JTU54009900JOR           2014        M01                 3.6
JTU54009900JOR           2014        M02                 4.2
JTU54009900JOR           2014        M03                 3.6
JTU54009900JOR           2014        M04                 4.5
JTU54009900JOR           2014        M05                 4.1
JTU54009900JOR           2014        M06                 4.1
JTU54009900JOR           2014        M07                 4.4
JTU54009900JOR           2014        M08                 4.7
JTU54009900JOR           2014        M09                 4.2
JTU54009900JOR           2014        M10                 4.9
JTU54009900JOR           2014        M11                 4.9
JTU54009900JOR           2014        M12                 4.5
JTU54009900JOR           2015        M01                 4.9
JTU54009900JOR           2015        M02                 4.6
JTU54009900JOR           2015        M03                 5.0
JTU54009900JOR           2015        M04                 5.8
JTU54009900JOR           2015        M05                 5.4
JTU54009900JOR           2015        M06                 5.5
JTU54009900JOR           2015        M07                 5.6
JTU54009900JOR           2015        M08                 5.2
JTU54009900JOR           2015        M09                 5.3
JTU54009900JOR           2015        M10                 5.7
JTU54009900JOR           2015        M11                 5.4
JTU54009900JOR           2015        M12                 4.8
JTU54009900JOR           2016        M01                 5.6
JTU54009900JOR           2016        M02                 5.3
JTU54009900JOR           2016        M03                 6.1
JTU54009900JOR           2016        M04                 5.0
JTU54009900JOR           2016        M05                 5.7
JTU54009900JOR           2016        M06                 4.8
JTU54009900JOR           2016        M07                 6.0
JTU54009900JOR           2016        M08                 4.8
JTU54009900JOR           2016        M09                 5.1
JTU54009900JOR           2016        M10                 5.3
JTU54009900JOR           2016        M11                 4.7
JTU54009900JOR           2016        M12                 4.1
JTU54009900JOR           2017        M01                 5.1
JTU54009900JOR           2017        M02                 4.4
JTU54009900JOR           2017        M03                 5.4
JTU54009900JOR           2017        M04                 5.5
JTU54009900JOR           2017        M05                 4.8
JTU54009900JOR           2017        M06                 5.4
JTU54009900JOR           2017        M07                 5.1
JTU54009900JOR           2017        M08                 4.6
JTU54009900JOR           2017        M09                 5.3
JTU54009900JOR           2017        M10                 5.3
JTU54009900JOR           2017        M11                 4.7
JTU54009900JOR           2017        M12                 3.7        p
JTU60000000JOL           2000        M12                 812
JTU60000000JOL           2001        M01                 936
JTU60000000JOL           2001        M02                 784
JTU60000000JOL           2001        M03                 737
JTU60000000JOL           2001        M04                 807
JTU60000000JOL           2001        M05                 750
JTU60000000JOL           2001        M06                 712
JTU60000000JOL           2001        M07                 832
JTU60000000JOL           2001        M08                 868
JTU60000000JOL           2001        M09                 710
JTU60000000JOL           2001        M10                 789
JTU60000000JOL           2001        M11                 645
JTU60000000JOL           2001        M12                 671
JTU60000000JOL           2002        M01                 841
JTU60000000JOL           2002        M02                 714
JTU60000000JOL           2002        M03                 701
JTU60000000JOL           2002        M04                 814
JTU60000000JOL           2002        M05                 639
JTU60000000JOL           2002        M06                 706
JTU60000000JOL           2002        M07                 726
JTU60000000JOL           2002        M08                 696
JTU60000000JOL           2002        M09                 655
JTU60000000JOL           2002        M10                 707
JTU60000000JOL           2002        M11                 653
JTU60000000JOL           2002        M12                 583
JTU60000000JOL           2003        M01                 692
JTU60000000JOL           2003        M02                 576
JTU60000000JOL           2003        M03                 560
JTU60000000JOL           2003        M04                 713
JTU60000000JOL           2003        M05                 663
JTU60000000JOL           2003        M06                 564
JTU60000000JOL           2003        M07                 600
JTU60000000JOL           2003        M08                 548
JTU60000000JOL           2003        M09                 531
JTU60000000JOL           2003        M10                 637
JTU60000000JOL           2003        M11                 530
JTU60000000JOL           2003        M12                 512
JTU60000000JOL           2004        M01                 692
JTU60000000JOL           2004        M02                 575
JTU60000000JOL           2004        M03                 593
JTU60000000JOL           2004        M04                 689
JTU60000000JOL           2004        M05                 600
JTU60000000JOL           2004        M06                 518
JTU60000000JOL           2004        M07                 646
JTU60000000JOL           2004        M08                 585
JTU60000000JOL           2004        M09                 580
JTU60000000JOL           2004        M10                 694
JTU60000000JOL           2004        M11                 566
JTU60000000JOL           2004        M12                 596
JTU60000000JOL           2005        M01                 649
JTU60000000JOL           2005        M02                 598
JTU60000000JOL           2005        M03                 648
JTU60000000JOL           2005        M04                 721
JTU60000000JOL           2005        M05                 670
JTU60000000JOL           2005        M06                 641
JTU60000000JOL           2005        M07                 748
JTU60000000JOL           2005        M08                 659
JTU60000000JOL           2005        M09                 663
JTU60000000JOL           2005        M10                 693
JTU60000000JOL           2005        M11                 616
JTU60000000JOL           2005        M12                 626
JTU60000000JOL           2006        M01                 759
JTU60000000JOL           2006        M02                 720
JTU60000000JOL           2006        M03                 731
JTU60000000JOL           2006        M04                 829
JTU60000000JOL           2006        M05                 696
JTU60000000JOL           2006        M06                 706
JTU60000000JOL           2006        M07                 695
JTU60000000JOL           2006        M08                 770
JTU60000000JOL           2006        M09                 748
JTU60000000JOL           2006        M10                 818
JTU60000000JOL           2006        M11                 720
JTU60000000JOL           2006        M12                 729
JTU60000000JOL           2007        M01                 790
JTU60000000JOL           2007        M02                 692
JTU60000000JOL           2007        M03                 729
JTU60000000JOL           2007        M04                 833
JTU60000000JOL           2007        M05                 781
JTU60000000JOL           2007        M06                 788
JTU60000000JOL           2007        M07                 760
JTU60000000JOL           2007        M08                 788
JTU60000000JOL           2007        M09                 841
JTU60000000JOL           2007        M10                 760
JTU60000000JOL           2007        M11                 709
JTU60000000JOL           2007        M12                 731
JTU60000000JOL           2008        M01                 768
JTU60000000JOL           2008        M02                 775
JTU60000000JOL           2008        M03                 772
JTU60000000JOL           2008        M04                 798
JTU60000000JOL           2008        M05                 730
JTU60000000JOL           2008        M06                 694
JTU60000000JOL           2008        M07                 821
JTU60000000JOL           2008        M08                 697
JTU60000000JOL           2008        M09                 594
JTU60000000JOL           2008        M10                 664
JTU60000000JOL           2008        M11                 594
JTU60000000JOL           2008        M12                 617
JTU60000000JOL           2009        M01                 641
JTU60000000JOL           2009        M02                 542
JTU60000000JOL           2009        M03                 494
JTU60000000JOL           2009        M04                 550
JTU60000000JOL           2009        M05                 524
JTU60000000JOL           2009        M06                 510
JTU60000000JOL           2009        M07                 588
JTU60000000JOL           2009        M08                 548
JTU60000000JOL           2009        M09                 543
JTU60000000JOL           2009        M10                 550
JTU60000000JOL           2009        M11                 492
JTU60000000JOL           2009        M12                 531
JTU60000000JOL           2010        M01                 639
JTU60000000JOL           2010        M02                 517
JTU60000000JOL           2010        M03                 509
JTU60000000JOL           2010        M04                 560
JTU60000000JOL           2010        M05                 506
JTU60000000JOL           2010        M06                 453
JTU60000000JOL           2010        M07                 577
JTU60000000JOL           2010        M08                 477
JTU60000000JOL           2010        M09                 501
JTU60000000JOL           2010        M10                 630
JTU60000000JOL           2010        M11                 514
JTU60000000JOL           2010        M12                 527
JTU60000000JOL           2011        M01                 575
JTU60000000JOL           2011        M02                 528
JTU60000000JOL           2011        M03                 555
JTU60000000JOL           2011        M04                 631
JTU60000000JOL           2011        M05                 571
JTU60000000JOL           2011        M06                 564
JTU60000000JOL           2011        M07                 662
JTU60000000JOL           2011        M08                 624
JTU60000000JOL           2011        M09                 586
JTU60000000JOL           2011        M10                 653
JTU60000000JOL           2011        M11                 611
JTU60000000JOL           2011        M12                 588
JTU60000000JOL           2012        M01                 729
JTU60000000JOL           2012        M02                 659
JTU60000000JOL           2012        M03                 677
JTU60000000JOL           2012        M04                 736
JTU60000000JOL           2012        M05                 695
JTU60000000JOL           2012        M06                 698
JTU60000000JOL           2012        M07                 735
JTU60000000JOL           2012        M08                 646
JTU60000000JOL           2012        M09                 692
JTU60000000JOL           2012        M10                 733
JTU60000000JOL           2012        M11                 671
JTU60000000JOL           2012        M12                 654
JTU60000000JOL           2013        M01                 647
JTU60000000JOL           2013        M02                 661
JTU60000000JOL           2013        M03                 695
JTU60000000JOL           2013        M04                 778
JTU60000000JOL           2013        M05                 672
JTU60000000JOL           2013        M06                 636
JTU60000000JOL           2013        M07                 714
JTU60000000JOL           2013        M08                 733
JTU60000000JOL           2013        M09                 638
JTU60000000JOL           2013        M10                 702
JTU60000000JOL           2013        M11                 651
JTU60000000JOL           2013        M12                 568
JTU60000000JOL           2014        M01                 764
JTU60000000JOL           2014        M02                 686
JTU60000000JOL           2014        M03                 717
JTU60000000JOL           2014        M04                 788
JTU60000000JOL           2014        M05                 807
JTU60000000JOL           2014        M06                 756
JTU60000000JOL           2014        M07                 908
JTU60000000JOL           2014        M08                 932
JTU60000000JOL           2014        M09                 846
JTU60000000JOL           2014        M10                 972
JTU60000000JOL           2014        M11                 762
JTU60000000JOL           2014        M12                 872
JTU60000000JOL           2015        M01                 985
JTU60000000JOL           2015        M02                 911
JTU60000000JOL           2015        M03                 858
JTU60000000JOL           2015        M04                1118
JTU60000000JOL           2015        M05                 952
JTU60000000JOL           2015        M06                 942
JTU60000000JOL           2015        M07                1224
JTU60000000JOL           2015        M08                1041
JTU60000000JOL           2015        M09                1041
JTU60000000JOL           2015        M10                1112
JTU60000000JOL           2015        M11                1036
JTU60000000JOL           2015        M12                1030
JTU60000000JOL           2016        M01                1253
JTU60000000JOL           2016        M02                1003
JTU60000000JOL           2016        M03                1018
JTU60000000JOL           2016        M04                1136
JTU60000000JOL           2016        M05                1032
JTU60000000JOL           2016        M06                1040
JTU60000000JOL           2016        M07                1163
JTU60000000JOL           2016        M08                1033
JTU60000000JOL           2016        M09                1062
JTU60000000JOL           2016        M10                1232
JTU60000000JOL           2016        M11                1093
JTU60000000JOL           2016        M12                1116
JTU60000000JOL           2017        M01                1236
JTU60000000JOL           2017        M02                1203
JTU60000000JOL           2017        M03                1051
JTU60000000JOL           2017        M04                1179
JTU60000000JOL           2017        M05                1067
JTU60000000JOL           2017        M06                1146
JTU60000000JOL           2017        M07                1226
JTU60000000JOL           2017        M08                1186
JTU60000000JOL           2017        M09                1107
JTU60000000JOL           2017        M10                1168
JTU60000000JOL           2017        M11                1057
JTU60000000JOL           2017        M12                1102        p
JTU60000000JOR           2000        M12                 4.9
JTU60000000JOR           2001        M01                 5.7
JTU60000000JOR           2001        M02                 4.8
JTU60000000JOR           2001        M03                 4.5
JTU60000000JOR           2001        M04                 4.9
JTU60000000JOR           2001        M05                 4.5
JTU60000000JOR           2001        M06                 4.4
JTU60000000JOR           2001        M07                 5.1
JTU60000000JOR           2001        M08                 5.3
JTU60000000JOR           2001        M09                 4.3
JTU60000000JOR           2001        M10                 4.7
JTU60000000JOR           2001        M11                 3.8
JTU60000000JOR           2001        M12                 4.0
JTU60000000JOR           2002        M01                 5.0
JTU60000000JOR           2002        M02                 4.2
JTU60000000JOR           2002        M03                 4.1
JTU60000000JOR           2002        M04                 4.7
JTU60000000JOR           2002        M05                 3.8
JTU60000000JOR           2002        M06                 4.2
JTU60000000JOR           2002        M07                 4.3
JTU60000000JOR           2002        M08                 4.1
JTU60000000JOR           2002        M09                 3.8
JTU60000000JOR           2002        M10                 4.1
JTU60000000JOR           2002        M11                 3.7
JTU60000000JOR           2002        M12                 3.4
JTU60000000JOR           2003        M01                 4.0
JTU60000000JOR           2003        M02                 3.3
JTU60000000JOR           2003        M03                 3.2
JTU60000000JOR           2003        M04                 4.0
JTU60000000JOR           2003        M05                 3.8
JTU60000000JOR           2003        M06                 3.3
JTU60000000JOR           2003        M07                 3.5
JTU60000000JOR           2003        M08                 3.2
JTU60000000JOR           2003        M09                 3.1
JTU60000000JOR           2003        M10                 3.6
JTU60000000JOR           2003        M11                 3.0
JTU60000000JOR           2003        M12                 2.9
JTU60000000JOR           2004        M01                 3.9
JTU60000000JOR           2004        M02                 3.2
JTU60000000JOR           2004        M03                 3.3
JTU60000000JOR           2004        M04                 3.8
JTU60000000JOR           2004        M05                 3.4
JTU60000000JOR           2004        M06                 3.0
JTU60000000JOR           2004        M07                 3.7
JTU60000000JOR           2004        M08                 3.3
JTU60000000JOR           2004        M09                 3.3
JTU60000000JOR           2004        M10                 3.8
JTU60000000JOR           2004        M11                 3.1
JTU60000000JOR           2004        M12                 3.3
JTU60000000JOR           2005        M01                 3.6
JTU60000000JOR           2005        M02                 3.3
JTU60000000JOR           2005        M03                 3.5
JTU60000000JOR           2005        M04                 3.9
JTU60000000JOR           2005        M05                 3.6
JTU60000000JOR           2005        M06                 3.5
JTU60000000JOR           2005        M07                 4.1
JTU60000000JOR           2005        M08                 3.7
JTU60000000JOR           2005        M09                 3.6
JTU60000000JOR           2005        M10                 3.7
JTU60000000JOR           2005        M11                 3.3
JTU60000000JOR           2005        M12                 3.4
JTU60000000JOR           2006        M01                 4.1
JTU60000000JOR           2006        M02                 3.8
JTU60000000JOR           2006        M03                 3.9
JTU60000000JOR           2006        M04                 4.4
JTU60000000JOR           2006        M05                 3.7
JTU60000000JOR           2006        M06                 3.8
JTU60000000JOR           2006        M07                 3.8
JTU60000000JOR           2006        M08                 4.1
JTU60000000JOR           2006        M09                 3.9
JTU60000000JOR           2006        M10                 4.2
JTU60000000JOR           2006        M11                 3.7
JTU60000000JOR           2006        M12                 3.8
JTU60000000JOR           2007        M01                 4.1
JTU60000000JOR           2007        M02                 3.6
JTU60000000JOR           2007        M03                 3.8
JTU60000000JOR           2007        M04                 4.3
JTU60000000JOR           2007        M05                 4.0
JTU60000000JOR           2007        M06                 4.1
JTU60000000JOR           2007        M07                 4.0
JTU60000000JOR           2007        M08                 4.1
JTU60000000JOR           2007        M09                 4.3
JTU60000000JOR           2007        M10                 3.8
JTU60000000JOR           2007        M11                 3.6
JTU60000000JOR           2007        M12                 3.7
JTU60000000JOR           2008        M01                 3.9
JTU60000000JOR           2008        M02                 3.9
JTU60000000JOR           2008        M03                 3.9
JTU60000000JOR           2008        M04                 4.0
JTU60000000JOR           2008        M05                 3.7
JTU60000000JOR           2008        M06                 3.5
JTU60000000JOR           2008        M07                 4.2
JTU60000000JOR           2008        M08                 3.5
JTU60000000JOR           2008        M09                 3.0
JTU60000000JOR           2008        M10                 3.3
JTU60000000JOR           2008        M11                 2.9
JTU60000000JOR           2008        M12                 3.1
JTU60000000JOR           2009        M01                 3.2
JTU60000000JOR           2009        M02                 2.7
JTU60000000JOR           2009        M03                 2.5
JTU60000000JOR           2009        M04                 2.7
JTU60000000JOR           2009        M05                 2.6
JTU60000000JOR           2009        M06                 2.6
JTU60000000JOR           2009        M07                 3.0
JTU60000000JOR           2009        M08                 2.8
JTU60000000JOR           2009        M09                 2.7
JTU60000000JOR           2009        M10                 2.7
JTU60000000JOR           2009        M11                 2.4
JTU60000000JOR           2009        M12                 2.6
JTU60000000JOR           2010        M01                 3.1
JTU60000000JOR           2010        M02                 2.5
JTU60000000JOR           2010        M03                 2.5
JTU60000000JOR           2010        M04                 2.7
JTU60000000JOR           2010        M05                 2.5
JTU60000000JOR           2010        M06                 2.2
JTU60000000JOR           2010        M07                 2.9
JTU60000000JOR           2010        M08                 2.4
JTU60000000JOR           2010        M09                 2.5
JTU60000000JOR           2010        M10                 3.0
JTU60000000JOR           2010        M11                 2.5
JTU60000000JOR           2010        M12                 2.5
JTU60000000JOR           2011        M01                 2.8
JTU60000000JOR           2011        M02                 2.5
JTU60000000JOR           2011        M03                 2.7
JTU60000000JOR           2011        M04                 3.0
JTU60000000JOR           2011        M05                 2.7
JTU60000000JOR           2011        M06                 2.7
JTU60000000JOR           2011        M07                 3.2
JTU60000000JOR           2011        M08                 3.0
JTU60000000JOR           2011        M09                 2.8
JTU60000000JOR           2011        M10                 3.1
JTU60000000JOR           2011        M11                 2.9
JTU60000000JOR           2011        M12                 2.8
JTU60000000JOR           2012        M01                 3.4
JTU60000000JOR           2012        M02                 3.1
JTU60000000JOR           2012        M03                 3.1
JTU60000000JOR           2012        M04                 3.4
JTU60000000JOR           2012        M05                 3.2
JTU60000000JOR           2012        M06                 3.3
JTU60000000JOR           2012        M07                 3.5
JTU60000000JOR           2012        M08                 3.1
JTU60000000JOR           2012        M09                 3.2
JTU60000000JOR           2012        M10                 3.4
JTU60000000JOR           2012        M11                 3.1
JTU60000000JOR           2012        M12                 3.0
JTU60000000JOR           2013        M01                 3.0
JTU60000000JOR           2013        M02                 3.0
JTU60000000JOR           2013        M03                 3.2
JTU60000000JOR           2013        M04                 3.5
JTU60000000JOR           2013        M05                 3.1
JTU60000000JOR           2013        M06                 3.0
JTU60000000JOR           2013        M07                 3.3
JTU60000000JOR           2013        M08                 3.4
JTU60000000JOR           2013        M09                 2.9
JTU60000000JOR           2013        M10                 3.2
JTU60000000JOR           2013        M11                 2.9
JTU60000000JOR           2013        M12                 2.6
JTU60000000JOR           2014        M01                 3.5
JTU60000000JOR           2014        M02                 3.1
JTU60000000JOR           2014        M03                 3.2
JTU60000000JOR           2014        M04                 3.5
JTU60000000JOR           2014        M05                 3.6
JTU60000000JOR           2014        M06                 3.4
JTU60000000JOR           2014        M07                 4.1
JTU60000000JOR           2014        M08                 4.2
JTU60000000JOR           2014        M09                 3.8
JTU60000000JOR           2014        M10                 4.3
JTU60000000JOR           2014        M11                 3.4
JTU60000000JOR           2014        M12                 3.8
JTU60000000JOR           2015        M01                 4.4
JTU60000000JOR           2015        M02                 4.0
JTU60000000JOR           2015        M03                 3.8
JTU60000000JOR           2015        M04                 4.8
JTU60000000JOR           2015        M05                 4.1
JTU60000000JOR           2015        M06                 4.1
JTU60000000JOR           2015        M07                 5.3
JTU60000000JOR           2015        M08                 4.6
JTU60000000JOR           2015        M09                 4.5
JTU60000000JOR           2015        M10                 4.7
JTU60000000JOR           2015        M11                 4.4
JTU60000000JOR           2015        M12                 4.4
JTU60000000JOR           2016        M01                 5.3
JTU60000000JOR           2016        M02                 4.3
JTU60000000JOR           2016        M03                 4.3
JTU60000000JOR           2016        M04                 4.8
JTU60000000JOR           2016        M05                 4.4
JTU60000000JOR           2016        M06                 4.4
JTU60000000JOR           2016        M07                 5.0
JTU60000000JOR           2016        M08                 4.4
JTU60000000JOR           2016        M09                 4.5
JTU60000000JOR           2016        M10                 5.1
JTU60000000JOR           2016        M11                 4.5
JTU60000000JOR           2016        M12                 4.6
JTU60000000JOR           2017        M01                 5.2
JTU60000000JOR           2017        M02                 5.0
JTU60000000JOR           2017        M03                 4.3
JTU60000000JOR           2017        M04                 4.8
JTU60000000JOR           2017        M05                 4.4
JTU60000000JOR           2017        M06                 4.8
JTU60000000JOR           2017        M07                 5.1
JTU60000000JOR           2017        M08                 4.9
JTU60000000JOR           2017        M09                 4.6
JTU60000000JOR           2017        M10                 4.7
JTU60000000JOR           2017        M11                 4.3
JTU60000000JOR           2017        M12                 4.5        p
JTU61000000JOL           2000        M12                  53
JTU61000000JOL           2001        M01                  40
JTU61000000JOL           2001        M02                  59
JTU61000000JOL           2001        M03                  39
JTU61000000JOL           2001        M04                  68
JTU61000000JOL           2001        M05                  82
JTU61000000JOL           2001        M06                  32
JTU61000000JOL           2001        M07                  58
JTU61000000JOL           2001        M08                  58
JTU61000000JOL           2001        M09                  39
JTU61000000JOL           2001        M10                  50
JTU61000000JOL           2001        M11                  38
JTU61000000JOL           2001        M12                  32
JTU61000000JOL           2002        M01                  67
JTU61000000JOL           2002        M02                  68
JTU61000000JOL           2002        M03                  39
JTU61000000JOL           2002        M04                  72
JTU61000000JOL           2002        M05                  57
JTU61000000JOL           2002        M06                  88
JTU61000000JOL           2002        M07                  66
JTU61000000JOL           2002        M08                  45
JTU61000000JOL           2002        M09                  36
JTU61000000JOL           2002        M10                  43
JTU61000000JOL           2002        M11                  42
JTU61000000JOL           2002        M12                  37
JTU61000000JOL           2003        M01                  49
JTU61000000JOL           2003        M02                  37
JTU61000000JOL           2003        M03                  31
JTU61000000JOL           2003        M04                  58
JTU61000000JOL           2003        M05                  63
JTU61000000JOL           2003        M06                  44
JTU61000000JOL           2003        M07                  57
JTU61000000JOL           2003        M08                  42
JTU61000000JOL           2003        M09                  29
JTU61000000JOL           2003        M10                  49
JTU61000000JOL           2003        M11                  41
JTU61000000JOL           2003        M12                  34
JTU61000000JOL           2004        M01                  46
JTU61000000JOL           2004        M02                  45
JTU61000000JOL           2004        M03                  50
JTU61000000JOL           2004        M04                  59
JTU61000000JOL           2004        M05                  52
JTU61000000JOL           2004        M06                  32
JTU61000000JOL           2004        M07                  58
JTU61000000JOL           2004        M08                  49
JTU61000000JOL           2004        M09                  43
JTU61000000JOL           2004        M10                  94
JTU61000000JOL           2004        M11                  50
JTU61000000JOL           2004        M12                  53
JTU61000000JOL           2005        M01                  58
JTU61000000JOL           2005        M02                  37
JTU61000000JOL           2005        M03                  57
JTU61000000JOL           2005        M04                  72
JTU61000000JOL           2005        M05                  78
JTU61000000JOL           2005        M06                  79
JTU61000000JOL           2005        M07                  66
JTU61000000JOL           2005        M08                  70
JTU61000000JOL           2005        M09                  77
JTU61000000JOL           2005        M10                  76
JTU61000000JOL           2005        M11                  75
JTU61000000JOL           2005        M12                  61
JTU61000000JOL           2006        M01                  71
JTU61000000JOL           2006        M02                  78
JTU61000000JOL           2006        M03                  87
JTU61000000JOL           2006        M04                  84
JTU61000000JOL           2006        M05                  76
JTU61000000JOL           2006        M06                  43
JTU61000000JOL           2006        M07                  61
JTU61000000JOL           2006        M08                  73
JTU61000000JOL           2006        M09                  77
JTU61000000JOL           2006        M10                  65
JTU61000000JOL           2006        M11                  67
JTU61000000JOL           2006        M12                  66
JTU61000000JOL           2007        M01                  60
JTU61000000JOL           2007        M02                  59
JTU61000000JOL           2007        M03                  63
JTU61000000JOL           2007        M04                  75
JTU61000000JOL           2007        M05                  68
JTU61000000JOL           2007        M06                  85
JTU61000000JOL           2007        M07                  54
JTU61000000JOL           2007        M08                  80
JTU61000000JOL           2007        M09                  68
JTU61000000JOL           2007        M10                  69
JTU61000000JOL           2007        M11                  61
JTU61000000JOL           2007        M12                  62
JTU61000000JOL           2008        M01                  62
JTU61000000JOL           2008        M02                  49
JTU61000000JOL           2008        M03                  63
JTU61000000JOL           2008        M04                  67
JTU61000000JOL           2008        M05                  59
JTU61000000JOL           2008        M06                  57
JTU61000000JOL           2008        M07                  88
JTU61000000JOL           2008        M08                  72
JTU61000000JOL           2008        M09                  41
JTU61000000JOL           2008        M10                  70
JTU61000000JOL           2008        M11                  65
JTU61000000JOL           2008        M12                  68
JTU61000000JOL           2009        M01                  68
JTU61000000JOL           2009        M02                  47
JTU61000000JOL           2009        M03                  33
JTU61000000JOL           2009        M04                  54
JTU61000000JOL           2009        M05                  45
JTU61000000JOL           2009        M06                  62
JTU61000000JOL           2009        M07                  45
JTU61000000JOL           2009        M08                  72
JTU61000000JOL           2009        M09                  31
JTU61000000JOL           2009        M10                  48
JTU61000000JOL           2009        M11                  33
JTU61000000JOL           2009        M12                  48
JTU61000000JOL           2010        M01                  34
JTU61000000JOL           2010        M02                  63
JTU61000000JOL           2010        M03                  69
JTU61000000JOL           2010        M04                  63
JTU61000000JOL           2010        M05                  73
JTU61000000JOL           2010        M06                  50
JTU61000000JOL           2010        M07                  69
JTU61000000JOL           2010        M08                  53
JTU61000000JOL           2010        M09                  40
JTU61000000JOL           2010        M10                  69
JTU61000000JOL           2010        M11                  52
JTU61000000JOL           2010        M12                  47
JTU61000000JOL           2011        M01                  73
JTU61000000JOL           2011        M02                  60
JTU61000000JOL           2011        M03                  46
JTU61000000JOL           2011        M04                  80
JTU61000000JOL           2011        M05                  47
JTU61000000JOL           2011        M06                  65
JTU61000000JOL           2011        M07                  82
JTU61000000JOL           2011        M08                  70
JTU61000000JOL           2011        M09                  63
JTU61000000JOL           2011        M10                  70
JTU61000000JOL           2011        M11                  58
JTU61000000JOL           2011        M12                  46
JTU61000000JOL           2012        M01                  56
JTU61000000JOL           2012        M02                  62
JTU61000000JOL           2012        M03                  59
JTU61000000JOL           2012        M04                  65
JTU61000000JOL           2012        M05                  63
JTU61000000JOL           2012        M06                  56
JTU61000000JOL           2012        M07                  97
JTU61000000JOL           2012        M08                  62
JTU61000000JOL           2012        M09                  59
JTU61000000JOL           2012        M10                  59
JTU61000000JOL           2012        M11                  54
JTU61000000JOL           2012        M12                  52
JTU61000000JOL           2013        M01                  62
JTU61000000JOL           2013        M02                  55
JTU61000000JOL           2013        M03                  62
JTU61000000JOL           2013        M04                  72
JTU61000000JOL           2013        M05                  62
JTU61000000JOL           2013        M06                  55
JTU61000000JOL           2013        M07                  76
JTU61000000JOL           2013        M08                  75
JTU61000000JOL           2013        M09                  57
JTU61000000JOL           2013        M10                  82
JTU61000000JOL           2013        M11                  75
JTU61000000JOL           2013        M12                  65
JTU61000000JOL           2014        M01                  75
JTU61000000JOL           2014        M02                  67
JTU61000000JOL           2014        M03                  65
JTU61000000JOL           2014        M04                  80
JTU61000000JOL           2014        M05                  80
JTU61000000JOL           2014        M06                  88
JTU61000000JOL           2014        M07                  88
JTU61000000JOL           2014        M08                  95
JTU61000000JOL           2014        M09                  90
JTU61000000JOL           2014        M10                  91
JTU61000000JOL           2014        M11                  80
JTU61000000JOL           2014        M12                  81
JTU61000000JOL           2015        M01                 104
JTU61000000JOL           2015        M02                 100
JTU61000000JOL           2015        M03                  88
JTU61000000JOL           2015        M04                 101
JTU61000000JOL           2015        M05                  89
JTU61000000JOL           2015        M06                 100
JTU61000000JOL           2015        M07                 132
JTU61000000JOL           2015        M08                 107
JTU61000000JOL           2015        M09                  84
JTU61000000JOL           2015        M10                 114
JTU61000000JOL           2015        M11                  96
JTU61000000JOL           2015        M12                 106
JTU61000000JOL           2016        M01                 106
JTU61000000JOL           2016        M02                 110
JTU61000000JOL           2016        M03                  85
JTU61000000JOL           2016        M04                 107
JTU61000000JOL           2016        M05                  94
JTU61000000JOL           2016        M06                  96
JTU61000000JOL           2016        M07                 107
JTU61000000JOL           2016        M08                  89
JTU61000000JOL           2016        M09                 108
JTU61000000JOL           2016        M10                 107
JTU61000000JOL           2016        M11                  86
JTU61000000JOL           2016        M12                  93
JTU61000000JOL           2017        M01                  93
JTU61000000JOL           2017        M02                 126
JTU61000000JOL           2017        M03                  87
JTU61000000JOL           2017        M04                  91
JTU61000000JOL           2017        M05                  99
JTU61000000JOL           2017        M06                  92
JTU61000000JOL           2017        M07                 144
JTU61000000JOL           2017        M08                 104
JTU61000000JOL           2017        M09                  96
JTU61000000JOL           2017        M10                  94
JTU61000000JOL           2017        M11                 100
JTU61000000JOL           2017        M12                  74        p
JTU61000000JOR           2000        M12                 2.0
JTU61000000JOR           2001        M01                 1.7
JTU61000000JOR           2001        M02                 2.2
JTU61000000JOR           2001        M03                 1.5
JTU61000000JOR           2001        M04                 2.5
JTU61000000JOR           2001        M05                 3.1
JTU61000000JOR           2001        M06                 1.4
JTU61000000JOR           2001        M07                 2.6
JTU61000000JOR           2001        M08                 2.6
JTU61000000JOR           2001        M09                 1.5
JTU61000000JOR           2001        M10                 1.8
JTU61000000JOR           2001        M11                 1.4
JTU61000000JOR           2001        M12                 1.2
JTU61000000JOR           2002        M01                 2.6
JTU61000000JOR           2002        M02                 2.4
JTU61000000JOR           2002        M03                 1.4
JTU61000000JOR           2002        M04                 2.5
JTU61000000JOR           2002        M05                 2.1
JTU61000000JOR           2002        M06                 3.4
JTU61000000JOR           2002        M07                 2.7
JTU61000000JOR           2002        M08                 1.9
JTU61000000JOR           2002        M09                 1.4
JTU61000000JOR           2002        M10                 1.5
JTU61000000JOR           2002        M11                 1.5
JTU61000000JOR           2002        M12                 1.3
JTU61000000JOR           2003        M01                 1.8
JTU61000000JOR           2003        M02                 1.3
JTU61000000JOR           2003        M03                 1.1
JTU61000000JOR           2003        M04                 2.0
JTU61000000JOR           2003        M05                 2.3
JTU61000000JOR           2003        M06                 1.7
JTU61000000JOR           2003        M07                 2.3
JTU61000000JOR           2003        M08                 1.8
JTU61000000JOR           2003        M09                 1.1
JTU61000000JOR           2003        M10                 1.7
JTU61000000JOR           2003        M11                 1.4
JTU61000000JOR           2003        M12                 1.2
JTU61000000JOR           2004        M01                 1.7
JTU61000000JOR           2004        M02                 1.5
JTU61000000JOR           2004        M03                 1.7
JTU61000000JOR           2004        M04                 2.0
JTU61000000JOR           2004        M05                 1.8
JTU61000000JOR           2004        M06                 1.3
JTU61000000JOR           2004        M07                 2.3
JTU61000000JOR           2004        M08                 2.0
JTU61000000JOR           2004        M09                 1.6
JTU61000000JOR           2004        M10                 3.1
JTU61000000JOR           2004        M11                 1.6
JTU61000000JOR           2004        M12                 1.8
JTU61000000JOR           2005        M01                 2.1
JTU61000000JOR           2005        M02                 1.2
JTU61000000JOR           2005        M03                 1.9
JTU61000000JOR           2005        M04                 2.4
JTU61000000JOR           2005        M05                 2.6
JTU61000000JOR           2005        M06                 2.9
JTU61000000JOR           2005        M07                 2.6
JTU61000000JOR           2005        M08                 2.7
JTU61000000JOR           2005        M09                 2.7
JTU61000000JOR           2005        M10                 2.5
JTU61000000JOR           2005        M11                 2.4
JTU61000000JOR           2005        M12                 2.0
JTU61000000JOR           2006        M01                 2.5
JTU61000000JOR           2006        M02                 2.5
JTU61000000JOR           2006        M03                 2.8
JTU61000000JOR           2006        M04                 2.7
JTU61000000JOR           2006        M05                 2.5
JTU61000000JOR           2006        M06                 1.6
JTU61000000JOR           2006        M07                 2.3
JTU61000000JOR           2006        M08                 2.8
JTU61000000JOR           2006        M09                 2.6
JTU61000000JOR           2006        M10                 2.1
JTU61000000JOR           2006        M11                 2.1
JTU61000000JOR           2006        M12                 2.1
JTU61000000JOR           2007        M01                 2.1
JTU61000000JOR           2007        M02                 1.9
JTU61000000JOR           2007        M03                 2.0
JTU61000000JOR           2007        M04                 2.4
JTU61000000JOR           2007        M05                 2.2
JTU61000000JOR           2007        M06                 3.0
JTU61000000JOR           2007        M07                 2.0
JTU61000000JOR           2007        M08                 2.9
JTU61000000JOR           2007        M09                 2.3
JTU61000000JOR           2007        M10                 2.2
JTU61000000JOR           2007        M11                 1.9
JTU61000000JOR           2007        M12                 1.9
JTU61000000JOR           2008        M01                 2.1
JTU61000000JOR           2008        M02                 1.5
JTU61000000JOR           2008        M03                 2.0
JTU61000000JOR           2008        M04                 2.1
JTU61000000JOR           2008        M05                 1.9
JTU61000000JOR           2008        M06                 2.0
JTU61000000JOR           2008        M07                 3.1
JTU61000000JOR           2008        M08                 2.5
JTU61000000JOR           2008        M09                 1.3
JTU61000000JOR           2008        M10                 2.1
JTU61000000JOR           2008        M11                 2.0
JTU61000000JOR           2008        M12                 2.1
JTU61000000JOR           2009        M01                 2.2
JTU61000000JOR           2009        M02                 1.4
JTU61000000JOR           2009        M03                 1.0
JTU61000000JOR           2009        M04                 1.6
JTU61000000JOR           2009        M05                 1.4
JTU61000000JOR           2009        M06                 2.1
JTU61000000JOR           2009        M07                 1.6
JTU61000000JOR           2009        M08                 2.5
JTU61000000JOR           2009        M09                 1.0
JTU61000000JOR           2009        M10                 1.5
JTU61000000JOR           2009        M11                 1.0
JTU61000000JOR           2009        M12                 1.5
JTU61000000JOR           2010        M01                 1.1
JTU61000000JOR           2010        M02                 1.9
JTU61000000JOR           2010        M03                 2.1
JTU61000000JOR           2010        M04                 1.9
JTU61000000JOR           2010        M05                 2.2
JTU61000000JOR           2010        M06                 1.7
JTU61000000JOR           2010        M07                 2.3
JTU61000000JOR           2010        M08                 1.8
JTU61000000JOR           2010        M09                 1.3
JTU61000000JOR           2010        M10                 2.0
JTU61000000JOR           2010        M11                 1.5
JTU61000000JOR           2010        M12                 1.4
JTU61000000JOR           2011        M01                 2.3
JTU61000000JOR           2011        M02                 1.7
JTU61000000JOR           2011        M03                 1.4
JTU61000000JOR           2011        M04                 2.3
JTU61000000JOR           2011        M05                 1.4
JTU61000000JOR           2011        M06                 2.1
JTU61000000JOR           2011        M07                 2.7
JTU61000000JOR           2011        M08                 2.3
JTU61000000JOR           2011        M09                 1.9
JTU61000000JOR           2011        M10                 2.0
JTU61000000JOR           2011        M11                 1.6
JTU61000000JOR           2011        M12                 1.3
JTU61000000JOR           2012        M01                 1.7
JTU61000000JOR           2012        M02                 1.7
JTU61000000JOR           2012        M03                 1.6
JTU61000000JOR           2012        M04                 1.8
JTU61000000JOR           2012        M05                 1.8
JTU61000000JOR           2012        M06                 1.7
JTU61000000JOR           2012        M07                 3.1
JTU61000000JOR           2012        M08                 2.0
JTU61000000JOR           2012        M09                 1.8
JTU61000000JOR           2012        M10                 1.7
JTU61000000JOR           2012        M11                 1.5
JTU61000000JOR           2012        M12                 1.5
JTU61000000JOR           2013        M01                 1.9
JTU61000000JOR           2013        M02                 1.6
JTU61000000JOR           2013        M03                 1.7
JTU61000000JOR           2013        M04                 2.0
JTU61000000JOR           2013        M05                 1.8
JTU61000000JOR           2013        M06                 1.7
JTU61000000JOR           2013        M07                 2.4
JTU61000000JOR           2013        M08                 2.4
JTU61000000JOR           2013        M09                 1.7
JTU61000000JOR           2013        M10                 2.3
JTU61000000JOR           2013        M11                 2.1
JTU61000000JOR           2013        M12                 1.8
JTU61000000JOR           2014        M01                 2.2
JTU61000000JOR           2014        M02                 1.9
JTU61000000JOR           2014        M03                 1.8
JTU61000000JOR           2014        M04                 2.2
JTU61000000JOR           2014        M05                 2.3
JTU61000000JOR           2014        M06                 2.7
JTU61000000JOR           2014        M07                 2.7
JTU61000000JOR           2014        M08                 3.0
JTU61000000JOR           2014        M09                 2.6
JTU61000000JOR           2014        M10                 2.5
JTU61000000JOR           2014        M11                 2.2
JTU61000000JOR           2014        M12                 2.2
JTU61000000JOR           2015        M01                 3.0
JTU61000000JOR           2015        M02                 2.7
JTU61000000JOR           2015        M03                 2.4
JTU61000000JOR           2015        M04                 2.7
JTU61000000JOR           2015        M05                 2.5
JTU61000000JOR           2015        M06                 3.0
JTU61000000JOR           2015        M07                 4.0
JTU61000000JOR           2015        M08                 3.3
JTU61000000JOR           2015        M09                 2.4
JTU61000000JOR           2015        M10                 3.0
JTU61000000JOR           2015        M11                 2.5
JTU61000000JOR           2015        M12                 2.8
JTU61000000JOR           2016        M01                 3.0
JTU61000000JOR           2016        M02                 2.9
JTU61000000JOR           2016        M03                 2.2
JTU61000000JOR           2016        M04                 2.8
JTU61000000JOR           2016        M05                 2.6
JTU61000000JOR           2016        M06                 2.8
JTU61000000JOR           2016        M07                 3.2
JTU61000000JOR           2016        M08                 2.7
JTU61000000JOR           2016        M09                 3.0
JTU61000000JOR           2016        M10                 2.8
JTU61000000JOR           2016        M11                 2.2
JTU61000000JOR           2016        M12                 2.5
JTU61000000JOR           2017        M01                 2.6
JTU61000000JOR           2017        M02                 3.2
JTU61000000JOR           2017        M03                 2.2
JTU61000000JOR           2017        M04                 2.3
JTU61000000JOR           2017        M05                 2.6
JTU61000000JOR           2017        M06                 2.6
JTU61000000JOR           2017        M07                 4.2
JTU61000000JOR           2017        M08                 3.0
JTU61000000JOR           2017        M09                 2.6
JTU61000000JOR           2017        M10                 2.4
JTU61000000JOR           2017        M11                 2.5
JTU61000000JOR           2017        M12                 1.9        p
JTU62000000JOL           2000        M12                 760
JTU62000000JOL           2001        M01                 896
JTU62000000JOL           2001        M02                 725
JTU62000000JOL           2001        M03                 699
JTU62000000JOL           2001        M04                 739
JTU62000000JOL           2001        M05                 669
JTU62000000JOL           2001        M06                 679
JTU62000000JOL           2001        M07                 774
JTU62000000JOL           2001        M08                 810
JTU62000000JOL           2001        M09                 671
JTU62000000JOL           2001        M10                 739
JTU62000000JOL           2001        M11                 607
JTU62000000JOL           2001        M12                 639
JTU62000000JOL           2002        M01                 774
JTU62000000JOL           2002        M02                 646
JTU62000000JOL           2002        M03                 662
JTU62000000JOL           2002        M04                 742
JTU62000000JOL           2002        M05                 582
JTU62000000JOL           2002        M06                 618
JTU62000000JOL           2002        M07                 660
JTU62000000JOL           2002        M08                 651
JTU62000000JOL           2002        M09                 619
JTU62000000JOL           2002        M10                 664
JTU62000000JOL           2002        M11                 611
JTU62000000JOL           2002        M12                 545
JTU62000000JOL           2003        M01                 644
JTU62000000JOL           2003        M02                 539
JTU62000000JOL           2003        M03                 529
JTU62000000JOL           2003        M04                 655
JTU62000000JOL           2003        M05                 599
JTU62000000JOL           2003        M06                 521
JTU62000000JOL           2003        M07                 543
JTU62000000JOL           2003        M08                 506
JTU62000000JOL           2003        M09                 502
JTU62000000JOL           2003        M10                 588
JTU62000000JOL           2003        M11                 489
JTU62000000JOL           2003        M12                 478
JTU62000000JOL           2004        M01                 647
JTU62000000JOL           2004        M02                 530
JTU62000000JOL           2004        M03                 542
JTU62000000JOL           2004        M04                 630
JTU62000000JOL           2004        M05                 548
JTU62000000JOL           2004        M06                 486
JTU62000000JOL           2004        M07                 588
JTU62000000JOL           2004        M08                 536
JTU62000000JOL           2004        M09                 538
JTU62000000JOL           2004        M10                 600
JTU62000000JOL           2004        M11                 516
JTU62000000JOL           2004        M12                 544
JTU62000000JOL           2005        M01                 592
JTU62000000JOL           2005        M02                 562
JTU62000000JOL           2005        M03                 591
JTU62000000JOL           2005        M04                 649
JTU62000000JOL           2005        M05                 592
JTU62000000JOL           2005        M06                 562
JTU62000000JOL           2005        M07                 681
JTU62000000JOL           2005        M08                 590
JTU62000000JOL           2005        M09                 586
JTU62000000JOL           2005        M10                 617
JTU62000000JOL           2005        M11                 541
JTU62000000JOL           2005        M12                 565
JTU62000000JOL           2006        M01                 688
JTU62000000JOL           2006        M02                 642
JTU62000000JOL           2006        M03                 645
JTU62000000JOL           2006        M04                 745
JTU62000000JOL           2006        M05                 620
JTU62000000JOL           2006        M06                 663
JTU62000000JOL           2006        M07                 634
JTU62000000JOL           2006        M08                 697
JTU62000000JOL           2006        M09                 671
JTU62000000JOL           2006        M10                 753
JTU62000000JOL           2006        M11                 653
JTU62000000JOL           2006        M12                 662
JTU62000000JOL           2007        M01                 730
JTU62000000JOL           2007        M02                 633
JTU62000000JOL           2007        M03                 665
JTU62000000JOL           2007        M04                 758
JTU62000000JOL           2007        M05                 713
JTU62000000JOL           2007        M06                 703
JTU62000000JOL           2007        M07                 706
JTU62000000JOL           2007        M08                 709
JTU62000000JOL           2007        M09                 773
JTU62000000JOL           2007        M10                 691
JTU62000000JOL           2007        M11                 648
JTU62000000JOL           2007        M12                 670
JTU62000000JOL           2008        M01                 706
JTU62000000JOL           2008        M02                 726
JTU62000000JOL           2008        M03                 708
JTU62000000JOL           2008        M04                 731
JTU62000000JOL           2008        M05                 671
JTU62000000JOL           2008        M06                 637
JTU62000000JOL           2008        M07                 734
JTU62000000JOL           2008        M08                 625
JTU62000000JOL           2008        M09                 554
JTU62000000JOL           2008        M10                 594
JTU62000000JOL           2008        M11                 529
JTU62000000JOL           2008        M12                 550
JTU62000000JOL           2009        M01                 573
JTU62000000JOL           2009        M02                 496
JTU62000000JOL           2009        M03                 462
JTU62000000JOL           2009        M04                 497
JTU62000000JOL           2009        M05                 480
JTU62000000JOL           2009        M06                 448
JTU62000000JOL           2009        M07                 542
JTU62000000JOL           2009        M08                 476
JTU62000000JOL           2009        M09                 512
JTU62000000JOL           2009        M10                 502
JTU62000000JOL           2009        M11                 460
JTU62000000JOL           2009        M12                 483
JTU62000000JOL           2010        M01                 605
JTU62000000JOL           2010        M02                 454
JTU62000000JOL           2010        M03                 440
JTU62000000JOL           2010        M04                 497
JTU62000000JOL           2010        M05                 433
JTU62000000JOL           2010        M06                 403
JTU62000000JOL           2010        M07                 509
JTU62000000JOL           2010        M08                 424
JTU62000000JOL           2010        M09                 461
JTU62000000JOL           2010        M10                 561
JTU62000000JOL           2010        M11                 463
JTU62000000JOL           2010        M12                 479
JTU62000000JOL           2011        M01                 502
JTU62000000JOL           2011        M02                 469
JTU62000000JOL           2011        M03                 509
JTU62000000JOL           2011        M04                 551
JTU62000000JOL           2011        M05                 523
JTU62000000JOL           2011        M06                 499
JTU62000000JOL           2011        M07                 580
JTU62000000JOL           2011        M08                 554
JTU62000000JOL           2011        M09                 523
JTU62000000JOL           2011        M10                 582
JTU62000000JOL           2011        M11                 553
JTU62000000JOL           2011        M12                 542
JTU62000000JOL           2012        M01                 673
JTU62000000JOL           2012        M02                 598
JTU62000000JOL           2012        M03                 618
JTU62000000JOL           2012        M04                 671
JTU62000000JOL           2012        M05                 632
JTU62000000JOL           2012        M06                 642
JTU62000000JOL           2012        M07                 638
JTU62000000JOL           2012        M08                 584
JTU62000000JOL           2012        M09                 633
JTU62000000JOL           2012        M10                 674
JTU62000000JOL           2012        M11                 617
JTU62000000JOL           2012        M12                 602
JTU62000000JOL           2013        M01                 585
JTU62000000JOL           2013        M02                 605
JTU62000000JOL           2013        M03                 633
JTU62000000JOL           2013        M04                 706
JTU62000000JOL           2013        M05                 610
JTU62000000JOL           2013        M06                 581
JTU62000000JOL           2013        M07                 638
JTU62000000JOL           2013        M08                 658
JTU62000000JOL           2013        M09                 581
JTU62000000JOL           2013        M10                 621
JTU62000000JOL           2013        M11                 576
JTU62000000JOL           2013        M12                 503
JTU62000000JOL           2014        M01                 689
JTU62000000JOL           2014        M02                 619
JTU62000000JOL           2014        M03                 652
JTU62000000JOL           2014        M04                 708
JTU62000000JOL           2014        M05                 727
JTU62000000JOL           2014        M06                 667
JTU62000000JOL           2014        M07                 820
JTU62000000JOL           2014        M08                 837
JTU62000000JOL           2014        M09                 756
JTU62000000JOL           2014        M10                 881
JTU62000000JOL           2014        M11                 682
JTU62000000JOL           2014        M12                 791
JTU62000000JOL           2015        M01                 881
JTU62000000JOL           2015        M02                 811
JTU62000000JOL           2015        M03                 771
JTU62000000JOL           2015        M04                1017
JTU62000000JOL           2015        M05                 863
JTU62000000JOL           2015        M06                 842
JTU62000000JOL           2015        M07                1092
JTU62000000JOL           2015        M08                 933
JTU62000000JOL           2015        M09                 956
JTU62000000JOL           2015        M10                 998
JTU62000000JOL           2015        M11                 940
JTU62000000JOL           2015        M12                 925
JTU62000000JOL           2016        M01                1147
JTU62000000JOL           2016        M02                 893
JTU62000000JOL           2016        M03                 933
JTU62000000JOL           2016        M04                1029
JTU62000000JOL           2016        M05                 938
JTU62000000JOL           2016        M06                 944
JTU62000000JOL           2016        M07                1057
JTU62000000JOL           2016        M08                 944
JTU62000000JOL           2016        M09                 954
JTU62000000JOL           2016        M10                1125
JTU62000000JOL           2016        M11                1007
JTU62000000JOL           2016        M12                1023
JTU62000000JOL           2017        M01                1143
JTU62000000JOL           2017        M02                1077
JTU62000000JOL           2017        M03                 964
JTU62000000JOL           2017        M04                1088
JTU62000000JOL           2017        M05                 967
JTU62000000JOL           2017        M06                1054
JTU62000000JOL           2017        M07                1082
JTU62000000JOL           2017        M08                1082
JTU62000000JOL           2017        M09                1011
JTU62000000JOL           2017        M10                1074
JTU62000000JOL           2017        M11                 957
JTU62000000JOL           2017        M12                1028        p
JTU62000000JOR           2000        M12                 5.5
JTU62000000JOR           2001        M01                 6.4
JTU62000000JOR           2001        M02                 5.2
JTU62000000JOR           2001        M03                 5.0
JTU62000000JOR           2001        M04                 5.3
JTU62000000JOR           2001        M05                 4.8
JTU62000000JOR           2001        M06                 4.9
JTU62000000JOR           2001        M07                 5.5
JTU62000000JOR           2001        M08                 5.7
JTU62000000JOR           2001        M09                 4.8
JTU62000000JOR           2001        M10                 5.2
JTU62000000JOR           2001        M11                 4.3
JTU62000000JOR           2001        M12                 4.5
JTU62000000JOR           2002        M01                 5.4
JTU62000000JOR           2002        M02                 4.5
JTU62000000JOR           2002        M03                 4.6
JTU62000000JOR           2002        M04                 5.1
JTU62000000JOR           2002        M05                 4.1
JTU62000000JOR           2002        M06                 4.3
JTU62000000JOR           2002        M07                 4.6
JTU62000000JOR           2002        M08                 4.5
JTU62000000JOR           2002        M09                 4.3
JTU62000000JOR           2002        M10                 4.6
JTU62000000JOR           2002        M11                 4.2
JTU62000000JOR           2002        M12                 3.8
JTU62000000JOR           2003        M01                 4.4
JTU62000000JOR           2003        M02                 3.7
JTU62000000JOR           2003        M03                 3.6
JTU62000000JOR           2003        M04                 4.4
JTU62000000JOR           2003        M05                 4.1
JTU62000000JOR           2003        M06                 3.5
JTU62000000JOR           2003        M07                 3.7
JTU62000000JOR           2003        M08                 3.5
JTU62000000JOR           2003        M09                 3.4
JTU62000000JOR           2003        M10                 4.0
JTU62000000JOR           2003        M11                 3.3
JTU62000000JOR           2003        M12                 3.2
JTU62000000JOR           2004        M01                 4.3
JTU62000000JOR           2004        M02                 3.6
JTU62000000JOR           2004        M03                 3.6
JTU62000000JOR           2004        M04                 4.2
JTU62000000JOR           2004        M05                 3.7
JTU62000000JOR           2004        M06                 3.2
JTU62000000JOR           2004        M07                 3.9
JTU62000000JOR           2004        M08                 3.6
JTU62000000JOR           2004        M09                 3.6
JTU62000000JOR           2004        M10                 4.0
JTU62000000JOR           2004        M11                 3.4
JTU62000000JOR           2004        M12                 3.6
JTU62000000JOR           2005        M01                 3.9
JTU62000000JOR           2005        M02                 3.7
JTU62000000JOR           2005        M03                 3.9
JTU62000000JOR           2005        M04                 4.2
JTU62000000JOR           2005        M05                 3.8
JTU62000000JOR           2005        M06                 3.6
JTU62000000JOR           2005        M07                 4.4
JTU62000000JOR           2005        M08                 3.8
JTU62000000JOR           2005        M09                 3.8
JTU62000000JOR           2005        M10                 4.0
JTU62000000JOR           2005        M11                 3.5
JTU62000000JOR           2005        M12                 3.6
JTU62000000JOR           2006        M01                 4.4
JTU62000000JOR           2006        M02                 4.1
JTU62000000JOR           2006        M03                 4.1
JTU62000000JOR           2006        M04                 4.7
JTU62000000JOR           2006        M05                 3.9
JTU62000000JOR           2006        M06                 4.2
JTU62000000JOR           2006        M07                 4.0
JTU62000000JOR           2006        M08                 4.4
JTU62000000JOR           2006        M09                 4.2
JTU62000000JOR           2006        M10                 4.7
JTU62000000JOR           2006        M11                 4.1
JTU62000000JOR           2006        M12                 4.1
JTU62000000JOR           2007        M01                 4.5
JTU62000000JOR           2007        M02                 3.9
JTU62000000JOR           2007        M03                 4.1
JTU62000000JOR           2007        M04                 4.6
JTU62000000JOR           2007        M05                 4.3
JTU62000000JOR           2007        M06                 4.3
JTU62000000JOR           2007        M07                 4.3
JTU62000000JOR           2007        M08                 4.3
JTU62000000JOR           2007        M09                 4.7
JTU62000000JOR           2007        M10                 4.2
JTU62000000JOR           2007        M11                 3.9
JTU62000000JOR           2007        M12                 4.0
JTU62000000JOR           2008        M01                 4.2
JTU62000000JOR           2008        M02                 4.3
JTU62000000JOR           2008        M03                 4.2
JTU62000000JOR           2008        M04                 4.3
JTU62000000JOR           2008        M05                 4.0
JTU62000000JOR           2008        M06                 3.8
JTU62000000JOR           2008        M07                 4.3
JTU62000000JOR           2008        M08                 3.7
JTU62000000JOR           2008        M09                 3.3
JTU62000000JOR           2008        M10                 3.5
JTU62000000JOR           2008        M11                 3.1
JTU62000000JOR           2008        M12                 3.2
JTU62000000JOR           2009        M01                 3.4
JTU62000000JOR           2009        M02                 2.9
JTU62000000JOR           2009        M03                 2.7
JTU62000000JOR           2009        M04                 2.9
JTU62000000JOR           2009        M05                 2.8
JTU62000000JOR           2009        M06                 2.6
JTU62000000JOR           2009        M07                 3.2
JTU62000000JOR           2009        M08                 2.8
JTU62000000JOR           2009        M09                 3.0
JTU62000000JOR           2009        M10                 2.9
JTU62000000JOR           2009        M11                 2.7
JTU62000000JOR           2009        M12                 2.8
JTU62000000JOR           2010        M01                 3.5
JTU62000000JOR           2010        M02                 2.7
JTU62000000JOR           2010        M03                 2.6
JTU62000000JOR           2010        M04                 2.9
JTU62000000JOR           2010        M05                 2.5
JTU62000000JOR           2010        M06                 2.3
JTU62000000JOR           2010        M07                 2.9
JTU62000000JOR           2010        M08                 2.5
JTU62000000JOR           2010        M09                 2.7
JTU62000000JOR           2010        M10                 3.2
JTU62000000JOR           2010        M11                 2.7
JTU62000000JOR           2010        M12                 2.7
JTU62000000JOR           2011        M01                 2.9
JTU62000000JOR           2011        M02                 2.7
JTU62000000JOR           2011        M03                 2.9
JTU62000000JOR           2011        M04                 3.1
JTU62000000JOR           2011        M05                 3.0
JTU62000000JOR           2011        M06                 2.8
JTU62000000JOR           2011        M07                 3.3
JTU62000000JOR           2011        M08                 3.1
JTU62000000JOR           2011        M09                 3.0
JTU62000000JOR           2011        M10                 3.3
JTU62000000JOR           2011        M11                 3.1
JTU62000000JOR           2011        M12                 3.0
JTU62000000JOR           2012        M01                 3.8
JTU62000000JOR           2012        M02                 3.3
JTU62000000JOR           2012        M03                 3.4
JTU62000000JOR           2012        M04                 3.7
JTU62000000JOR           2012        M05                 3.5
JTU62000000JOR           2012        M06                 3.6
JTU62000000JOR           2012        M07                 3.5
JTU62000000JOR           2012        M08                 3.2
JTU62000000JOR           2012        M09                 3.5
JTU62000000JOR           2012        M10                 3.7
JTU62000000JOR           2012        M11                 3.4
JTU62000000JOR           2012        M12                 3.3
JTU62000000JOR           2013        M01                 3.2
JTU62000000JOR           2013        M02                 3.3
JTU62000000JOR           2013        M03                 3.5
JTU62000000JOR           2013        M04                 3.8
JTU62000000JOR           2013        M05                 3.3
JTU62000000JOR           2013        M06                 3.2
JTU62000000JOR           2013        M07                 3.5
JTU62000000JOR           2013        M08                 3.6
JTU62000000JOR           2013        M09                 3.2
JTU62000000JOR           2013        M10                 3.4
JTU62000000JOR           2013        M11                 3.1
JTU62000000JOR           2013        M12                 2.7
JTU62000000JOR           2014        M01                 3.7
JTU62000000JOR           2014        M02                 3.4
JTU62000000JOR           2014        M03                 3.5
JTU62000000JOR           2014        M04                 3.8
JTU62000000JOR           2014        M05                 3.9
JTU62000000JOR           2014        M06                 3.6
JTU62000000JOR           2014        M07                 4.4
JTU62000000JOR           2014        M08                 4.4
JTU62000000JOR           2014        M09                 4.0
JTU62000000JOR           2014        M10                 4.6
JTU62000000JOR           2014        M11                 3.6
JTU62000000JOR           2014        M12                 4.1
JTU62000000JOR           2015        M01                 4.6
JTU62000000JOR           2015        M02                 4.2
JTU62000000JOR           2015        M03                 4.0
JTU62000000JOR           2015        M04                 5.2
JTU62000000JOR           2015        M05                 4.5
JTU62000000JOR           2015        M06                 4.3
JTU62000000JOR           2015        M07                 5.6
JTU62000000JOR           2015        M08                 4.8
JTU62000000JOR           2015        M09                 4.9
JTU62000000JOR           2015        M10                 5.0
JTU62000000JOR           2015        M11                 4.8
JTU62000000JOR           2015        M12                 4.7
JTU62000000JOR           2016        M01                 5.8
JTU62000000JOR           2016        M02                 4.5
JTU62000000JOR           2016        M03                 4.7
JTU62000000JOR           2016        M04                 5.2
JTU62000000JOR           2016        M05                 4.7
JTU62000000JOR           2016        M06                 4.7
JTU62000000JOR           2016        M07                 5.3
JTU62000000JOR           2016        M08                 4.7
JTU62000000JOR           2016        M09                 4.8
JTU62000000JOR           2016        M10                 5.5
JTU62000000JOR           2016        M11                 5.0
JTU62000000JOR           2016        M12                 5.0
JTU62000000JOR           2017        M01                 5.6
JTU62000000JOR           2017        M02                 5.3
JTU62000000JOR           2017        M03                 4.8
JTU62000000JOR           2017        M04                 5.3
JTU62000000JOR           2017        M05                 4.7
JTU62000000JOR           2017        M06                 5.1
JTU62000000JOR           2017        M07                 5.3
JTU62000000JOR           2017        M08                 5.3
JTU62000000JOR           2017        M09                 4.9
JTU62000000JOR           2017        M10                 5.2
JTU62000000JOR           2017        M11                 4.6
JTU62000000JOR           2017        M12                 5.0        p
JTU70000000JOL           2000        M12                 443
JTU70000000JOL           2001        M01                 694
JTU70000000JOL           2001        M02                 558
JTU70000000JOL           2001        M03                 703
JTU70000000JOL           2001        M04                 718
JTU70000000JOL           2001        M05                 646
JTU70000000JOL           2001        M06                 440
JTU70000000JOL           2001        M07                 696
JTU70000000JOL           2001        M08                 589
JTU70000000JOL           2001        M09                 544
JTU70000000JOL           2001        M10                 443
JTU70000000JOL           2001        M11                 415
JTU70000000JOL           2001        M12                 345
JTU70000000JOL           2002        M01                 378
JTU70000000JOL           2002        M02                 378
JTU70000000JOL           2002        M03                 447
JTU70000000JOL           2002        M04                 506
JTU70000000JOL           2002        M05                 439
JTU70000000JOL           2002        M06                 346
JTU70000000JOL           2002        M07                 440
JTU70000000JOL           2002        M08                 425
JTU70000000JOL           2002        M09                 347
JTU70000000JOL           2002        M10                 382
JTU70000000JOL           2002        M11                 370
JTU70000000JOL           2002        M12                 279
JTU70000000JOL           2003        M01                 393
JTU70000000JOL           2003        M02                 323
JTU70000000JOL           2003        M03                 367
JTU70000000JOL           2003        M04                 463
JTU70000000JOL           2003        M05                 394
JTU70000000JOL           2003        M06                 410
JTU70000000JOL           2003        M07                 437
JTU70000000JOL           2003        M08                 370
JTU70000000JOL           2003        M09                 372
JTU70000000JOL           2003        M10                 435
JTU70000000JOL           2003        M11                 336
JTU70000000JOL           2003        M12                 379
JTU70000000JOL           2004        M01                 433
JTU70000000JOL           2004        M02                 404
JTU70000000JOL           2004        M03                 453
JTU70000000JOL           2004        M04                 493
JTU70000000JOL           2004        M05                 447
JTU70000000JOL           2004        M06                 451
JTU70000000JOL           2004        M07                 540
JTU70000000JOL           2004        M08                 486
JTU70000000JOL           2004        M09                 429
JTU70000000JOL           2004        M10                 479
JTU70000000JOL           2004        M11                 363
JTU70000000JOL           2004        M12                 355
JTU70000000JOL           2005        M01                 476
JTU70000000JOL           2005        M02                 513
JTU70000000JOL           2005        M03                 506
JTU70000000JOL           2005        M04                 687
JTU70000000JOL           2005        M05                 526
JTU70000000JOL           2005        M06                 481
JTU70000000JOL           2005        M07                 614
JTU70000000JOL           2005        M08                 489
JTU70000000JOL           2005        M09                 438
JTU70000000JOL           2005        M10                 492
JTU70000000JOL           2005        M11                 483
JTU70000000JOL           2005        M12                 436
JTU70000000JOL           2006        M01                 530
JTU70000000JOL           2006        M02                 553
JTU70000000JOL           2006        M03                 625
JTU70000000JOL           2006        M04                 743
JTU70000000JOL           2006        M05                 601
JTU70000000JOL           2006        M06                 511
JTU70000000JOL           2006        M07                 603
JTU70000000JOL           2006        M08                 547
JTU70000000JOL           2006        M09                 539
JTU70000000JOL           2006        M10                 626
JTU70000000JOL           2006        M11                 572
JTU70000000JOL           2006        M12                 489
JTU70000000JOL           2007        M01                 517
JTU70000000JOL           2007        M02                 535
JTU70000000JOL           2007        M03                 621
JTU70000000JOL           2007        M04                 663
JTU70000000JOL           2007        M05                 647
JTU70000000JOL           2007        M06                 580
JTU70000000JOL           2007        M07                 642
JTU70000000JOL           2007        M08                 649
JTU70000000JOL           2007        M09                 630
JTU70000000JOL           2007        M10                 638
JTU70000000JOL           2007        M11                 551
JTU70000000JOL           2007        M12                 493
JTU70000000JOL           2008        M01                 545
JTU70000000JOL           2008        M02                 528
JTU70000000JOL           2008        M03                 570
JTU70000000JOL           2008        M04                 633
JTU70000000JOL           2008        M05                 580
JTU70000000JOL           2008        M06                 477
JTU70000000JOL           2008        M07                 490
JTU70000000JOL           2008        M08                 414
JTU70000000JOL           2008        M09                 413
JTU70000000JOL           2008        M10                 407
JTU70000000JOL           2008        M11                 254
JTU70000000JOL           2008        M12                 226
JTU70000000JOL           2009        M01                 204
JTU70000000JOL           2009        M02                 279
JTU70000000JOL           2009        M03                 287
JTU70000000JOL           2009        M04                 353
JTU70000000JOL           2009        M05                 296
JTU70000000JOL           2009        M06                 261
JTU70000000JOL           2009        M07                 259
JTU70000000JOL           2009        M08                 212
JTU70000000JOL           2009        M09                 304
JTU70000000JOL           2009        M10                 269
JTU70000000JOL           2009        M11                 190
JTU70000000JOL           2009        M12                 170
JTU70000000JOL           2010        M01                 232
JTU70000000JOL           2010        M02                 216
JTU70000000JOL           2010        M03                 242
JTU70000000JOL           2010        M04                 344
JTU70000000JOL           2010        M05                 317
JTU70000000JOL           2010        M06                 290
JTU70000000JOL           2010        M07                 347
JTU70000000JOL           2010        M08                 362
JTU70000000JOL           2010        M09                 299
JTU70000000JOL           2010        M10                 317
JTU70000000JOL           2010        M11                 218
JTU70000000JOL           2010        M12                 202
JTU70000000JOL           2011        M01                 285
JTU70000000JOL           2011        M02                 377
JTU70000000JOL           2011        M03                 392
JTU70000000JOL           2011        M04                 398
JTU70000000JOL           2011        M05                 349
JTU70000000JOL           2011        M06                 377
JTU70000000JOL           2011        M07                 367
JTU70000000JOL           2011        M08                 393
JTU70000000JOL           2011        M09                 430
JTU70000000JOL           2011        M10                 422
JTU70000000JOL           2011        M11                 338
JTU70000000JOL           2011        M12                 314
JTU70000000JOL           2012        M01                 408
JTU70000000JOL           2012        M02                 378
JTU70000000JOL           2012        M03                 445
JTU70000000JOL           2012        M04                 567
JTU70000000JOL           2012        M05                 468
JTU70000000JOL           2012        M06                 482
JTU70000000JOL           2012        M07                 522
JTU70000000JOL           2012        M08                 453
JTU70000000JOL           2012        M09                 379
JTU70000000JOL           2012        M10                 457
JTU70000000JOL           2012        M11                 410
JTU70000000JOL           2012        M12                 366
JTU70000000JOL           2013        M01                 419
JTU70000000JOL           2013        M02                 468
JTU70000000JOL           2013        M03                 520
JTU70000000JOL           2013        M04                 563
JTU70000000JOL           2013        M05                 477
JTU70000000JOL           2013        M06                 514
JTU70000000JOL           2013        M07                 581
JTU70000000JOL           2013        M08                 576
JTU70000000JOL           2013        M09                 541
JTU70000000JOL           2013        M10                 550
JTU70000000JOL           2013        M11                 485
JTU70000000JOL           2013        M12                 444
JTU70000000JOL           2014        M01                 543
JTU70000000JOL           2014        M02                 577
JTU70000000JOL           2014        M03                 644
JTU70000000JOL           2014        M04                 789
JTU70000000JOL           2014        M05                 766
JTU70000000JOL           2014        M06                 721
JTU70000000JOL           2014        M07                 651
JTU70000000JOL           2014        M08                 732
JTU70000000JOL           2014        M09                 655
JTU70000000JOL           2014        M10                 723
JTU70000000JOL           2014        M11                 551
JTU70000000JOL           2014        M12                 536
JTU70000000JOL           2015        M01                 706
JTU70000000JOL           2015        M02                 726
JTU70000000JOL           2015        M03                 769
JTU70000000JOL           2015        M04                 866
JTU70000000JOL           2015        M05                 751
JTU70000000JOL           2015        M06                 680
JTU70000000JOL           2015        M07                 835
JTU70000000JOL           2015        M08                 753
JTU70000000JOL           2015        M09                 677
JTU70000000JOL           2015        M10                 767
JTU70000000JOL           2015        M11                 665
JTU70000000JOL           2015        M12                 576
JTU70000000JOL           2016        M01                 660
JTU70000000JOL           2016        M02                 773
JTU70000000JOL           2016        M03                 861
JTU70000000JOL           2016        M04                 903
JTU70000000JOL           2016        M05                 781
JTU70000000JOL           2016        M06                 744
JTU70000000JOL           2016        M07                 806
JTU70000000JOL           2016        M08                 794
JTU70000000JOL           2016        M09                 691
JTU70000000JOL           2016        M10                 753
JTU70000000JOL           2016        M11                 677
JTU70000000JOL           2016        M12                 569
JTU70000000JOL           2017        M01                 643
JTU70000000JOL           2017        M02                 800
JTU70000000JOL           2017        M03                 757
JTU70000000JOL           2017        M04                 978
JTU70000000JOL           2017        M05                 847
JTU70000000JOL           2017        M06                 819
JTU70000000JOL           2017        M07                 899
JTU70000000JOL           2017        M08                 929
JTU70000000JOL           2017        M09                 720
JTU70000000JOL           2017        M10                 867
JTU70000000JOL           2017        M11                 762
JTU70000000JOL           2017        M12                 727        p
JTU70000000JOR           2000        M12                 3.7
JTU70000000JOR           2001        M01                 5.8
JTU70000000JOR           2001        M02                 4.6
JTU70000000JOR           2001        M03                 5.7
JTU70000000JOR           2001        M04                 5.7
JTU70000000JOR           2001        M05                 5.0
JTU70000000JOR           2001        M06                 3.4
JTU70000000JOR           2001        M07                 5.2
JTU70000000JOR           2001        M08                 4.4
JTU70000000JOR           2001        M09                 4.2
JTU70000000JOR           2001        M10                 3.6
JTU70000000JOR           2001        M11                 3.4
JTU70000000JOR           2001        M12                 2.9
JTU70000000JOR           2002        M01                 3.2
JTU70000000JOR           2002        M02                 3.2
JTU70000000JOR           2002        M03                 3.7
JTU70000000JOR           2002        M04                 4.1
JTU70000000JOR           2002        M05                 3.5
JTU70000000JOR           2002        M06                 2.7
JTU70000000JOR           2002        M07                 3.4
JTU70000000JOR           2002        M08                 3.3
JTU70000000JOR           2002        M09                 2.8
JTU70000000JOR           2002        M10                 3.1
JTU70000000JOR           2002        M11                 3.0
JTU70000000JOR           2002        M12                 2.3
JTU70000000JOR           2003        M01                 3.3
JTU70000000JOR           2003        M02                 2.7
JTU70000000JOR           2003        M03                 3.0
JTU70000000JOR           2003        M04                 3.7
JTU70000000JOR           2003        M05                 3.1
JTU70000000JOR           2003        M06                 3.1
JTU70000000JOR           2003        M07                 3.3
JTU70000000JOR           2003        M08                 2.8
JTU70000000JOR           2003        M09                 2.9
JTU70000000JOR           2003        M10                 3.4
JTU70000000JOR           2003        M11                 2.7
JTU70000000JOR           2003        M12                 3.1
JTU70000000JOR           2004        M01                 3.5
JTU70000000JOR           2004        M02                 3.3
JTU70000000JOR           2004        M03                 3.6
JTU70000000JOR           2004        M04                 3.8
JTU70000000JOR           2004        M05                 3.4
JTU70000000JOR           2004        M06                 3.3
JTU70000000JOR           2004        M07                 3.9
JTU70000000JOR           2004        M08                 3.6
JTU70000000JOR           2004        M09                 3.3
JTU70000000JOR           2004        M10                 3.7
JTU70000000JOR           2004        M11                 2.9
JTU70000000JOR           2004        M12                 2.8
JTU70000000JOR           2005        M01                 3.8
JTU70000000JOR           2005        M02                 4.1
JTU70000000JOR           2005        M03                 3.9
JTU70000000JOR           2005        M04                 5.1
JTU70000000JOR           2005        M05                 3.9
JTU70000000JOR           2005        M06                 3.5
JTU70000000JOR           2005        M07                 4.3
JTU70000000JOR           2005        M08                 3.5
JTU70000000JOR           2005        M09                 3.2
JTU70000000JOR           2005        M10                 3.7
JTU70000000JOR           2005        M11                 3.7
JTU70000000JOR           2005        M12                 3.3
JTU70000000JOR           2006        M01                 4.1
JTU70000000JOR           2006        M02                 4.3
JTU70000000JOR           2006        M03                 4.7
JTU70000000JOR           2006        M04                 5.4
JTU70000000JOR           2006        M05                 4.3
JTU70000000JOR           2006        M06                 3.6
JTU70000000JOR           2006        M07                 4.2
JTU70000000JOR           2006        M08                 3.8
JTU70000000JOR           2006        M09                 3.9
JTU70000000JOR           2006        M10                 4.6
JTU70000000JOR           2006        M11                 4.2
JTU70000000JOR           2006        M12                 3.6
JTU70000000JOR           2007        M01                 3.9
JTU70000000JOR           2007        M02                 4.0
JTU70000000JOR           2007        M03                 4.6
JTU70000000JOR           2007        M04                 4.8
JTU70000000JOR           2007        M05                 4.5
JTU70000000JOR           2007        M06                 4.0
JTU70000000JOR           2007        M07                 4.4
JTU70000000JOR           2007        M08                 4.4
JTU70000000JOR           2007        M09                 4.4
JTU70000000JOR           2007        M10                 4.5
JTU70000000JOR           2007        M11                 4.0
JTU70000000JOR           2007        M12                 3.6
JTU70000000JOR           2008        M01                 4.1
JTU70000000JOR           2008        M02                 3.9
JTU70000000JOR           2008        M03                 4.1
JTU70000000JOR           2008        M04                 4.5
JTU70000000JOR           2008        M05                 4.1
JTU70000000JOR           2008        M06                 3.3
JTU70000000JOR           2008        M07                 3.4
JTU70000000JOR           2008        M08                 2.9
JTU70000000JOR           2008        M09                 3.0
JTU70000000JOR           2008        M10                 3.0
JTU70000000JOR           2008        M11                 1.9
JTU70000000JOR           2008        M12                 1.7
JTU70000000JOR           2009        M01                 1.6
JTU70000000JOR           2009        M02                 2.2
JTU70000000JOR           2009        M03                 2.2
JTU70000000JOR           2009        M04                 2.7
JTU70000000JOR           2009        M05                 2.2
JTU70000000JOR           2009        M06                 1.9
JTU70000000JOR           2009        M07                 1.9
JTU70000000JOR           2009        M08                 1.5
JTU70000000JOR           2009        M09                 2.2
JTU70000000JOR           2009        M10                 2.0
JTU70000000JOR           2009        M11                 1.5
JTU70000000JOR           2009        M12                 1.3
JTU70000000JOR           2010        M01                 1.8
JTU70000000JOR           2010        M02                 1.7
JTU70000000JOR           2010        M03                 1.9
JTU70000000JOR           2010        M04                 2.6
JTU70000000JOR           2010        M05                 2.3
JTU70000000JOR           2010        M06                 2.1
JTU70000000JOR           2010        M07                 2.5
JTU70000000JOR           2010        M08                 2.6
JTU70000000JOR           2010        M09                 2.2
JTU70000000JOR           2010        M10                 2.4
JTU70000000JOR           2010        M11                 1.7
JTU70000000JOR           2010        M12                 1.6
JTU70000000JOR           2011        M01                 2.2
JTU70000000JOR           2011        M02                 2.9
JTU70000000JOR           2011        M03                 3.0
JTU70000000JOR           2011        M04                 2.9
JTU70000000JOR           2011        M05                 2.5
JTU70000000JOR           2011        M06                 2.6
JTU70000000JOR           2011        M07                 2.5
JTU70000000JOR           2011        M08                 2.7
JTU70000000JOR           2011        M09                 3.1
JTU70000000JOR           2011        M10                 3.0
JTU70000000JOR           2011        M11                 2.5
JTU70000000JOR           2011        M12                 2.3
JTU70000000JOR           2012        M01                 3.1
JTU70000000JOR           2012        M02                 2.8
JTU70000000JOR           2012        M03                 3.2
JTU70000000JOR           2012        M04                 4.0
JTU70000000JOR           2012        M05                 3.2
JTU70000000JOR           2012        M06                 3.3
JTU70000000JOR           2012        M07                 3.5
JTU70000000JOR           2012        M08                 3.0
JTU70000000JOR           2012        M09                 2.6
JTU70000000JOR           2012        M10                 3.2
JTU70000000JOR           2012        M11                 2.9
JTU70000000JOR           2012        M12                 2.6
JTU70000000JOR           2013        M01                 3.1
JTU70000000JOR           2013        M02                 3.4
JTU70000000JOR           2013        M03                 3.6
JTU70000000JOR           2013        M04                 3.8
JTU70000000JOR           2013        M05                 3.2
JTU70000000JOR           2013        M06                 3.3
JTU70000000JOR           2013        M07                 3.7
JTU70000000JOR           2013        M08                 3.7
JTU70000000JOR           2013        M09                 3.6
JTU70000000JOR           2013        M10                 3.7
JTU70000000JOR           2013        M11                 3.3
JTU70000000JOR           2013        M12                 3.0
JTU70000000JOR           2014        M01                 3.8
JTU70000000JOR           2014        M02                 4.0
JTU70000000JOR           2014        M03                 4.3
JTU70000000JOR           2014        M04                 5.2
JTU70000000JOR           2014        M05                 4.9
JTU70000000JOR           2014        M06                 4.5
JTU70000000JOR           2014        M07                 4.1
JTU70000000JOR           2014        M08                 4.5
JTU70000000JOR           2014        M09                 4.2
JTU70000000JOR           2014        M10                 4.7
JTU70000000JOR           2014        M11                 3.6
JTU70000000JOR           2014        M12                 3.6
JTU70000000JOR           2015        M01                 4.7
JTU70000000JOR           2015        M02                 4.8
JTU70000000JOR           2015        M03                 5.0
JTU70000000JOR           2015        M04                 5.5
JTU70000000JOR           2015        M05                 4.7
JTU70000000JOR           2015        M06                 4.1
JTU70000000JOR           2015        M07                 5.0
JTU70000000JOR           2015        M08                 4.5
JTU70000000JOR           2015        M09                 4.2
JTU70000000JOR           2015        M10                 4.8
JTU70000000JOR           2015        M11                 4.2
JTU70000000JOR           2015        M12                 3.7
JTU70000000JOR           2016        M01                 4.3
JTU70000000JOR           2016        M02                 4.9
JTU70000000JOR           2016        M03                 5.4
JTU70000000JOR           2016        M04                 5.5
JTU70000000JOR           2016        M05                 4.7
JTU70000000JOR           2016        M06                 4.4
JTU70000000JOR           2016        M07                 4.7
JTU70000000JOR           2016        M08                 4.6
JTU70000000JOR           2016        M09                 4.2
JTU70000000JOR           2016        M10                 4.6
JTU70000000JOR           2016        M11                 4.2
JTU70000000JOR           2016        M12                 3.6
JTU70000000JOR           2017        M01                 4.1
JTU70000000JOR           2017        M02                 5.0
JTU70000000JOR           2017        M03                 4.7
JTU70000000JOR           2017        M04                 5.8
JTU70000000JOR           2017        M05                 5.0
JTU70000000JOR           2017        M06                 4.7
JTU70000000JOR           2017        M07                 5.1
JTU70000000JOR           2017        M08                 5.3
JTU70000000JOR           2017        M09                 4.3
JTU70000000JOR           2017        M10                 5.2
JTU70000000JOR           2017        M11                 4.6
JTU70000000JOR           2017        M12                 4.4        p
JTU71000000JOL           2000        M12                  22
JTU71000000JOL           2001        M01                  68
JTU71000000JOL           2001        M02                  57
JTU71000000JOL           2001        M03                 120
JTU71000000JOL           2001        M04                  66
JTU71000000JOL           2001        M05                  76
JTU71000000JOL           2001        M06                  56
JTU71000000JOL           2001        M07                  82
JTU71000000JOL           2001        M08                  63
JTU71000000JOL           2001        M09                  61
JTU71000000JOL           2001        M10                  55
JTU71000000JOL           2001        M11                  51
JTU71000000JOL           2001        M12                  36
JTU71000000JOL           2002        M01                  49
JTU71000000JOL           2002        M02                  69
JTU71000000JOL           2002        M03                  79
JTU71000000JOL           2002        M04                  67
JTU71000000JOL           2002        M05                  67
JTU71000000JOL           2002        M06                  46
JTU71000000JOL           2002        M07                  32
JTU71000000JOL           2002        M08                  61
JTU71000000JOL           2002        M09                  31
JTU71000000JOL           2002        M10                  49
JTU71000000JOL           2002        M11                  50
JTU71000000JOL           2002        M12                  27
JTU71000000JOL           2003        M01                  34
JTU71000000JOL           2003        M02                  60
JTU71000000JOL           2003        M03                  32
JTU71000000JOL           2003        M04                  64
JTU71000000JOL           2003        M05                  49
JTU71000000JOL           2003        M06                  64
JTU71000000JOL           2003        M07                  63
JTU71000000JOL           2003        M08                  46
JTU71000000JOL           2003        M09                  40
JTU71000000JOL           2003        M10                  49
JTU71000000JOL           2003        M11                  38
JTU71000000JOL           2003        M12                  32
JTU71000000JOL           2004        M01                  60
JTU71000000JOL           2004        M02                  53
JTU71000000JOL           2004        M03                  49
JTU71000000JOL           2004        M04                  53
JTU71000000JOL           2004        M05                  74
JTU71000000JOL           2004        M06                  47
JTU71000000JOL           2004        M07                  39
JTU71000000JOL           2004        M08                  78
JTU71000000JOL           2004        M09                  65
JTU71000000JOL           2004        M10                  50
JTU71000000JOL           2004        M11                  51
JTU71000000JOL           2004        M12                  48
JTU71000000JOL           2005        M01                  56
JTU71000000JOL           2005        M02                  63
JTU71000000JOL           2005        M03                  62
JTU71000000JOL           2005        M04                  97
JTU71000000JOL           2005        M05                  78
JTU71000000JOL           2005        M06                  69
JTU71000000JOL           2005        M07                  91
JTU71000000JOL           2005        M08                  74
JTU71000000JOL           2005        M09                  45
JTU71000000JOL           2005        M10                  62
JTU71000000JOL           2005        M11                  54
JTU71000000JOL           2005        M12                  37
JTU71000000JOL           2006        M01                  63
JTU71000000JOL           2006        M02                  58
JTU71000000JOL           2006        M03                  58
JTU71000000JOL           2006        M04                  96
JTU71000000JOL           2006        M05                  66
JTU71000000JOL           2006        M06                  57
JTU71000000JOL           2006        M07                  65
JTU71000000JOL           2006        M08                  57
JTU71000000JOL           2006        M09                  97
JTU71000000JOL           2006        M10                 107
JTU71000000JOL           2006        M11                  70
JTU71000000JOL           2006        M12                  39
JTU71000000JOL           2007        M01                  66
JTU71000000JOL           2007        M02                  71
JTU71000000JOL           2007        M03                  71
JTU71000000JOL           2007        M04                 105
JTU71000000JOL           2007        M05                  88
JTU71000000JOL           2007        M06                  68
JTU71000000JOL           2007        M07                  57
JTU71000000JOL           2007        M08                  68
JTU71000000JOL           2007        M09                  63
JTU71000000JOL           2007        M10                  69
JTU71000000JOL           2007        M11                  81
JTU71000000JOL           2007        M12                  25
JTU71000000JOL           2008        M01                  49
JTU71000000JOL           2008        M02                  73
JTU71000000JOL           2008        M03                  69
JTU71000000JOL           2008        M04                  74
JTU71000000JOL           2008        M05                  80
JTU71000000JOL           2008        M06                  49
JTU71000000JOL           2008        M07                  47
JTU71000000JOL           2008        M08                  71
JTU71000000JOL           2008        M09                  40
JTU71000000JOL           2008        M10                  49
JTU71000000JOL           2008        M11                  29
JTU71000000JOL           2008        M12                  23
JTU71000000JOL           2009        M01                  24
JTU71000000JOL           2009        M02                  22
JTU71000000JOL           2009        M03                  22
JTU71000000JOL           2009        M04                  31
JTU71000000JOL           2009        M05                  28
JTU71000000JOL           2009        M06                  15
JTU71000000JOL           2009        M07                  14
JTU71000000JOL           2009        M08                  23
JTU71000000JOL           2009        M09                  26
JTU71000000JOL           2009        M10                  29
JTU71000000JOL           2009        M11                  21
JTU71000000JOL           2009        M12                  11
JTU71000000JOL           2010        M01                  14
JTU71000000JOL           2010        M02                  19
JTU71000000JOL           2010        M03                  28
JTU71000000JOL           2010        M04                  35
JTU71000000JOL           2010        M05                  57
JTU71000000JOL           2010        M06                  47
JTU71000000JOL           2010        M07                  38
JTU71000000JOL           2010        M08                  44
JTU71000000JOL           2010        M09                  34
JTU71000000JOL           2010        M10                  34
JTU71000000JOL           2010        M11                  24
JTU71000000JOL           2010        M12                  27
JTU71000000JOL           2011        M01                  30
JTU71000000JOL           2011        M02                  49
JTU71000000JOL           2011        M03                  44
JTU71000000JOL           2011        M04                  44
JTU71000000JOL           2011        M05                  47
JTU71000000JOL           2011        M06                  54
JTU71000000JOL           2011        M07                  64
JTU71000000JOL           2011        M08                  46
JTU71000000JOL           2011        M09                  54
JTU71000000JOL           2011        M10                  56
JTU71000000JOL           2011        M11                  44
JTU71000000JOL           2011        M12                  23
JTU71000000JOL           2012        M01                  60
JTU71000000JOL           2012        M02                  53
JTU71000000JOL           2012        M03                  49
JTU71000000JOL           2012        M04                 106
JTU71000000JOL           2012        M05                  73
JTU71000000JOL           2012        M06                  47
JTU71000000JOL           2012        M07                  52
JTU71000000JOL           2012        M08                  63
JTU71000000JOL           2012        M09                  47
JTU71000000JOL           2012        M10                  52
JTU71000000JOL           2012        M11                  46
JTU71000000JOL           2012        M12                  42
JTU71000000JOL           2013        M01                  49
JTU71000000JOL           2013        M02                  53
JTU71000000JOL           2013        M03                  60
JTU71000000JOL           2013        M04                  67
JTU71000000JOL           2013        M05                  57
JTU71000000JOL           2013        M06                  43
JTU71000000JOL           2013        M07                  43
JTU71000000JOL           2013        M08                  86
JTU71000000JOL           2013        M09                  56
JTU71000000JOL           2013        M10                  88
JTU71000000JOL           2013        M11                  71
JTU71000000JOL           2013        M12                  52
JTU71000000JOL           2014        M01                  92
JTU71000000JOL           2014        M02                  66
JTU71000000JOL           2014        M03                  61
JTU71000000JOL           2014        M04                 120
JTU71000000JOL           2014        M05                 110
JTU71000000JOL           2014        M06                  66
JTU71000000JOL           2014        M07                  62
JTU71000000JOL           2014        M08                  85
JTU71000000JOL           2014        M09                  50
JTU71000000JOL           2014        M10                  58
JTU71000000JOL           2014        M11                  41
JTU71000000JOL           2014        M12                  51
JTU71000000JOL           2015        M01                  68
JTU71000000JOL           2015        M02                  63
JTU71000000JOL           2015        M03                 101
JTU71000000JOL           2015        M04                  97
JTU71000000JOL           2015        M05                  82
JTU71000000JOL           2015        M06                  61
JTU71000000JOL           2015        M07                  62
JTU71000000JOL           2015        M08                  56
JTU71000000JOL           2015        M09                  51
JTU71000000JOL           2015        M10                  58
JTU71000000JOL           2015        M11                  58
JTU71000000JOL           2015        M12                  47
JTU71000000JOL           2016        M01                  70
JTU71000000JOL           2016        M02                  63
JTU71000000JOL           2016        M03                 108
JTU71000000JOL           2016        M04                 119
JTU71000000JOL           2016        M05                  88
JTU71000000JOL           2016        M06                  84
JTU71000000JOL           2016        M07                 102
JTU71000000JOL           2016        M08                  83
JTU71000000JOL           2016        M09                  60
JTU71000000JOL           2016        M10                  98
JTU71000000JOL           2016        M11                  82
JTU71000000JOL           2016        M12                  62
JTU71000000JOL           2017        M01                  80
JTU71000000JOL           2017        M02                  85
JTU71000000JOL           2017        M03                  81
JTU71000000JOL           2017        M04                  93
JTU71000000JOL           2017        M05                  66
JTU71000000JOL           2017        M06                  87
JTU71000000JOL           2017        M07                  82
JTU71000000JOL           2017        M08                  87
JTU71000000JOL           2017        M09                  74
JTU71000000JOL           2017        M10                  82
JTU71000000JOL           2017        M11                  64
JTU71000000JOL           2017        M12                  59        p
JTU71000000JOR           2000        M12                 1.3
JTU71000000JOR           2001        M01                 4.2
JTU71000000JOR           2001        M02                 3.5
JTU71000000JOR           2001        M03                 6.8
JTU71000000JOR           2001        M04                 3.6
JTU71000000JOR           2001        M05                 3.8
JTU71000000JOR           2001        M06                 2.6
JTU71000000JOR           2001        M07                 3.7
JTU71000000JOR           2001        M08                 2.9
JTU71000000JOR           2001        M09                 3.1
JTU71000000JOR           2001        M10                 3.0
JTU71000000JOR           2001        M11                 3.0
JTU71000000JOR           2001        M12                 2.1
JTU71000000JOR           2002        M01                 3.0
JTU71000000JOR           2002        M02                 4.1
JTU71000000JOR           2002        M03                 4.6
JTU71000000JOR           2002        M04                 3.8
JTU71000000JOR           2002        M05                 3.5
JTU71000000JOR           2002        M06                 2.3
JTU71000000JOR           2002        M07                 1.5
JTU71000000JOR           2002        M08                 3.0
JTU71000000JOR           2002        M09                 1.7
JTU71000000JOR           2002        M10                 2.7
JTU71000000JOR           2002        M11                 2.9
JTU71000000JOR           2002        M12                 1.6
JTU71000000JOR           2003        M01                 2.1
JTU71000000JOR           2003        M02                 3.5
JTU71000000JOR           2003        M03                 1.9
JTU71000000JOR           2003        M04                 3.5
JTU71000000JOR           2003        M05                 2.5
JTU71000000JOR           2003        M06                 3.0
JTU71000000JOR           2003        M07                 2.9
JTU71000000JOR           2003        M08                 2.2
JTU71000000JOR           2003        M09                 2.1
JTU71000000JOR           2003        M10                 2.7
JTU71000000JOR           2003        M11                 2.2
JTU71000000JOR           2003        M12                 1.9
JTU71000000JOR           2004        M01                 3.6
JTU71000000JOR           2004        M02                 3.1
JTU71000000JOR           2004        M03                 2.8
JTU71000000JOR           2004        M04                 2.9
JTU71000000JOR           2004        M05                 3.7
JTU71000000JOR           2004        M06                 2.2
JTU71000000JOR           2004        M07                 1.8
JTU71000000JOR           2004        M08                 3.6
JTU71000000JOR           2004        M09                 3.2
JTU71000000JOR           2004        M10                 2.7
JTU71000000JOR           2004        M11                 2.9
JTU71000000JOR           2004        M12                 2.8
JTU71000000JOR           2005        M01                 3.3
JTU71000000JOR           2005        M02                 3.7
JTU71000000JOR           2005        M03                 3.5
JTU71000000JOR           2005        M04                 5.0
JTU71000000JOR           2005        M05                 3.8
JTU71000000JOR           2005        M06                 3.1
JTU71000000JOR           2005        M07                 4.0
JTU71000000JOR           2005        M08                 3.3
JTU71000000JOR           2005        M09                 2.2
JTU71000000JOR           2005        M10                 3.2
JTU71000000JOR           2005        M11                 3.0
JTU71000000JOR           2005        M12                 2.1
JTU71000000JOR           2006        M01                 3.6
JTU71000000JOR           2006        M02                 3.3
JTU71000000JOR           2006        M03                 3.2
JTU71000000JOR           2006        M04                 4.9
JTU71000000JOR           2006        M05                 3.2
JTU71000000JOR           2006        M06                 2.5
JTU71000000JOR           2006        M07                 2.8
JTU71000000JOR           2006        M08                 2.5
JTU71000000JOR           2006        M09                 4.6
JTU71000000JOR           2006        M10                 5.3
JTU71000000JOR           2006        M11                 3.7
JTU71000000JOR           2006        M12                 2.1
JTU71000000JOR           2007        M01                 3.7
JTU71000000JOR           2007        M02                 3.9
JTU71000000JOR           2007        M03                 3.8
JTU71000000JOR           2007        M04                 5.2
JTU71000000JOR           2007        M05                 4.1
JTU71000000JOR           2007        M06                 3.0
JTU71000000JOR           2007        M07                 2.5
JTU71000000JOR           2007        M08                 3.0
JTU71000000JOR           2007        M09                 3.0
JTU71000000JOR           2007        M10                 3.4
JTU71000000JOR           2007        M11                 4.2
JTU71000000JOR           2007        M12                 1.4
JTU71000000JOR           2008        M01                 2.7
JTU71000000JOR           2008        M02                 3.9
JTU71000000JOR           2008        M03                 3.6
JTU71000000JOR           2008        M04                 3.7
JTU71000000JOR           2008        M05                 3.7
JTU71000000JOR           2008        M06                 2.2
JTU71000000JOR           2008        M07                 2.0
JTU71000000JOR           2008        M08                 3.1
JTU71000000JOR           2008        M09                 2.0
JTU71000000JOR           2008        M10                 2.5
JTU71000000JOR           2008        M11                 1.6
JTU71000000JOR           2008        M12                 1.3
JTU71000000JOR           2009        M01                 1.4
JTU71000000JOR           2009        M02                 1.2
JTU71000000JOR           2009        M03                 1.2
JTU71000000JOR           2009        M04                 1.6
JTU71000000JOR           2009        M05                 1.4
JTU71000000JOR           2009        M06                 0.7
JTU71000000JOR           2009        M07                 0.6
JTU71000000JOR           2009        M08                 1.1
JTU71000000JOR           2009        M09                 1.3
JTU71000000JOR           2009        M10                 1.5
JTU71000000JOR           2009        M11                 1.2
JTU71000000JOR           2009        M12                 0.6
JTU71000000JOR           2010        M01                 0.8
JTU71000000JOR           2010        M02                 1.1
JTU71000000JOR           2010        M03                 1.6
JTU71000000JOR           2010        M04                 1.8
JTU71000000JOR           2010        M05                 2.8
JTU71000000JOR           2010        M06                 2.1
JTU71000000JOR           2010        M07                 1.7
JTU71000000JOR           2010        M08                 2.0
JTU71000000JOR           2010        M09                 1.7
JTU71000000JOR           2010        M10                 1.8
JTU71000000JOR           2010        M11                 1.3
JTU71000000JOR           2010        M12                 1.5
JTU71000000JOR           2011        M01                 1.8
JTU71000000JOR           2011        M02                 2.8
JTU71000000JOR           2011        M03                 2.4
JTU71000000JOR           2011        M04                 2.3
JTU71000000JOR           2011        M05                 2.3
JTU71000000JOR           2011        M06                 2.4
JTU71000000JOR           2011        M07                 2.8
JTU71000000JOR           2011        M08                 2.1
JTU71000000JOR           2011        M09                 2.6
JTU71000000JOR           2011        M10                 2.9
JTU71000000JOR           2011        M11                 2.4
JTU71000000JOR           2011        M12                 1.3
JTU71000000JOR           2012        M01                 3.4
JTU71000000JOR           2012        M02                 2.9
JTU71000000JOR           2012        M03                 2.6
JTU71000000JOR           2012        M04                 5.3
JTU71000000JOR           2012        M05                 3.5
JTU71000000JOR           2012        M06                 2.1
JTU71000000JOR           2012        M07                 2.2
JTU71000000JOR           2012        M08                 2.7
JTU71000000JOR           2012        M09                 2.2
JTU71000000JOR           2012        M10                 2.6
JTU71000000JOR           2012        M11                 2.4
JTU71000000JOR           2012        M12                 2.3
JTU71000000JOR           2013        M01                 2.7
JTU71000000JOR           2013        M02                 2.9
JTU71000000JOR           2013        M03                 3.1
JTU71000000JOR           2013        M04                 3.3
JTU71000000JOR           2013        M05                 2.6
JTU71000000JOR           2013        M06                 1.8
JTU71000000JOR           2013        M07                 1.8
JTU71000000JOR           2013        M08                 3.6
JTU71000000JOR           2013        M09                 2.6
JTU71000000JOR           2013        M10                 4.2
JTU71000000JOR           2013        M11                 3.6
JTU71000000JOR           2013        M12                 2.7
JTU71000000JOR           2014        M01                 4.8
JTU71000000JOR           2014        M02                 3.4
JTU71000000JOR           2014        M03                 3.0
JTU71000000JOR           2014        M04                 5.5
JTU71000000JOR           2014        M05                 4.8
JTU71000000JOR           2014        M06                 2.7
JTU71000000JOR           2014        M07                 2.5
JTU71000000JOR           2014        M08                 3.5
JTU71000000JOR           2014        M09                 2.3
JTU71000000JOR           2014        M10                 2.7
JTU71000000JOR           2014        M11                 2.0
JTU71000000JOR           2014        M12                 2.5
JTU71000000JOR           2015        M01                 3.5
JTU71000000JOR           2015        M02                 3.2
JTU71000000JOR           2015        M03                 4.8
JTU71000000JOR           2015        M04                 4.4
JTU71000000JOR           2015        M05                 3.5
JTU71000000JOR           2015        M06                 2.5
JTU71000000JOR           2015        M07                 2.4
JTU71000000JOR           2015        M08                 2.2
JTU71000000JOR           2015        M09                 2.2
JTU71000000JOR           2015        M10                 2.6
JTU71000000JOR           2015        M11                 2.8
JTU71000000JOR           2015        M12                 2.2
JTU71000000JOR           2016        M01                 3.5
JTU71000000JOR           2016        M02                 3.1
JTU71000000JOR           2016        M03                 5.0
JTU71000000JOR           2016        M04                 5.2
JTU71000000JOR           2016        M05                 3.7
JTU71000000JOR           2016        M06                 3.2
JTU71000000JOR           2016        M07                 3.8
JTU71000000JOR           2016        M08                 3.2
JTU71000000JOR           2016        M09                 2.5
JTU71000000JOR           2016        M10                 4.3
JTU71000000JOR           2016        M11                 3.8
JTU71000000JOR           2016        M12                 2.9
JTU71000000JOR           2017        M01                 3.9
JTU71000000JOR           2017        M02                 4.1
JTU71000000JOR           2017        M03                 3.8
JTU71000000JOR           2017        M04                 4.0
JTU71000000JOR           2017        M05                 2.7
JTU71000000JOR           2017        M06                 3.3
JTU71000000JOR           2017        M07                 3.0
JTU71000000JOR           2017        M08                 3.3
JTU71000000JOR           2017        M09                 3.1
JTU71000000JOR           2017        M10                 3.5
JTU71000000JOR           2017        M11                 2.9
JTU71000000JOR           2017        M12                 2.7        p
JTU72000000JOL           2000        M12                 422
JTU72000000JOL           2001        M01                 626
JTU72000000JOL           2001        M02                 502
JTU72000000JOL           2001        M03                 583
JTU72000000JOL           2001        M04                 652
JTU72000000JOL           2001        M05                 570
JTU72000000JOL           2001        M06                 384
JTU72000000JOL           2001        M07                 614
JTU72000000JOL           2001        M08                 526
JTU72000000JOL           2001        M09                 483
JTU72000000JOL           2001        M10                 388
JTU72000000JOL           2001        M11                 364
JTU72000000JOL           2001        M12                 310
JTU72000000JOL           2002        M01                 330
JTU72000000JOL           2002        M02                 309
JTU72000000JOL           2002        M03                 368
JTU72000000JOL           2002        M04                 438
JTU72000000JOL           2002        M05                 373
JTU72000000JOL           2002        M06                 300
JTU72000000JOL           2002        M07                 408
JTU72000000JOL           2002        M08                 363
JTU72000000JOL           2002        M09                 316
JTU72000000JOL           2002        M10                 332
JTU72000000JOL           2002        M11                 320
JTU72000000JOL           2002        M12                 252
JTU72000000JOL           2003        M01                 359
JTU72000000JOL           2003        M02                 263
JTU72000000JOL           2003        M03                 335
JTU72000000JOL           2003        M04                 399
JTU72000000JOL           2003        M05                 345
JTU72000000JOL           2003        M06                 346
JTU72000000JOL           2003        M07                 373
JTU72000000JOL           2003        M08                 324
JTU72000000JOL           2003        M09                 332
JTU72000000JOL           2003        M10                 386
JTU72000000JOL           2003        M11                 297
JTU72000000JOL           2003        M12                 347
JTU72000000JOL           2004        M01                 372
JTU72000000JOL           2004        M02                 351
JTU72000000JOL           2004        M03                 404
JTU72000000JOL           2004        M04                 440
JTU72000000JOL           2004        M05                 373
JTU72000000JOL           2004        M06                 404
JTU72000000JOL           2004        M07                 500
JTU72000000JOL           2004        M08                 408
JTU72000000JOL           2004        M09                 364
JTU72000000JOL           2004        M10                 429
JTU72000000JOL           2004        M11                 313
JTU72000000JOL           2004        M12                 307
JTU72000000JOL           2005        M01                 420
JTU72000000JOL           2005        M02                 450
JTU72000000JOL           2005        M03                 444
JTU72000000JOL           2005        M04                 590
JTU72000000JOL           2005        M05                 448
JTU72000000JOL           2005        M06                 412
JTU72000000JOL           2005        M07                 523
JTU72000000JOL           2005        M08                 415
JTU72000000JOL           2005        M09                 392
JTU72000000JOL           2005        M10                 430
JTU72000000JOL           2005        M11                 428
JTU72000000JOL           2005        M12                 399
JTU72000000JOL           2006        M01                 467
JTU72000000JOL           2006        M02                 495
JTU72000000JOL           2006        M03                 567
JTU72000000JOL           2006        M04                 647
JTU72000000JOL           2006        M05                 535
JTU72000000JOL           2006        M06                 455
JTU72000000JOL           2006        M07                 538
JTU72000000JOL           2006        M08                 490
JTU72000000JOL           2006        M09                 442
JTU72000000JOL           2006        M10                 519
JTU72000000JOL           2006        M11                 502
JTU72000000JOL           2006        M12                 451
JTU72000000JOL           2007        M01                 450
JTU72000000JOL           2007        M02                 464
JTU72000000JOL           2007        M03                 550
JTU72000000JOL           2007        M04                 557
JTU72000000JOL           2007        M05                 559
JTU72000000JOL           2007        M06                 512
JTU72000000JOL           2007        M07                 585
JTU72000000JOL           2007        M08                 581
JTU72000000JOL           2007        M09                 567
JTU72000000JOL           2007        M10                 569
JTU72000000JOL           2007        M11                 469
JTU72000000JOL           2007        M12                 468
JTU72000000JOL           2008        M01                 496
JTU72000000JOL           2008        M02                 456
JTU72000000JOL           2008        M03                 500
JTU72000000JOL           2008        M04                 559
JTU72000000JOL           2008        M05                 500
JTU72000000JOL           2008        M06                 428
JTU72000000JOL           2008        M07                 443
JTU72000000JOL           2008        M08                 344
JTU72000000JOL           2008        M09                 373
JTU72000000JOL           2008        M10                 358
JTU72000000JOL           2008        M11                 225
JTU72000000JOL           2008        M12                 203
JTU72000000JOL           2009        M01                 180
JTU72000000JOL           2009        M02                 258
JTU72000000JOL           2009        M03                 265
JTU72000000JOL           2009        M04                 323
JTU72000000JOL           2009        M05                 268
JTU72000000JOL           2009        M06                 246
JTU72000000JOL           2009        M07                 245
JTU72000000JOL           2009        M08                 189
JTU72000000JOL           2009        M09                 278
JTU72000000JOL           2009        M10                 240
JTU72000000JOL           2009        M11                 169
JTU72000000JOL           2009        M12                 159
JTU72000000JOL           2010        M01                 217
JTU72000000JOL           2010        M02                 197
JTU72000000JOL           2010        M03                 213
JTU72000000JOL           2010        M04                 309
JTU72000000JOL           2010        M05                 260
JTU72000000JOL           2010        M06                 243
JTU72000000JOL           2010        M07                 309
JTU72000000JOL           2010        M08                 318
JTU72000000JOL           2010        M09                 265
JTU72000000JOL           2010        M10                 284
JTU72000000JOL           2010        M11                 195
JTU72000000JOL           2010        M12                 176
JTU72000000JOL           2011        M01                 255
JTU72000000JOL           2011        M02                 328
JTU72000000JOL           2011        M03                 349
JTU72000000JOL           2011        M04                 354
JTU72000000JOL           2011        M05                 302
JTU72000000JOL           2011        M06                 323
JTU72000000JOL           2011        M07                 303
JTU72000000JOL           2011        M08                 347
JTU72000000JOL           2011        M09                 376
JTU72000000JOL           2011        M10                 366
JTU72000000JOL           2011        M11                 294
JTU72000000JOL           2011        M12                 291
JTU72000000JOL           2012        M01                 348
JTU72000000JOL           2012        M02                 325
JTU72000000JOL           2012        M03                 397
JTU72000000JOL           2012        M04                 460
JTU72000000JOL           2012        M05                 396
JTU72000000JOL           2012        M06                 436
JTU72000000JOL           2012        M07                 470
JTU72000000JOL           2012        M08                 391
JTU72000000JOL           2012        M09                 332
JTU72000000JOL           2012        M10                 405
JTU72000000JOL           2012        M11                 364
JTU72000000JOL           2012        M12                 324
JTU72000000JOL           2013        M01                 370
JTU72000000JOL           2013        M02                 415
JTU72000000JOL           2013        M03                 460
JTU72000000JOL           2013        M04                 496
JTU72000000JOL           2013        M05                 420
JTU72000000JOL           2013        M06                 471
JTU72000000JOL           2013        M07                 538
JTU72000000JOL           2013        M08                 489
JTU72000000JOL           2013        M09                 484
JTU72000000JOL           2013        M10                 463
JTU72000000JOL           2013        M11                 415
JTU72000000JOL           2013        M12                 392
JTU72000000JOL           2014        M01                 451
JTU72000000JOL           2014        M02                 512
JTU72000000JOL           2014        M03                 584
JTU72000000JOL           2014        M04                 670
JTU72000000JOL           2014        M05                 656
JTU72000000JOL           2014        M06                 655
JTU72000000JOL           2014        M07                 589
JTU72000000JOL           2014        M08                 647
JTU72000000JOL           2014        M09                 605
JTU72000000JOL           2014        M10                 665
JTU72000000JOL           2014        M11                 510
JTU72000000JOL           2014        M12                 485
JTU72000000JOL           2015        M01                 638
JTU72000000JOL           2015        M02                 662
JTU72000000JOL           2015        M03                 668
JTU72000000JOL           2015        M04                 770
JTU72000000JOL           2015        M05                 669
JTU72000000JOL           2015        M06                 619
JTU72000000JOL           2015        M07                 773
JTU72000000JOL           2015        M08                 697
JTU72000000JOL           2015        M09                 627
JTU72000000JOL           2015        M10                 708
JTU72000000JOL           2015        M11                 607
JTU72000000JOL           2015        M12                 530
JTU72000000JOL           2016        M01                 590
JTU72000000JOL           2016        M02                 710
JTU72000000JOL           2016        M03                 753
JTU72000000JOL           2016        M04                 784
JTU72000000JOL           2016        M05                 692
JTU72000000JOL           2016        M06                 660
JTU72000000JOL           2016        M07                 704
JTU72000000JOL           2016        M08                 711
JTU72000000JOL           2016        M09                 631
JTU72000000JOL           2016        M10                 656
JTU72000000JOL           2016        M11                 595
JTU72000000JOL           2016        M12                 507
JTU72000000JOL           2017        M01                 563
JTU72000000JOL           2017        M02                 715
JTU72000000JOL           2017        M03                 677
JTU72000000JOL           2017        M04                 885
JTU72000000JOL           2017        M05                 781
JTU72000000JOL           2017        M06                 732
JTU72000000JOL           2017        M07                 818
JTU72000000JOL           2017        M08                 842
JTU72000000JOL           2017        M09                 646
JTU72000000JOL           2017        M10                 785
JTU72000000JOL           2017        M11                 698
JTU72000000JOL           2017        M12                 669        p
JTU72000000JOR           2000        M12                 4.0
JTU72000000JOR           2001        M01                 6.0
JTU72000000JOR           2001        M02                 4.8
JTU72000000JOR           2001        M03                 5.5
JTU72000000JOR           2001        M04                 6.0
JTU72000000JOR           2001        M05                 5.2
JTU72000000JOR           2001        M06                 3.5
JTU72000000JOR           2001        M07                 5.5
JTU72000000JOR           2001        M08                 4.7
JTU72000000JOR           2001        M09                 4.5
JTU72000000JOR           2001        M10                 3.7
JTU72000000JOR           2001        M11                 3.5
JTU72000000JOR           2001        M12                 3.0
JTU72000000JOR           2002        M01                 3.3
JTU72000000JOR           2002        M02                 3.0
JTU72000000JOR           2002        M03                 3.6
JTU72000000JOR           2002        M04                 4.2
JTU72000000JOR           2002        M05                 3.5
JTU72000000JOR           2002        M06                 2.8
JTU72000000JOR           2002        M07                 3.7
JTU72000000JOR           2002        M08                 3.3
JTU72000000JOR           2002        M09                 3.0
JTU72000000JOR           2002        M10                 3.1
JTU72000000JOR           2002        M11                 3.1
JTU72000000JOR           2002        M12                 2.4
JTU72000000JOR           2003        M01                 3.5
JTU72000000JOR           2003        M02                 2.6
JTU72000000JOR           2003        M03                 3.2
JTU72000000JOR           2003        M04                 3.8
JTU72000000JOR           2003        M05                 3.2
JTU72000000JOR           2003        M06                 3.2
JTU72000000JOR           2003        M07                 3.4
JTU72000000JOR           2003        M08                 2.9
JTU72000000JOR           2003        M09                 3.1
JTU72000000JOR           2003        M10                 3.6
JTU72000000JOR           2003        M11                 2.8
JTU72000000JOR           2003        M12                 3.2
JTU72000000JOR           2004        M01                 3.5
JTU72000000JOR           2004        M02                 3.3
JTU72000000JOR           2004        M03                 3.7
JTU72000000JOR           2004        M04                 4.0
JTU72000000JOR           2004        M05                 3.3
JTU72000000JOR           2004        M06                 3.6
JTU72000000JOR           2004        M07                 4.4
JTU72000000JOR           2004        M08                 3.6
JTU72000000JOR           2004        M09                 3.3
JTU72000000JOR           2004        M10                 3.9
JTU72000000JOR           2004        M11                 2.9
JTU72000000JOR           2004        M12                 2.8
JTU72000000JOR           2005        M01                 3.9
JTU72000000JOR           2005        M02                 4.1
JTU72000000JOR           2005        M03                 4.0
JTU72000000JOR           2005        M04                 5.1
JTU72000000JOR           2005        M05                 3.9
JTU72000000JOR           2005        M06                 3.5
JTU72000000JOR           2005        M07                 4.4
JTU72000000JOR           2005        M08                 3.5
JTU72000000JOR           2005        M09                 3.4
JTU72000000JOR           2005        M10                 3.8
JTU72000000JOR           2005        M11                 3.8
JTU72000000JOR           2005        M12                 3.5
JTU72000000JOR           2006        M01                 4.2
JTU72000000JOR           2006        M02                 4.4
JTU72000000JOR           2006        M03                 4.9
JTU72000000JOR           2006        M04                 5.5
JTU72000000JOR           2006        M05                 4.5
JTU72000000JOR           2006        M06                 3.8
JTU72000000JOR           2006        M07                 4.5
JTU72000000JOR           2006        M08                 4.1
JTU72000000JOR           2006        M09                 3.8
JTU72000000JOR           2006        M10                 4.4
JTU72000000JOR           2006        M11                 4.3
JTU72000000JOR           2006        M12                 3.9
JTU72000000JOR           2007        M01                 3.9
JTU72000000JOR           2007        M02                 4.0
JTU72000000JOR           2007        M03                 4.7
JTU72000000JOR           2007        M04                 4.7
JTU72000000JOR           2007        M05                 4.6
JTU72000000JOR           2007        M06                 4.2
JTU72000000JOR           2007        M07                 4.7
JTU72000000JOR           2007        M08                 4.7
JTU72000000JOR           2007        M09                 4.7
JTU72000000JOR           2007        M10                 4.7
JTU72000000JOR           2007        M11                 3.9
JTU72000000JOR           2007        M12                 3.9
JTU72000000JOR           2008        M01                 4.3
JTU72000000JOR           2008        M02                 3.9
JTU72000000JOR           2008        M03                 4.2
JTU72000000JOR           2008        M04                 4.6
JTU72000000JOR           2008        M05                 4.1
JTU72000000JOR           2008        M06                 3.5
JTU72000000JOR           2008        M07                 3.6
JTU72000000JOR           2008        M08                 2.8
JTU72000000JOR           2008        M09                 3.1
JTU72000000JOR           2008        M10                 3.0
JTU72000000JOR           2008        M11                 2.0
JTU72000000JOR           2008        M12                 1.8
JTU72000000JOR           2009        M01                 1.6
JTU72000000JOR           2009        M02                 2.3
JTU72000000JOR           2009        M03                 2.4
JTU72000000JOR           2009        M04                 2.8
JTU72000000JOR           2009        M05                 2.3
JTU72000000JOR           2009        M06                 2.1
JTU72000000JOR           2009        M07                 2.1
JTU72000000JOR           2009        M08                 1.6
JTU72000000JOR           2009        M09                 2.4
JTU72000000JOR           2009        M10                 2.1
JTU72000000JOR           2009        M11                 1.5
JTU72000000JOR           2009        M12                 1.4
JTU72000000JOR           2010        M01                 2.0
JTU72000000JOR           2010        M02                 1.8
JTU72000000JOR           2010        M03                 1.9
JTU72000000JOR           2010        M04                 2.7
JTU72000000JOR           2010        M05                 2.3
JTU72000000JOR           2010        M06                 2.1
JTU72000000JOR           2010        M07                 2.6
JTU72000000JOR           2010        M08                 2.7
JTU72000000JOR           2010        M09                 2.3
JTU72000000JOR           2010        M10                 2.5
JTU72000000JOR           2010        M11                 1.7
JTU72000000JOR           2010        M12                 1.6
JTU72000000JOR           2011        M01                 2.3
JTU72000000JOR           2011        M02                 2.9
JTU72000000JOR           2011        M03                 3.0
JTU72000000JOR           2011        M04                 3.0
JTU72000000JOR           2011        M05                 2.5
JTU72000000JOR           2011        M06                 2.7
JTU72000000JOR           2011        M07                 2.5
JTU72000000JOR           2011        M08                 2.8
JTU72000000JOR           2011        M09                 3.1
JTU72000000JOR           2011        M10                 3.1
JTU72000000JOR           2011        M11                 2.5
JTU72000000JOR           2011        M12                 2.5
JTU72000000JOR           2012        M01                 3.0
JTU72000000JOR           2012        M02                 2.8
JTU72000000JOR           2012        M03                 3.3
JTU72000000JOR           2012        M04                 3.8
JTU72000000JOR           2012        M05                 3.2
JTU72000000JOR           2012        M06                 3.5
JTU72000000JOR           2012        M07                 3.7
JTU72000000JOR           2012        M08                 3.1
JTU72000000JOR           2012        M09                 2.7
JTU72000000JOR           2012        M10                 3.3
JTU72000000JOR           2012        M11                 3.0
JTU72000000JOR           2012        M12                 2.7
JTU72000000JOR           2013        M01                 3.1
JTU72000000JOR           2013        M02                 3.4
JTU72000000JOR           2013        M03                 3.7
JTU72000000JOR           2013        M04                 3.9
JTU72000000JOR           2013        M05                 3.3
JTU72000000JOR           2013        M06                 3.6
JTU72000000JOR           2013        M07                 4.1
JTU72000000JOR           2013        M08                 3.7
JTU72000000JOR           2013        M09                 3.7
JTU72000000JOR           2013        M10                 3.6
JTU72000000JOR           2013        M11                 3.3
JTU72000000JOR           2013        M12                 3.1
JTU72000000JOR           2014        M01                 3.6
JTU72000000JOR           2014        M02                 4.1
JTU72000000JOR           2014        M03                 4.5
JTU72000000JOR           2014        M04                 5.1
JTU72000000JOR           2014        M05                 4.9
JTU72000000JOR           2014        M06                 4.8
JTU72000000JOR           2014        M07                 4.3
JTU72000000JOR           2014        M08                 4.7
JTU72000000JOR           2014        M09                 4.5
JTU72000000JOR           2014        M10                 5.0
JTU72000000JOR           2014        M11                 3.9
JTU72000000JOR           2014        M12                 3.7
JTU72000000JOR           2015        M01                 4.9
JTU72000000JOR           2015        M02                 5.0
JTU72000000JOR           2015        M03                 5.0
JTU72000000JOR           2015        M04                 5.6
JTU72000000JOR           2015        M05                 4.9
JTU72000000JOR           2015        M06                 4.4
JTU72000000JOR           2015        M07                 5.5
JTU72000000JOR           2015        M08                 4.9
JTU72000000JOR           2015        M09                 4.5
JTU72000000JOR           2015        M10                 5.1
JTU72000000JOR           2015        M11                 4.4
JTU72000000JOR           2015        M12                 3.9
JTU72000000JOR           2016        M01                 4.4
JTU72000000JOR           2016        M02                 5.2
JTU72000000JOR           2016        M03                 5.4
JTU72000000JOR           2016        M04                 5.6
JTU72000000JOR           2016        M05                 4.9
JTU72000000JOR           2016        M06                 4.6
JTU72000000JOR           2016        M07                 4.9
JTU72000000JOR           2016        M08                 4.9
JTU72000000JOR           2016        M09                 4.4
JTU72000000JOR           2016        M10                 4.6
JTU72000000JOR           2016        M11                 4.3
JTU72000000JOR           2016        M12                 3.7
JTU72000000JOR           2017        M01                 4.1
JTU72000000JOR           2017        M02                 5.2
JTU72000000JOR           2017        M03                 4.8
JTU72000000JOR           2017        M04                 6.1
JTU72000000JOR           2017        M05                 5.4
JTU72000000JOR           2017        M06                 5.0
JTU72000000JOR           2017        M07                 5.5
JTU72000000JOR           2017        M08                 5.6
JTU72000000JOR           2017        M09                 4.5
JTU72000000JOR           2017        M10                 5.4
JTU72000000JOR           2017        M11                 4.9
JTU72000000JOR           2017        M12                 4.7        p
JTU81000000JOL           2000        M12                 288
JTU81000000JOL           2001        M01                 356
JTU81000000JOL           2001        M02                 155
JTU81000000JOL           2001        M03                 131
JTU81000000JOL           2001        M04                 203
JTU81000000JOL           2001        M05                 209
JTU81000000JOL           2001        M06                 212
JTU81000000JOL           2001        M07                 276
JTU81000000JOL           2001        M08                 258
JTU81000000JOL           2001        M09                 278
JTU81000000JOL           2001        M10                 192
JTU81000000JOL           2001        M11                 123
JTU81000000JOL           2001        M12                 169
JTU81000000JOL           2002        M01                 171
JTU81000000JOL           2002        M02                 130
JTU81000000JOL           2002        M03                 156
JTU81000000JOL           2002        M04                 157
JTU81000000JOL           2002        M05                 161
JTU81000000JOL           2002        M06                 101
JTU81000000JOL           2002        M07                 149
JTU81000000JOL           2002        M08                 142
JTU81000000JOL           2002        M09                 155
JTU81000000JOL           2002        M10                 148
JTU81000000JOL           2002        M11                 137
JTU81000000JOL           2002        M12                 115
JTU81000000JOL           2003        M01                 130
JTU81000000JOL           2003        M02                 167
JTU81000000JOL           2003        M03                 108
JTU81000000JOL           2003        M04                 185
JTU81000000JOL           2003        M05                 132
JTU81000000JOL           2003        M06                 118
JTU81000000JOL           2003        M07                 112
JTU81000000JOL           2003        M08                 106
JTU81000000JOL           2003        M09                 107
JTU81000000JOL           2003        M10                 107
JTU81000000JOL           2003        M11                 123
JTU81000000JOL           2003        M12                 105
JTU81000000JOL           2004        M01                 137
JTU81000000JOL           2004        M02                 152
JTU81000000JOL           2004        M03                 155
JTU81000000JOL           2004        M04                 163
JTU81000000JOL           2004        M05                 173
JTU81000000JOL           2004        M06                  92
JTU81000000JOL           2004        M07                 195
JTU81000000JOL           2004        M08                 142
JTU81000000JOL           2004        M09                 126
JTU81000000JOL           2004        M10                 141
JTU81000000JOL           2004        M11                 130
JTU81000000JOL           2004        M12                 112
JTU81000000JOL           2005        M01                 155
JTU81000000JOL           2005        M02                 111
JTU81000000JOL           2005        M03                 146
JTU81000000JOL           2005        M04                 162
JTU81000000JOL           2005        M05                 123
JTU81000000JOL           2005        M06                 123
JTU81000000JOL           2005        M07                 154
JTU81000000JOL           2005        M08                 154
JTU81000000JOL           2005        M09                 176
JTU81000000JOL           2005        M10                 200
JTU81000000JOL           2005        M11                  96
JTU81000000JOL           2005        M12                  79
JTU81000000JOL           2006        M01                  83
JTU81000000JOL           2006        M02                  77
JTU81000000JOL           2006        M03                 174
JTU81000000JOL           2006        M04                 156
JTU81000000JOL           2006        M05                 166
JTU81000000JOL           2006        M06                 175
JTU81000000JOL           2006        M07                 166
JTU81000000JOL           2006        M08                 214
JTU81000000JOL           2006        M09                 193
JTU81000000JOL           2006        M10                 160
JTU81000000JOL           2006        M11                 137
JTU81000000JOL           2006        M12                 171
JTU81000000JOL           2007        M01                 188
JTU81000000JOL           2007        M02                 237
JTU81000000JOL           2007        M03                 167
JTU81000000JOL           2007        M04                 228
JTU81000000JOL           2007        M05                 182
JTU81000000JOL           2007        M06                 176
JTU81000000JOL           2007        M07                 168
JTU81000000JOL           2007        M08                 180
JTU81000000JOL           2007        M09                 173
JTU81000000JOL           2007        M10                 195
JTU81000000JOL           2007        M11                 169
JTU81000000JOL           2007        M12                 127
JTU81000000JOL           2008        M01                 191
JTU81000000JOL           2008        M02                 140
JTU81000000JOL           2008        M03                 144
JTU81000000JOL           2008        M04                 232
JTU81000000JOL           2008        M05                 200
JTU81000000JOL           2008        M06                 133
JTU81000000JOL           2008        M07                 223
JTU81000000JOL           2008        M08                 229
JTU81000000JOL           2008        M09                 112
JTU81000000JOL           2008        M10                 152
JTU81000000JOL           2008        M11                 155
JTU81000000JOL           2008        M12                 166
JTU81000000JOL           2009        M01                 128
JTU81000000JOL           2009        M02                 149
JTU81000000JOL           2009        M03                 132
JTU81000000JOL           2009        M04                 125
JTU81000000JOL           2009        M05                 108
JTU81000000JOL           2009        M06                 127
JTU81000000JOL           2009        M07                 101
JTU81000000JOL           2009        M08                 120
JTU81000000JOL           2009        M09                  81
JTU81000000JOL           2009        M10                  92
JTU81000000JOL           2009        M11                 100
JTU81000000JOL           2009        M12                  95
JTU81000000JOL           2010        M01                 142
JTU81000000JOL           2010        M02                 174
JTU81000000JOL           2010        M03                 136
JTU81000000JOL           2010        M04                 218
JTU81000000JOL           2010        M05                 111
JTU81000000JOL           2010        M06                 114
JTU81000000JOL           2010        M07                 157
JTU81000000JOL           2010        M08                 158
JTU81000000JOL           2010        M09                 102
JTU81000000JOL           2010        M10                 110
JTU81000000JOL           2010        M11                 113
JTU81000000JOL           2010        M12                  88
JTU81000000JOL           2011        M01                 139
JTU81000000JOL           2011        M02                 129
JTU81000000JOL           2011        M03                 116
JTU81000000JOL           2011        M04                 122
JTU81000000JOL           2011        M05                 112
JTU81000000JOL           2011        M06                 133
JTU81000000JOL           2011        M07                 132
JTU81000000JOL           2011        M08                 100
JTU81000000JOL           2011        M09                 123
JTU81000000JOL           2011        M10                 104
JTU81000000JOL           2011        M11                  92
JTU81000000JOL           2011        M12                  95
JTU81000000JOL           2012        M01                 118
JTU81000000JOL           2012        M02                 155
JTU81000000JOL           2012        M03                 143
JTU81000000JOL           2012        M04                 183
JTU81000000JOL           2012        M05                 152
JTU81000000JOL           2012        M06                 152
JTU81000000JOL           2012        M07                 122
JTU81000000JOL           2012        M08                  92
JTU81000000JOL           2012        M09                 123
JTU81000000JOL           2012        M10                 148
JTU81000000JOL           2012        M11                 104
JTU81000000JOL           2012        M12                 103
JTU81000000JOL           2013        M01                 172
JTU81000000JOL           2013        M02                 113
JTU81000000JOL           2013        M03                 179
JTU81000000JOL           2013        M04                 136
JTU81000000JOL           2013        M05                 143
JTU81000000JOL           2013        M06                 145
JTU81000000JOL           2013        M07                 164
JTU81000000JOL           2013        M08                 104
JTU81000000JOL           2013        M09                 148
JTU81000000JOL           2013        M10                 163
JTU81000000JOL           2013        M11                 122
JTU81000000JOL           2013        M12                 149
JTU81000000JOL           2014        M01                 150
JTU81000000JOL           2014        M02                 147
JTU81000000JOL           2014        M03                 124
JTU81000000JOL           2014        M04                 164
JTU81000000JOL           2014        M05                 126
JTU81000000JOL           2014        M06                 113
JTU81000000JOL           2014        M07                 146
JTU81000000JOL           2014        M08                 196
JTU81000000JOL           2014        M09                 147
JTU81000000JOL           2014        M10                 181
JTU81000000JOL           2014        M11                 145
JTU81000000JOL           2014        M12                 145
JTU81000000JOL           2015        M01                 182
JTU81000000JOL           2015        M02                 176
JTU81000000JOL           2015        M03                 223
JTU81000000JOL           2015        M04                 188
JTU81000000JOL           2015        M05                 147
JTU81000000JOL           2015        M06                 148
JTU81000000JOL           2015        M07                 187
JTU81000000JOL           2015        M08                 183
JTU81000000JOL           2015        M09                 179
JTU81000000JOL           2015        M10                 204
JTU81000000JOL           2015        M11                 128
JTU81000000JOL           2015        M12                 192
JTU81000000JOL           2016        M01                 203
JTU81000000JOL           2016        M02                 235
JTU81000000JOL           2016        M03                 270
JTU81000000JOL           2016        M04                 270
JTU81000000JOL           2016        M05                 168
JTU81000000JOL           2016        M06                 187
JTU81000000JOL           2016        M07                 203
JTU81000000JOL           2016        M08                 195
JTU81000000JOL           2016        M09                 185
JTU81000000JOL           2016        M10                 194
JTU81000000JOL           2016        M11                 192
JTU81000000JOL           2016        M12                 236
JTU81000000JOL           2017        M01                 241
JTU81000000JOL           2017        M02                 250
JTU81000000JOL           2017        M03                 306
JTU81000000JOL           2017        M04                 327
JTU81000000JOL           2017        M05                 270
JTU81000000JOL           2017        M06                 218
JTU81000000JOL           2017        M07                 330
JTU81000000JOL           2017        M08                 228
JTU81000000JOL           2017        M09                 297
JTU81000000JOL           2017        M10                 296
JTU81000000JOL           2017        M11                 240
JTU81000000JOL           2017        M12                 221        p
JTU81000000JOR           2000        M12                 5.3
JTU81000000JOR           2001        M01                 6.5
JTU81000000JOR           2001        M02                 2.9
JTU81000000JOR           2001        M03                 2.5
JTU81000000JOR           2001        M04                 3.7
JTU81000000JOR           2001        M05                 3.8
JTU81000000JOR           2001        M06                 3.8
JTU81000000JOR           2001        M07                 4.9
JTU81000000JOR           2001        M08                 4.6
JTU81000000JOR           2001        M09                 5.0
JTU81000000JOR           2001        M10                 3.5
JTU81000000JOR           2001        M11                 2.3
JTU81000000JOR           2001        M12                 3.1
JTU81000000JOR           2002        M01                 3.1
JTU81000000JOR           2002        M02                 2.4
JTU81000000JOR           2002        M03                 2.8
JTU81000000JOR           2002        M04                 2.8
JTU81000000JOR           2002        M05                 2.9
JTU81000000JOR           2002        M06                 1.8
JTU81000000JOR           2002        M07                 2.7
JTU81000000JOR           2002        M08                 2.6
JTU81000000JOR           2002        M09                 2.8
JTU81000000JOR           2002        M10                 2.7
JTU81000000JOR           2002        M11                 2.5
JTU81000000JOR           2002        M12                 2.1
JTU81000000JOR           2003        M01                 2.4
JTU81000000JOR           2003        M02                 3.0
JTU81000000JOR           2003        M03                 2.0
JTU81000000JOR           2003        M04                 3.3
JTU81000000JOR           2003        M05                 2.4
JTU81000000JOR           2003        M06                 2.1
JTU81000000JOR           2003        M07                 2.0
JTU81000000JOR           2003        M08                 1.9
JTU81000000JOR           2003        M09                 1.9
JTU81000000JOR           2003        M10                 2.0
JTU81000000JOR           2003        M11                 2.2
JTU81000000JOR           2003        M12                 1.9
JTU81000000JOR           2004        M01                 2.5
JTU81000000JOR           2004        M02                 2.8
JTU81000000JOR           2004        M03                 2.8
JTU81000000JOR           2004        M04                 2.9
JTU81000000JOR           2004        M05                 3.1
JTU81000000JOR           2004        M06                 1.6
JTU81000000JOR           2004        M07                 3.4
JTU81000000JOR           2004        M08                 2.5
JTU81000000JOR           2004        M09                 2.3
JTU81000000JOR           2004        M10                 2.6
JTU81000000JOR           2004        M11                 2.4
JTU81000000JOR           2004        M12                 2.0
JTU81000000JOR           2005        M01                 2.8
JTU81000000JOR           2005        M02                 2.0
JTU81000000JOR           2005        M03                 2.6
JTU81000000JOR           2005        M04                 2.9
JTU81000000JOR           2005        M05                 2.2
JTU81000000JOR           2005        M06                 2.2
JTU81000000JOR           2005        M07                 2.7
JTU81000000JOR           2005        M08                 2.8
JTU81000000JOR           2005        M09                 3.2
JTU81000000JOR           2005        M10                 3.6
JTU81000000JOR           2005        M11                 1.8
JTU81000000JOR           2005        M12                 1.5
JTU81000000JOR           2006        M01                 1.5
JTU81000000JOR           2006        M02                 1.4
JTU81000000JOR           2006        M03                 3.1
JTU81000000JOR           2006        M04                 2.8
JTU81000000JOR           2006        M05                 3.0
JTU81000000JOR           2006        M06                 3.1
JTU81000000JOR           2006        M07                 2.9
JTU81000000JOR           2006        M08                 3.8
JTU81000000JOR           2006        M09                 3.4
JTU81000000JOR           2006        M10                 2.8
JTU81000000JOR           2006        M11                 2.5
JTU81000000JOR           2006        M12                 3.0
JTU81000000JOR           2007        M01                 3.4
JTU81000000JOR           2007        M02                 4.2
JTU81000000JOR           2007        M03                 3.0
JTU81000000JOR           2007        M04                 4.0
JTU81000000JOR           2007        M05                 3.2
JTU81000000JOR           2007        M06                 3.1
JTU81000000JOR           2007        M07                 2.9
JTU81000000JOR           2007        M08                 3.1
JTU81000000JOR           2007        M09                 3.1
JTU81000000JOR           2007        M10                 3.4
JTU81000000JOR           2007        M11                 3.0
JTU81000000JOR           2007        M12                 2.3
JTU81000000JOR           2008        M01                 3.4
JTU81000000JOR           2008        M02                 2.5
JTU81000000JOR           2008        M03                 2.5
JTU81000000JOR           2008        M04                 4.0
JTU81000000JOR           2008        M05                 3.5
JTU81000000JOR           2008        M06                 2.3
JTU81000000JOR           2008        M07                 3.8
JTU81000000JOR           2008        M08                 4.0
JTU81000000JOR           2008        M09                 2.0
JTU81000000JOR           2008        M10                 2.7
JTU81000000JOR           2008        M11                 2.8
JTU81000000JOR           2008        M12                 3.0
JTU81000000JOR           2009        M01                 2.3
JTU81000000JOR           2009        M02                 2.7
JTU81000000JOR           2009        M03                 2.4
JTU81000000JOR           2009        M04                 2.3
JTU81000000JOR           2009        M05                 2.0
JTU81000000JOR           2009        M06                 2.3
JTU81000000JOR           2009        M07                 1.8
JTU81000000JOR           2009        M08                 2.2
JTU81000000JOR           2009        M09                 1.5
JTU81000000JOR           2009        M10                 1.7
JTU81000000JOR           2009        M11                 1.9
JTU81000000JOR           2009        M12                 1.8
JTU81000000JOR           2010        M01                 2.6
JTU81000000JOR           2010        M02                 3.2
JTU81000000JOR           2010        M03                 2.5
JTU81000000JOR           2010        M04                 3.9
JTU81000000JOR           2010        M05                 2.0
JTU81000000JOR           2010        M06                 2.1
JTU81000000JOR           2010        M07                 2.8
JTU81000000JOR           2010        M08                 2.9
JTU81000000JOR           2010        M09                 1.9
JTU81000000JOR           2010        M10                 2.0
JTU81000000JOR           2010        M11                 2.1
JTU81000000JOR           2010        M12                 1.6
JTU81000000JOR           2011        M01                 2.6
JTU81000000JOR           2011        M02                 2.4
JTU81000000JOR           2011        M03                 2.1
JTU81000000JOR           2011        M04                 2.2
JTU81000000JOR           2011        M05                 2.1
JTU81000000JOR           2011        M06                 2.4
JTU81000000JOR           2011        M07                 2.4
JTU81000000JOR           2011        M08                 1.8
JTU81000000JOR           2011        M09                 2.2
JTU81000000JOR           2011        M10                 1.9
JTU81000000JOR           2011        M11                 1.7
JTU81000000JOR           2011        M12                 1.7
JTU81000000JOR           2012        M01                 2.2
JTU81000000JOR           2012        M02                 2.8
JTU81000000JOR           2012        M03                 2.6
JTU81000000JOR           2012        M04                 3.3
JTU81000000JOR           2012        M05                 2.7
JTU81000000JOR           2012        M06                 2.7
JTU81000000JOR           2012        M07                 2.2
JTU81000000JOR           2012        M08                 1.7
JTU81000000JOR           2012        M09                 2.2
JTU81000000JOR           2012        M10                 2.7
JTU81000000JOR           2012        M11                 1.9
JTU81000000JOR           2012        M12                 1.9
JTU81000000JOR           2013        M01                 3.1
JTU81000000JOR           2013        M02                 2.0
JTU81000000JOR           2013        M03                 3.2
JTU81000000JOR           2013        M04                 2.4
JTU81000000JOR           2013        M05                 2.5
JTU81000000JOR           2013        M06                 2.5
JTU81000000JOR           2013        M07                 2.9
JTU81000000JOR           2013        M08                 1.9
JTU81000000JOR           2013        M09                 2.6
JTU81000000JOR           2013        M10                 2.9
JTU81000000JOR           2013        M11                 2.2
JTU81000000JOR           2013        M12                 2.6
JTU81000000JOR           2014        M01                 2.7
JTU81000000JOR           2014        M02                 2.6
JTU81000000JOR           2014        M03                 2.2
JTU81000000JOR           2014        M04                 2.9
JTU81000000JOR           2014        M05                 2.2
JTU81000000JOR           2014        M06                 2.0
JTU81000000JOR           2014        M07                 2.5
JTU81000000JOR           2014        M08                 3.4
JTU81000000JOR           2014        M09                 2.6
JTU81000000JOR           2014        M10                 3.1
JTU81000000JOR           2014        M11                 2.5
JTU81000000JOR           2014        M12                 2.5
JTU81000000JOR           2015        M01                 3.2
JTU81000000JOR           2015        M02                 3.1
JTU81000000JOR           2015        M03                 3.8
JTU81000000JOR           2015        M04                 3.2
JTU81000000JOR           2015        M05                 2.5
JTU81000000JOR           2015        M06                 2.5
JTU81000000JOR           2015        M07                 3.2
JTU81000000JOR           2015        M08                 3.1
JTU81000000JOR           2015        M09                 3.1
JTU81000000JOR           2015        M10                 3.5
JTU81000000JOR           2015        M11                 2.2
JTU81000000JOR           2015        M12                 3.3
JTU81000000JOR           2016        M01                 3.5
JTU81000000JOR           2016        M02                 4.0
JTU81000000JOR           2016        M03                 4.6
JTU81000000JOR           2016        M04                 4.6
JTU81000000JOR           2016        M05                 2.9
JTU81000000JOR           2016        M06                 3.1
JTU81000000JOR           2016        M07                 3.4
JTU81000000JOR           2016        M08                 3.3
JTU81000000JOR           2016        M09                 3.1
JTU81000000JOR           2016        M10                 3.3
JTU81000000JOR           2016        M11                 3.2
JTU81000000JOR           2016        M12                 4.0
JTU81000000JOR           2017        M01                 4.1
JTU81000000JOR           2017        M02                 4.2
JTU81000000JOR           2017        M03                 5.1
JTU81000000JOR           2017        M04                 5.4
JTU81000000JOR           2017        M05                 4.5
JTU81000000JOR           2017        M06                 3.6
JTU81000000JOR           2017        M07                 5.4
JTU81000000JOR           2017        M08                 3.8
JTU81000000JOR           2017        M09                 4.9
JTU81000000JOR           2017        M10                 4.9
JTU81000000JOR           2017        M11                 4.0
JTU81000000JOR           2017        M12                 3.7        p
JTU90000000JOL           2000        M12                 455
JTU90000000JOL           2001        M01                 479
JTU90000000JOL           2001        M02                 402
JTU90000000JOL           2001        M03                 466
JTU90000000JOL           2001        M04                 455
JTU90000000JOL           2001        M05                 535
JTU90000000JOL           2001        M06                 558
JTU90000000JOL           2001        M07                 519
JTU90000000JOL           2001        M08                 486
JTU90000000JOL           2001        M09                 355
JTU90000000JOL           2001        M10                 421
JTU90000000JOL           2001        M11                 422
JTU90000000JOL           2001        M12                 371
JTU90000000JOL           2002        M01                 358
JTU90000000JOL           2002        M02                 428
JTU90000000JOL           2002        M03                 426
JTU90000000JOL           2002        M04                 407
JTU90000000JOL           2002        M05                 502
JTU90000000JOL           2002        M06                 439
JTU90000000JOL           2002        M07                 442
JTU90000000JOL           2002        M08                 474
JTU90000000JOL           2002        M09                 375
JTU90000000JOL           2002        M10                 367
JTU90000000JOL           2002        M11                 398
JTU90000000JOL           2002        M12                 332
JTU90000000JOL           2003        M01                 380
JTU90000000JOL           2003        M02                 360
JTU90000000JOL           2003        M03                 357
JTU90000000JOL           2003        M04                 372
JTU90000000JOL           2003        M05                 351
JTU90000000JOL           2003        M06                 441
JTU90000000JOL           2003        M07                 379
JTU90000000JOL           2003        M08                 326
JTU90000000JOL           2003        M09                 297
JTU90000000JOL           2003        M10                 330
JTU90000000JOL           2003        M11                 302
JTU90000000JOL           2003        M12                 303
JTU90000000JOL           2004        M01                 291
JTU90000000JOL           2004        M02                 315
JTU90000000JOL           2004        M03                 357
JTU90000000JOL           2004        M04                 369
JTU90000000JOL           2004        M05                 388
JTU90000000JOL           2004        M06                 363
JTU90000000JOL           2004        M07                 357
JTU90000000JOL           2004        M08                 340
JTU90000000JOL           2004        M09                 339
JTU90000000JOL           2004        M10                 362
JTU90000000JOL           2004        M11                 344
JTU90000000JOL           2004        M12                 358
JTU90000000JOL           2005        M01                 294
JTU90000000JOL           2005        M02                 340
JTU90000000JOL           2005        M03                 352
JTU90000000JOL           2005        M04                 377
JTU90000000JOL           2005        M05                 398
JTU90000000JOL           2005        M06                 399
JTU90000000JOL           2005        M07                 451
JTU90000000JOL           2005        M08                 402
JTU90000000JOL           2005        M09                 393
JTU90000000JOL           2005        M10                 367
JTU90000000JOL           2005        M11                 351
JTU90000000JOL           2005        M12                 382
JTU90000000JOL           2006        M01                 352
JTU90000000JOL           2006        M02                 368
JTU90000000JOL           2006        M03                 415
JTU90000000JOL           2006        M04                 437
JTU90000000JOL           2006        M05                 430
JTU90000000JOL           2006        M06                 451
JTU90000000JOL           2006        M07                 544
JTU90000000JOL           2006        M08                 501
JTU90000000JOL           2006        M09                 456
JTU90000000JOL           2006        M10                 397
JTU90000000JOL           2006        M11                 416
JTU90000000JOL           2006        M12                 388
JTU90000000JOL           2007        M01                 414
JTU90000000JOL           2007        M02                 409
JTU90000000JOL           2007        M03                 441
JTU90000000JOL           2007        M04                 446
JTU90000000JOL           2007        M05                 451
JTU90000000JOL           2007        M06                 476
JTU90000000JOL           2007        M07                 482
JTU90000000JOL           2007        M08                 493
JTU90000000JOL           2007        M09                 440
JTU90000000JOL           2007        M10                 412
JTU90000000JOL           2007        M11                 418
JTU90000000JOL           2007        M12                 397
JTU90000000JOL           2008        M01                 384
JTU90000000JOL           2008        M02                 401
JTU90000000JOL           2008        M03                 412
JTU90000000JOL           2008        M04                 394
JTU90000000JOL           2008        M05                 488
JTU90000000JOL           2008        M06                 461
JTU90000000JOL           2008        M07                 438
JTU90000000JOL           2008        M08                 433
JTU90000000JOL           2008        M09                 405
JTU90000000JOL           2008        M10                 378
JTU90000000JOL           2008        M11                 355
JTU90000000JOL           2008        M12                 276
JTU90000000JOL           2009        M01                 362
JTU90000000JOL           2009        M02                 334
JTU90000000JOL           2009        M03                 350
JTU90000000JOL           2009        M04                 377
JTU90000000JOL           2009        M05                 300
JTU90000000JOL           2009        M06                 352
JTU90000000JOL           2009        M07                 294
JTU90000000JOL           2009        M08                 335
JTU90000000JOL           2009        M09                 268
JTU90000000JOL           2009        M10                 399
JTU90000000JOL           2009        M11                 333
JTU90000000JOL           2009        M12                 308
JTU90000000JOL           2010        M01                 369
JTU90000000JOL           2010        M02                 336
JTU90000000JOL           2010        M03                 404
JTU90000000JOL           2010        M04                 645
JTU90000000JOL           2010        M05                 386
JTU90000000JOL           2010        M06                 330
JTU90000000JOL           2010        M07                 340
JTU90000000JOL           2010        M08                 344
JTU90000000JOL           2010        M09                 307
JTU90000000JOL           2010        M10                 344
JTU90000000JOL           2010        M11                 291
JTU90000000JOL           2010        M12                 377
JTU90000000JOL           2011        M01                 311
JTU90000000JOL           2011        M02                 291
JTU90000000JOL           2011        M03                 321
JTU90000000JOL           2011        M04                 335
JTU90000000JOL           2011        M05                 293
JTU90000000JOL           2011        M06                 381
JTU90000000JOL           2011        M07                 333
JTU90000000JOL           2011        M08                 344
JTU90000000JOL           2011        M09                 382
JTU90000000JOL           2011        M10                 358
JTU90000000JOL           2011        M11                 325
JTU90000000JOL           2011        M12                 334
JTU90000000JOL           2012        M01                 328
JTU90000000JOL           2012        M02                 374
JTU90000000JOL           2012        M03                 394
JTU90000000JOL           2012        M04                 374
JTU90000000JOL           2012        M05                 372
JTU90000000JOL           2012        M06                 407
JTU90000000JOL           2012        M07                 395
JTU90000000JOL           2012        M08                 427
JTU90000000JOL           2012        M09                 359
JTU90000000JOL           2012        M10                 377
JTU90000000JOL           2012        M11                 336
JTU90000000JOL           2012        M12                 363
JTU90000000JOL           2013        M01                 386
JTU90000000JOL           2013        M02                 406
JTU90000000JOL           2013        M03                 379
JTU90000000JOL           2013        M04                 433
JTU90000000JOL           2013        M05                 423
JTU90000000JOL           2013        M06                 409
JTU90000000JOL           2013        M07                 403
JTU90000000JOL           2013        M08                 403
JTU90000000JOL           2013        M09                 370
JTU90000000JOL           2013        M10                 397
JTU90000000JOL           2013        M11                 353
JTU90000000JOL           2013        M12                 318
JTU90000000JOL           2014        M01                 353
JTU90000000JOL           2014        M02                 385
JTU90000000JOL           2014        M03                 437
JTU90000000JOL           2014        M04                 443
JTU90000000JOL           2014        M05                 458
JTU90000000JOL           2014        M06                 546
JTU90000000JOL           2014        M07                 491
JTU90000000JOL           2014        M08                 481
JTU90000000JOL           2014        M09                 461
JTU90000000JOL           2014        M10                 417
JTU90000000JOL           2014        M11                 433
JTU90000000JOL           2014        M12                 446
JTU90000000JOL           2015        M01                 490
JTU90000000JOL           2015        M02                 516
JTU90000000JOL           2015        M03                 513
JTU90000000JOL           2015        M04                 501
JTU90000000JOL           2015        M05                 545
JTU90000000JOL           2015        M06                 493
JTU90000000JOL           2015        M07                 561
JTU90000000JOL           2015        M08                 525
JTU90000000JOL           2015        M09                 459
JTU90000000JOL           2015        M10                 472
JTU90000000JOL           2015        M11                 452
JTU90000000JOL           2015        M12                 483
JTU90000000JOL           2016        M01                 476
JTU90000000JOL           2016        M02                 455
JTU90000000JOL           2016        M03                 497
JTU90000000JOL           2016        M04                 516
JTU90000000JOL           2016        M05                 541
JTU90000000JOL           2016        M06                 576
JTU90000000JOL           2016        M07                 600
JTU90000000JOL           2016        M08                 541
JTU90000000JOL           2016        M09                 526
JTU90000000JOL           2016        M10                 479
JTU90000000JOL           2016        M11                 564
JTU90000000JOL           2016        M12                 458
JTU90000000JOL           2017        M01                 470
JTU90000000JOL           2017        M02                 484
JTU90000000JOL           2017        M03                 525
JTU90000000JOL           2017        M04                 551
JTU90000000JOL           2017        M05                 533
JTU90000000JOL           2017        M06                 605
JTU90000000JOL           2017        M07                 561
JTU90000000JOL           2017        M08                 532
JTU90000000JOL           2017        M09                 520
JTU90000000JOL           2017        M10                 509
JTU90000000JOL           2017        M11                 499
JTU90000000JOL           2017        M12                 502        p
JTU90000000JOR           2000        M12                 2.1
JTU90000000JOR           2001        M01                 2.3
JTU90000000JOR           2001        M02                 1.9
JTU90000000JOR           2001        M03                 2.1
JTU90000000JOR           2001        M04                 2.1
JTU90000000JOR           2001        M05                 2.4
JTU90000000JOR           2001        M06                 2.6
JTU90000000JOR           2001        M07                 2.5
JTU90000000JOR           2001        M08                 2.4
JTU90000000JOR           2001        M09                 1.7
JTU90000000JOR           2001        M10                 1.9
JTU90000000JOR           2001        M11                 1.9
JTU90000000JOR           2001        M12                 1.7
JTU90000000JOR           2002        M01                 1.7
JTU90000000JOR           2002        M02                 1.9
JTU90000000JOR           2002        M03                 1.9
JTU90000000JOR           2002        M04                 1.8
JTU90000000JOR           2002        M05                 2.2
JTU90000000JOR           2002        M06                 2.0
JTU90000000JOR           2002        M07                 2.1
JTU90000000JOR           2002        M08                 2.3
JTU90000000JOR           2002        M09                 1.7
JTU90000000JOR           2002        M10                 1.7
JTU90000000JOR           2002        M11                 1.8
JTU90000000JOR           2002        M12                 1.5
JTU90000000JOR           2003        M01                 1.7
JTU90000000JOR           2003        M02                 1.6
JTU90000000JOR           2003        M03                 1.6
JTU90000000JOR           2003        M04                 1.7
JTU90000000JOR           2003        M05                 1.6
JTU90000000JOR           2003        M06                 2.0
JTU90000000JOR           2003        M07                 1.8
JTU90000000JOR           2003        M08                 1.6
JTU90000000JOR           2003        M09                 1.4
JTU90000000JOR           2003        M10                 1.5
JTU90000000JOR           2003        M11                 1.4
JTU90000000JOR           2003        M12                 1.4
JTU90000000JOR           2004        M01                 1.3
JTU90000000JOR           2004        M02                 1.4
JTU90000000JOR           2004        M03                 1.6
JTU90000000JOR           2004        M04                 1.6
JTU90000000JOR           2004        M05                 1.7
JTU90000000JOR           2004        M06                 1.7
JTU90000000JOR           2004        M07                 1.7
JTU90000000JOR           2004        M08                 1.6
JTU90000000JOR           2004        M09                 1.6
JTU90000000JOR           2004        M10                 1.6
JTU90000000JOR           2004        M11                 1.5
JTU90000000JOR           2004        M12                 1.6
JTU90000000JOR           2005        M01                 1.3
JTU90000000JOR           2005        M02                 1.5
JTU90000000JOR           2005        M03                 1.6
JTU90000000JOR           2005        M04                 1.7
JTU90000000JOR           2005        M05                 1.8
JTU90000000JOR           2005        M06                 1.8
JTU90000000JOR           2005        M07                 2.1
JTU90000000JOR           2005        M08                 1.9
JTU90000000JOR           2005        M09                 1.8
JTU90000000JOR           2005        M10                 1.6
JTU90000000JOR           2005        M11                 1.5
JTU90000000JOR           2005        M12                 1.7
JTU90000000JOR           2006        M01                 1.6
JTU90000000JOR           2006        M02                 1.6
JTU90000000JOR           2006        M03                 1.8
JTU90000000JOR           2006        M04                 1.9
JTU90000000JOR           2006        M05                 1.9
JTU90000000JOR           2006        M06                 2.0
JTU90000000JOR           2006        M07                 2.6
JTU90000000JOR           2006        M08                 2.3
JTU90000000JOR           2006        M09                 2.0
JTU90000000JOR           2006        M10                 1.7
JTU90000000JOR           2006        M11                 1.8
JTU90000000JOR           2006        M12                 1.7
JTU90000000JOR           2007        M01                 1.9
JTU90000000JOR           2007        M02                 1.8
JTU90000000JOR           2007        M03                 1.9
JTU90000000JOR           2007        M04                 1.9
JTU90000000JOR           2007        M05                 2.0
JTU90000000JOR           2007        M06                 2.1
JTU90000000JOR           2007        M07                 2.2
JTU90000000JOR           2007        M08                 2.3
JTU90000000JOR           2007        M09                 2.0
JTU90000000JOR           2007        M10                 1.8
JTU90000000JOR           2007        M11                 1.8
JTU90000000JOR           2007        M12                 1.7
JTU90000000JOR           2008        M01                 1.7
JTU90000000JOR           2008        M02                 1.7
JTU90000000JOR           2008        M03                 1.8
JTU90000000JOR           2008        M04                 1.7
JTU90000000JOR           2008        M05                 2.1
JTU90000000JOR           2008        M06                 2.0
JTU90000000JOR           2008        M07                 2.0
JTU90000000JOR           2008        M08                 2.0
JTU90000000JOR           2008        M09                 1.8
JTU90000000JOR           2008        M10                 1.6
JTU90000000JOR           2008        M11                 1.5
JTU90000000JOR           2008        M12                 1.2
JTU90000000JOR           2009        M01                 1.6
JTU90000000JOR           2009        M02                 1.4
JTU90000000JOR           2009        M03                 1.5
JTU90000000JOR           2009        M04                 1.6
JTU90000000JOR           2009        M05                 1.3
JTU90000000JOR           2009        M06                 1.5
JTU90000000JOR           2009        M07                 1.4
JTU90000000JOR           2009        M08                 1.5
JTU90000000JOR           2009        M09                 1.2
JTU90000000JOR           2009        M10                 1.7
JTU90000000JOR           2009        M11                 1.4
JTU90000000JOR           2009        M12                 1.3
JTU90000000JOR           2010        M01                 1.6
JTU90000000JOR           2010        M02                 1.5
JTU90000000JOR           2010        M03                 1.7
JTU90000000JOR           2010        M04                 2.7
JTU90000000JOR           2010        M05                 1.6
JTU90000000JOR           2010        M06                 1.4
JTU90000000JOR           2010        M07                 1.6
JTU90000000JOR           2010        M08                 1.6
JTU90000000JOR           2010        M09                 1.4
JTU90000000JOR           2010        M10                 1.5
JTU90000000JOR           2010        M11                 1.3
JTU90000000JOR           2010        M12                 1.6
JTU90000000JOR           2011        M01                 1.4
JTU90000000JOR           2011        M02                 1.3
JTU90000000JOR           2011        M03                 1.4
JTU90000000JOR           2011        M04                 1.5
JTU90000000JOR           2011        M05                 1.3
JTU90000000JOR           2011        M06                 1.7
JTU90000000JOR           2011        M07                 1.6
JTU90000000JOR           2011        M08                 1.6
JTU90000000JOR           2011        M09                 1.7
JTU90000000JOR           2011        M10                 1.6
JTU90000000JOR           2011        M11                 1.4
JTU90000000JOR           2011        M12                 1.5
JTU90000000JOR           2012        M01                 1.5
JTU90000000JOR           2012        M02                 1.7
JTU90000000JOR           2012        M03                 1.7
JTU90000000JOR           2012        M04                 1.6
JTU90000000JOR           2012        M05                 1.6
JTU90000000JOR           2012        M06                 1.8
JTU90000000JOR           2012        M07                 1.9
JTU90000000JOR           2012        M08                 2.0
JTU90000000JOR           2012        M09                 1.6
JTU90000000JOR           2012        M10                 1.7
JTU90000000JOR           2012        M11                 1.5
JTU90000000JOR           2012        M12                 1.6
JTU90000000JOR           2013        M01                 1.7
JTU90000000JOR           2013        M02                 1.8
JTU90000000JOR           2013        M03                 1.7
JTU90000000JOR           2013        M04                 1.9
JTU90000000JOR           2013        M05                 1.9
JTU90000000JOR           2013        M06                 1.8
JTU90000000JOR           2013        M07                 1.9
JTU90000000JOR           2013        M08                 1.9
JTU90000000JOR           2013        M09                 1.7
JTU90000000JOR           2013        M10                 1.8
JTU90000000JOR           2013        M11                 1.6
JTU90000000JOR           2013        M12                 1.4
JTU90000000JOR           2014        M01                 1.6
JTU90000000JOR           2014        M02                 1.7
JTU90000000JOR           2014        M03                 1.9
JTU90000000JOR           2014        M04                 2.0
JTU90000000JOR           2014        M05                 2.0
JTU90000000JOR           2014        M06                 2.4
JTU90000000JOR           2014        M07                 2.3
JTU90000000JOR           2014        M08                 2.3
JTU90000000JOR           2014        M09                 2.1
JTU90000000JOR           2014        M10                 1.8
JTU90000000JOR           2014        M11                 1.9
JTU90000000JOR           2014        M12                 2.0
JTU90000000JOR           2015        M01                 2.2
JTU90000000JOR           2015        M02                 2.3
JTU90000000JOR           2015        M03                 2.2
JTU90000000JOR           2015        M04                 2.2
JTU90000000JOR           2015        M05                 2.4
JTU90000000JOR           2015        M06                 2.2
JTU90000000JOR           2015        M07                 2.6
JTU90000000JOR           2015        M08                 2.4
JTU90000000JOR           2015        M09                 2.0
JTU90000000JOR           2015        M10                 2.1
JTU90000000JOR           2015        M11                 2.0
JTU90000000JOR           2015        M12                 2.1
JTU90000000JOR           2016        M01                 2.1
JTU90000000JOR           2016        M02                 2.0
JTU90000000JOR           2016        M03                 2.2
JTU90000000JOR           2016        M04                 2.2
JTU90000000JOR           2016        M05                 2.3
JTU90000000JOR           2016        M06                 2.5
JTU90000000JOR           2016        M07                 2.8
JTU90000000JOR           2016        M08                 2.5
JTU90000000JOR           2016        M09                 2.3
JTU90000000JOR           2016        M10                 2.1
JTU90000000JOR           2016        M11                 2.4
JTU90000000JOR           2016        M12                 2.0
JTU90000000JOR           2017        M01                 2.1
JTU90000000JOR           2017        M02                 2.1
JTU90000000JOR           2017        M03                 2.3
JTU90000000JOR           2017        M04                 2.4
JTU90000000JOR           2017        M05                 2.3
JTU90000000JOR           2017        M06                 2.6
JTU90000000JOR           2017        M07                 2.6
JTU90000000JOR           2017        M08                 2.4
JTU90000000JOR           2017        M09                 2.3
JTU90000000JOR           2017        M10                 2.2
JTU90000000JOR           2017        M11                 2.1
JTU90000000JOR           2017        M12                 2.2        p
JTU91000000JOL           2000        M12                  58
JTU91000000JOL           2001        M01                  58
JTU91000000JOL           2001        M02                  59
JTU91000000JOL           2001        M03                  66
JTU91000000JOL           2001        M04                  74
JTU91000000JOL           2001        M05                  66
JTU91000000JOL           2001        M06                  80
JTU91000000JOL           2001        M07                  43
JTU91000000JOL           2001        M08                  44
JTU91000000JOL           2001        M09                  43
JTU91000000JOL           2001        M10                  42
JTU91000000JOL           2001        M11                  43
JTU91000000JOL           2001        M12                  35
JTU91000000JOL           2002        M01                  40
JTU91000000JOL           2002        M02                  51
JTU91000000JOL           2002        M03                  53
JTU91000000JOL           2002        M04                  55
JTU91000000JOL           2002        M05                  61
JTU91000000JOL           2002        M06                  37
JTU91000000JOL           2002        M07                  51
JTU91000000JOL           2002        M08                  55
JTU91000000JOL           2002        M09                  45
JTU91000000JOL           2002        M10                  32
JTU91000000JOL           2002        M11                  45
JTU91000000JOL           2002        M12                  37
JTU91000000JOL           2003        M01                  46
JTU91000000JOL           2003        M02                  50
JTU91000000JOL           2003        M03                  52
JTU91000000JOL           2003        M04                  30
JTU91000000JOL           2003        M05                  44
JTU91000000JOL           2003        M06                  72
JTU91000000JOL           2003        M07                  57
JTU91000000JOL           2003        M08                  56
JTU91000000JOL           2003        M09                  48
JTU91000000JOL           2003        M10                  39
JTU91000000JOL           2003        M11                  41
JTU91000000JOL           2003        M12                  50
JTU91000000JOL           2004        M01                  49
JTU91000000JOL           2004        M02                  54
JTU91000000JOL           2004        M03                  61
JTU91000000JOL           2004        M04                  70
JTU91000000JOL           2004        M05                  34
JTU91000000JOL           2004        M06                  59
JTU91000000JOL           2004        M07                  43
JTU91000000JOL           2004        M08                  45
JTU91000000JOL           2004        M09                  48
JTU91000000JOL           2004        M10                  39
JTU91000000JOL           2004        M11                  42
JTU91000000JOL           2004        M12                  60
JTU91000000JOL           2005        M01                  34
JTU91000000JOL           2005        M02                  41
JTU91000000JOL           2005        M03                  52
JTU91000000JOL           2005        M04                  44
JTU91000000JOL           2005        M05                  55
JTU91000000JOL           2005        M06                  46
JTU91000000JOL           2005        M07                  50
JTU91000000JOL           2005        M08                  52
JTU91000000JOL           2005        M09                  49
JTU91000000JOL           2005        M10                  38
JTU91000000JOL           2005        M11                  40
JTU91000000JOL           2005        M12                  54
JTU91000000JOL           2006        M01                  40
JTU91000000JOL           2006        M02                  49
JTU91000000JOL           2006        M03                  51
JTU91000000JOL           2006        M04                  56
JTU91000000JOL           2006        M05                  48
JTU91000000JOL           2006        M06                  51
JTU91000000JOL           2006        M07                  66
JTU91000000JOL           2006        M08                  64
JTU91000000JOL           2006        M09                  37
JTU91000000JOL           2006        M10                  35
JTU91000000JOL           2006        M11                  39
JTU91000000JOL           2006        M12                  35
JTU91000000JOL           2007        M01                  40
JTU91000000JOL           2007        M02                  46
JTU91000000JOL           2007        M03                  59
JTU91000000JOL           2007        M04                  55
JTU91000000JOL           2007        M05                  44
JTU91000000JOL           2007        M06                  40
JTU91000000JOL           2007        M07                  47
JTU91000000JOL           2007        M08                  62
JTU91000000JOL           2007        M09                  52
JTU91000000JOL           2007        M10                  42
JTU91000000JOL           2007        M11                  49
JTU91000000JOL           2007        M12                  51
JTU91000000JOL           2008        M01                  37
JTU91000000JOL           2008        M02                  52
JTU91000000JOL           2008        M03                  60
JTU91000000JOL           2008        M04                  35
JTU91000000JOL           2008        M05                  62
JTU91000000JOL           2008        M06                  57
JTU91000000JOL           2008        M07                  60
JTU91000000JOL           2008        M08                  84
JTU91000000JOL           2008        M09                  57
JTU91000000JOL           2008        M10                  60
JTU91000000JOL           2008        M11                  27
JTU91000000JOL           2008        M12                  26
JTU91000000JOL           2009        M01                  80
JTU91000000JOL           2009        M02                  72
JTU91000000JOL           2009        M03                 112
JTU91000000JOL           2009        M04                  85
JTU91000000JOL           2009        M05                  40
JTU91000000JOL           2009        M06                  52
JTU91000000JOL           2009        M07                  56
JTU91000000JOL           2009        M08                  33
JTU91000000JOL           2009        M09                  55
JTU91000000JOL           2009        M10                 125
JTU91000000JOL           2009        M11                  95
JTU91000000JOL           2009        M12                  73
JTU91000000JOL           2010        M01                 137
JTU91000000JOL           2010        M02                 129
JTU91000000JOL           2010        M03                 165
JTU91000000JOL           2010        M04                 379
JTU91000000JOL           2010        M05                 136
JTU91000000JOL           2010        M06                  85
JTU91000000JOL           2010        M07                  75
JTU91000000JOL           2010        M08                  89
JTU91000000JOL           2010        M09                  77
JTU91000000JOL           2010        M10                  64
JTU91000000JOL           2010        M11                  77
JTU91000000JOL           2010        M12                  86
JTU91000000JOL           2011        M01                  61
JTU91000000JOL           2011        M02                  53
JTU91000000JOL           2011        M03                  61
JTU91000000JOL           2011        M04                  49
JTU91000000JOL           2011        M05                  48
JTU91000000JOL           2011        M06                  49
JTU91000000JOL           2011        M07                  63
JTU91000000JOL           2011        M08                  46
JTU91000000JOL           2011        M09                  52
JTU91000000JOL           2011        M10                  65
JTU91000000JOL           2011        M11                  46
JTU91000000JOL           2011        M12                  49
JTU91000000JOL           2012        M01                  56
JTU91000000JOL           2012        M02                  64
JTU91000000JOL           2012        M03                  81
JTU91000000JOL           2012        M04                  78
JTU91000000JOL           2012        M05                  59
JTU91000000JOL           2012        M06                  72
JTU91000000JOL           2012        M07                  50
JTU91000000JOL           2012        M08                  86
JTU91000000JOL           2012        M09                  68
JTU91000000JOL           2012        M10                  72
JTU91000000JOL           2012        M11                  51
JTU91000000JOL           2012        M12                  65
JTU91000000JOL           2013        M01                  74
JTU91000000JOL           2013        M02                  68
JTU91000000JOL           2013        M03                  58
JTU91000000JOL           2013        M04                  77
JTU91000000JOL           2013        M05                  51
JTU91000000JOL           2013        M06                  43
JTU91000000JOL           2013        M07                  49
JTU91000000JOL           2013        M08                  41
JTU91000000JOL           2013        M09                  46
JTU91000000JOL           2013        M10                  46
JTU91000000JOL           2013        M11                  47
JTU91000000JOL           2013        M12                  42
JTU91000000JOL           2014        M01                  48
JTU91000000JOL           2014        M02                  59
JTU91000000JOL           2014        M03                  78
JTU91000000JOL           2014        M04                  63
JTU91000000JOL           2014        M05                  67
JTU91000000JOL           2014        M06                  68
JTU91000000JOL           2014        M07                  55
JTU91000000JOL           2014        M08                  72
JTU91000000JOL           2014        M09                  62
JTU91000000JOL           2014        M10                  58
JTU91000000JOL           2014        M11                  55
JTU91000000JOL           2014        M12                  62
JTU91000000JOL           2015        M01                  74
JTU91000000JOL           2015        M02                  91
JTU91000000JOL           2015        M03                  86
JTU91000000JOL           2015        M04                  83
JTU91000000JOL           2015        M05                  80
JTU91000000JOL           2015        M06                  65
JTU91000000JOL           2015        M07                  74
JTU91000000JOL           2015        M08                  67
JTU91000000JOL           2015        M09                  55
JTU91000000JOL           2015        M10                  68
JTU91000000JOL           2015        M11                  73
JTU91000000JOL           2015        M12                  83
JTU91000000JOL           2016        M01                  86
JTU91000000JOL           2016        M02                  87
JTU91000000JOL           2016        M03                  94
JTU91000000JOL           2016        M04                  82
JTU91000000JOL           2016        M05                 101
JTU91000000JOL           2016        M06                  99
JTU91000000JOL           2016        M07                  91
JTU91000000JOL           2016        M08                  85
JTU91000000JOL           2016        M09                 102
JTU91000000JOL           2016        M10                  74
JTU91000000JOL           2016        M11                  82
JTU91000000JOL           2016        M12                 110
JTU91000000JOL           2017        M01                  82
JTU91000000JOL           2017        M02                  83
JTU91000000JOL           2017        M03                  91
JTU91000000JOL           2017        M04                  93
JTU91000000JOL           2017        M05                 118
JTU91000000JOL           2017        M06                 101
JTU91000000JOL           2017        M07                  83
JTU91000000JOL           2017        M08                  66
JTU91000000JOL           2017        M09                  75
JTU91000000JOL           2017        M10                  73
JTU91000000JOL           2017        M11                  71
JTU91000000JOL           2017        M12                  84        p
JTU91000000JOR           2000        M12                 2.1
JTU91000000JOR           2001        M01                 2.1
JTU91000000JOR           2001        M02                 2.1
JTU91000000JOR           2001        M03                 2.4
JTU91000000JOR           2001        M04                 2.6
JTU91000000JOR           2001        M05                 2.3
JTU91000000JOR           2001        M06                 2.8
JTU91000000JOR           2001        M07                 1.5
JTU91000000JOR           2001        M08                 1.6
JTU91000000JOR           2001        M09                 1.5
JTU91000000JOR           2001        M10                 1.5
JTU91000000JOR           2001        M11                 1.5
JTU91000000JOR           2001        M12                 1.3
JTU91000000JOR           2002        M01                 1.4
JTU91000000JOR           2002        M02                 1.8
JTU91000000JOR           2002        M03                 1.9
JTU91000000JOR           2002        M04                 2.0
JTU91000000JOR           2002        M05                 2.2
JTU91000000JOR           2002        M06                 1.3
JTU91000000JOR           2002        M07                 1.8
JTU91000000JOR           2002        M08                 1.9
JTU91000000JOR           2002        M09                 1.6
JTU91000000JOR           2002        M10                 1.1
JTU91000000JOR           2002        M11                 1.6
JTU91000000JOR           2002        M12                 1.3
JTU91000000JOR           2003        M01                 1.6
JTU91000000JOR           2003        M02                 1.8
JTU91000000JOR           2003        M03                 1.9
JTU91000000JOR           2003        M04                 1.1
JTU91000000JOR           2003        M05                 1.6
JTU91000000JOR           2003        M06                 2.5
JTU91000000JOR           2003        M07                 2.0
JTU91000000JOR           2003        M08                 2.0
JTU91000000JOR           2003        M09                 1.7
JTU91000000JOR           2003        M10                 1.4
JTU91000000JOR           2003        M11                 1.5
JTU91000000JOR           2003        M12                 1.8
JTU91000000JOR           2004        M01                 1.8
JTU91000000JOR           2004        M02                 1.9
JTU91000000JOR           2004        M03                 2.2
JTU91000000JOR           2004        M04                 2.5
JTU91000000JOR           2004        M05                 1.2
JTU91000000JOR           2004        M06                 2.1
JTU91000000JOR           2004        M07                 1.5
JTU91000000JOR           2004        M08                 1.6
JTU91000000JOR           2004        M09                 1.7
JTU91000000JOR           2004        M10                 1.4
JTU91000000JOR           2004        M11                 1.5
JTU91000000JOR           2004        M12                 2.1
JTU91000000JOR           2005        M01                 1.2
JTU91000000JOR           2005        M02                 1.5
JTU91000000JOR           2005        M03                 1.9
JTU91000000JOR           2005        M04                 1.6
JTU91000000JOR           2005        M05                 2.0
JTU91000000JOR           2005        M06                 1.6
JTU91000000JOR           2005        M07                 1.8
JTU91000000JOR           2005        M08                 1.9
JTU91000000JOR           2005        M09                 1.8
JTU91000000JOR           2005        M10                 1.4
JTU91000000JOR           2005        M11                 1.4
JTU91000000JOR           2005        M12                 1.9
JTU91000000JOR           2006        M01                 1.5
JTU91000000JOR           2006        M02                 1.8
JTU91000000JOR           2006        M03                 1.8
JTU91000000JOR           2006        M04                 2.0
JTU91000000JOR           2006        M05                 1.7
JTU91000000JOR           2006        M06                 1.8
JTU91000000JOR           2006        M07                 2.3
JTU91000000JOR           2006        M08                 2.3
JTU91000000JOR           2006        M09                 1.3
JTU91000000JOR           2006        M10                 1.3
JTU91000000JOR           2006        M11                 1.4
JTU91000000JOR           2006        M12                 1.3
JTU91000000JOR           2007        M01                 1.5
JTU91000000JOR           2007        M02                 1.7
JTU91000000JOR           2007        M03                 2.1
JTU91000000JOR           2007        M04                 2.0
JTU91000000JOR           2007        M05                 1.6
JTU91000000JOR           2007        M06                 1.4
JTU91000000JOR           2007        M07                 1.7
JTU91000000JOR           2007        M08                 2.2
JTU91000000JOR           2007        M09                 1.9
JTU91000000JOR           2007        M10                 1.5
JTU91000000JOR           2007        M11                 1.8
JTU91000000JOR           2007        M12                 1.8
JTU91000000JOR           2008        M01                 1.4
JTU91000000JOR           2008        M02                 1.9
JTU91000000JOR           2008        M03                 2.1
JTU91000000JOR           2008        M04                 1.3
JTU91000000JOR           2008        M05                 2.2
JTU91000000JOR           2008        M06                 2.0
JTU91000000JOR           2008        M07                 2.1
JTU91000000JOR           2008        M08                 2.9
JTU91000000JOR           2008        M09                 2.0
JTU91000000JOR           2008        M10                 2.1
JTU91000000JOR           2008        M11                 1.0
JTU91000000JOR           2008        M12                 0.9
JTU91000000JOR           2009        M01                 2.8
JTU91000000JOR           2009        M02                 2.5
JTU91000000JOR           2009        M03                 3.9
JTU91000000JOR           2009        M04                 2.8
JTU91000000JOR           2009        M05                 1.4
JTU91000000JOR           2009        M06                 1.8
JTU91000000JOR           2009        M07                 1.9
JTU91000000JOR           2009        M08                 1.1
JTU91000000JOR           2009        M09                 1.9
JTU91000000JOR           2009        M10                 4.2
JTU91000000JOR           2009        M11                 3.2
JTU91000000JOR           2009        M12                 2.5
JTU91000000JOR           2010        M01                 4.6
JTU91000000JOR           2010        M02                 4.3
JTU91000000JOR           2010        M03                 5.4
JTU91000000JOR           2010        M04                11.3
JTU91000000JOR           2010        M05                 3.8
JTU91000000JOR           2010        M06                 2.6
JTU91000000JOR           2010        M07                 2.4
JTU91000000JOR           2010        M08                 2.9
JTU91000000JOR           2010        M09                 2.6
JTU91000000JOR           2010        M10                 2.2
JTU91000000JOR           2010        M11                 2.6
JTU91000000JOR           2010        M12                 2.9
JTU91000000JOR           2011        M01                 2.1
JTU91000000JOR           2011        M02                 1.8
JTU91000000JOR           2011        M03                 2.1
JTU91000000JOR           2011        M04                 1.7
JTU91000000JOR           2011        M05                 1.6
JTU91000000JOR           2011        M06                 1.7
JTU91000000JOR           2011        M07                 2.1
JTU91000000JOR           2011        M08                 1.6
JTU91000000JOR           2011        M09                 1.8
JTU91000000JOR           2011        M10                 2.2
JTU91000000JOR           2011        M11                 1.6
JTU91000000JOR           2011        M12                 1.7
JTU91000000JOR           2012        M01                 2.0
JTU91000000JOR           2012        M02                 2.2
JTU91000000JOR           2012        M03                 2.8
JTU91000000JOR           2012        M04                 2.7
JTU91000000JOR           2012        M05                 2.0
JTU91000000JOR           2012        M06                 2.5
JTU91000000JOR           2012        M07                 1.7
JTU91000000JOR           2012        M08                 3.0
JTU91000000JOR           2012        M09                 2.4
JTU91000000JOR           2012        M10                 2.5
JTU91000000JOR           2012        M11                 1.8
JTU91000000JOR           2012        M12                 2.3
JTU91000000JOR           2013        M01                 2.6
JTU91000000JOR           2013        M02                 2.4
JTU91000000JOR           2013        M03                 2.1
JTU91000000JOR           2013        M04                 2.7
JTU91000000JOR           2013        M05                 1.8
JTU91000000JOR           2013        M06                 1.5
JTU91000000JOR           2013        M07                 1.7
JTU91000000JOR           2013        M08                 1.5
JTU91000000JOR           2013        M09                 1.7
JTU91000000JOR           2013        M10                 1.7
JTU91000000JOR           2013        M11                 1.7
JTU91000000JOR           2013        M12                 1.5
JTU91000000JOR           2014        M01                 1.7
JTU91000000JOR           2014        M02                 2.1
JTU91000000JOR           2014        M03                 2.8
JTU91000000JOR           2014        M04                 2.3
JTU91000000JOR           2014        M05                 2.4
JTU91000000JOR           2014        M06                 2.4
JTU91000000JOR           2014        M07                 2.0
JTU91000000JOR           2014        M08                 2.6
JTU91000000JOR           2014        M09                 2.2
JTU91000000JOR           2014        M10                 2.1
JTU91000000JOR           2014        M11                 2.0
JTU91000000JOR           2014        M12                 2.2
JTU91000000JOR           2015        M01                 2.6
JTU91000000JOR           2015        M02                 3.2
JTU91000000JOR           2015        M03                 3.0
JTU91000000JOR           2015        M04                 2.9
JTU91000000JOR           2015        M05                 2.8
JTU91000000JOR           2015        M06                 2.3
JTU91000000JOR           2015        M07                 2.6
JTU91000000JOR           2015        M08                 2.3
JTU91000000JOR           2015        M09                 1.9
JTU91000000JOR           2015        M10                 2.4
JTU91000000JOR           2015        M11                 2.6
JTU91000000JOR           2015        M12                 2.9
JTU91000000JOR           2016        M01                 3.0
JTU91000000JOR           2016        M02                 3.0
JTU91000000JOR           2016        M03                 3.3
JTU91000000JOR           2016        M04                 2.9
JTU91000000JOR           2016        M05                 3.5
JTU91000000JOR           2016        M06                 3.4
JTU91000000JOR           2016        M07                 3.1
JTU91000000JOR           2016        M08                 2.9
JTU91000000JOR           2016        M09                 3.5
JTU91000000JOR           2016        M10                 2.6
JTU91000000JOR           2016        M11                 2.8
JTU91000000JOR           2016        M12                 3.7
JTU91000000JOR           2017        M01                 2.8
JTU91000000JOR           2017        M02                 2.9
JTU91000000JOR           2017        M03                 3.1
JTU91000000JOR           2017        M04                 3.2
JTU91000000JOR           2017        M05                 4.0
JTU91000000JOR           2017        M06                 3.4
JTU91000000JOR           2017        M07                 2.9
JTU91000000JOR           2017        M08                 2.3
JTU91000000JOR           2017        M09                 2.6
JTU91000000JOR           2017        M10                 2.5
JTU91000000JOR           2017        M11                 2.5
JTU91000000JOR           2017        M12                 2.9        p
JTU92000000JOL           2000        M12                 396
JTU92000000JOL           2001        M01                 421
JTU92000000JOL           2001        M02                 344
JTU92000000JOL           2001        M03                 400
JTU92000000JOL           2001        M04                 381
JTU92000000JOL           2001        M05                 469
JTU92000000JOL           2001        M06                 478
JTU92000000JOL           2001        M07                 476
JTU92000000JOL           2001        M08                 442
JTU92000000JOL           2001        M09                 312
JTU92000000JOL           2001        M10                 379
JTU92000000JOL           2001        M11                 378
JTU92000000JOL           2001        M12                 336
JTU92000000JOL           2002        M01                 318
JTU92000000JOL           2002        M02                 377
JTU92000000JOL           2002        M03                 374
JTU92000000JOL           2002        M04                 351
JTU92000000JOL           2002        M05                 441
JTU92000000JOL           2002        M06                 402
JTU92000000JOL           2002        M07                 392
JTU92000000JOL           2002        M08                 419
JTU92000000JOL           2002        M09                 329
JTU92000000JOL           2002        M10                 335
JTU92000000JOL           2002        M11                 353
JTU92000000JOL           2002        M12                 295
JTU92000000JOL           2003        M01                 334
JTU92000000JOL           2003        M02                 310
JTU92000000JOL           2003        M03                 304
JTU92000000JOL           2003        M04                 342
JTU92000000JOL           2003        M05                 308
JTU92000000JOL           2003        M06                 369
JTU92000000JOL           2003        M07                 322
JTU92000000JOL           2003        M08                 271
JTU92000000JOL           2003        M09                 249
JTU92000000JOL           2003        M10                 292
JTU92000000JOL           2003        M11                 261
JTU92000000JOL           2003        M12                 253
JTU92000000JOL           2004        M01                 243
JTU92000000JOL           2004        M02                 261
JTU92000000JOL           2004        M03                 296
JTU92000000JOL           2004        M04                 299
JTU92000000JOL           2004        M05                 354
JTU92000000JOL           2004        M06                 303
JTU92000000JOL           2004        M07                 314
JTU92000000JOL           2004        M08                 295
JTU92000000JOL           2004        M09                 292
JTU92000000JOL           2004        M10                 323
JTU92000000JOL           2004        M11                 302
JTU92000000JOL           2004        M12                 298
JTU92000000JOL           2005        M01                 260
JTU92000000JOL           2005        M02                 298
JTU92000000JOL           2005        M03                 301
JTU92000000JOL           2005        M04                 333
JTU92000000JOL           2005        M05                 343
JTU92000000JOL           2005        M06                 353
JTU92000000JOL           2005        M07                 401
JTU92000000JOL           2005        M08                 349
JTU92000000JOL           2005        M09                 343
JTU92000000JOL           2005        M10                 329
JTU92000000JOL           2005        M11                 311
JTU92000000JOL           2005        M12                 328
JTU92000000JOL           2006        M01                 312
JTU92000000JOL           2006        M02                 319
JTU92000000JOL           2006        M03                 364
JTU92000000JOL           2006        M04                 381
JTU92000000JOL           2006        M05                 382
JTU92000000JOL           2006        M06                 400
JTU92000000JOL           2006        M07                 478
JTU92000000JOL           2006        M08                 437
JTU92000000JOL           2006        M09                 418
JTU92000000JOL           2006        M10                 362
JTU92000000JOL           2006        M11                 377
JTU92000000JOL           2006        M12                 353
JTU92000000JOL           2007        M01                 374
JTU92000000JOL           2007        M02                 364
JTU92000000JOL           2007        M03                 382
JTU92000000JOL           2007        M04                 391
JTU92000000JOL           2007        M05                 406
JTU92000000JOL           2007        M06                 435
JTU92000000JOL           2007        M07                 435
JTU92000000JOL           2007        M08                 431
JTU92000000JOL           2007        M09                 388
JTU92000000JOL           2007        M10                 369
JTU92000000JOL           2007        M11                 369
JTU92000000JOL           2007        M12                 346
JTU92000000JOL           2008        M01                 347
JTU92000000JOL           2008        M02                 349
JTU92000000JOL           2008        M03                 353
JTU92000000JOL           2008        M04                 359
JTU92000000JOL           2008        M05                 426
JTU92000000JOL           2008        M06                 404
JTU92000000JOL           2008        M07                 378
JTU92000000JOL           2008        M08                 349
JTU92000000JOL           2008        M09                 348
JTU92000000JOL           2008        M10                 318
JTU92000000JOL           2008        M11                 329
JTU92000000JOL           2008        M12                 250
JTU92000000JOL           2009        M01                 282
JTU92000000JOL           2009        M02                 262
JTU92000000JOL           2009        M03                 238
JTU92000000JOL           2009        M04                 293
JTU92000000JOL           2009        M05                 260
JTU92000000JOL           2009        M06                 299
JTU92000000JOL           2009        M07                 238
JTU92000000JOL           2009        M08                 302
JTU92000000JOL           2009        M09                 213
JTU92000000JOL           2009        M10                 274
JTU92000000JOL           2009        M11                 239
JTU92000000JOL           2009        M12                 235
JTU92000000JOL           2010        M01                 232
JTU92000000JOL           2010        M02                 207
JTU92000000JOL           2010        M03                 240
JTU92000000JOL           2010        M04                 266
JTU92000000JOL           2010        M05                 250
JTU92000000JOL           2010        M06                 245
JTU92000000JOL           2010        M07                 265
JTU92000000JOL           2010        M08                 255
JTU92000000JOL           2010        M09                 230
JTU92000000JOL           2010        M10                 280
JTU92000000JOL           2010        M11                 214
JTU92000000JOL           2010        M12                 291
JTU92000000JOL           2011        M01                 250
JTU92000000JOL           2011        M02                 238
JTU92000000JOL           2011        M03                 261
JTU92000000JOL           2011        M04                 286
JTU92000000JOL           2011        M05                 245
JTU92000000JOL           2011        M06                 332
JTU92000000JOL           2011        M07                 270
JTU92000000JOL           2011        M08                 299
JTU92000000JOL           2011        M09                 330
JTU92000000JOL           2011        M10                 293
JTU92000000JOL           2011        M11                 279
JTU92000000JOL           2011        M12                 284
JTU92000000JOL           2012        M01                 272
JTU92000000JOL           2012        M02                 310
JTU92000000JOL           2012        M03                 313
JTU92000000JOL           2012        M04                 296
JTU92000000JOL           2012        M05                 313
JTU92000000JOL           2012        M06                 335
JTU92000000JOL           2012        M07                 344
JTU92000000JOL           2012        M08                 341
JTU92000000JOL           2012        M09                 291
JTU92000000JOL           2012        M10                 305
JTU92000000JOL           2012        M11                 285
JTU92000000JOL           2012        M12                 298
JTU92000000JOL           2013        M01                 312
JTU92000000JOL           2013        M02                 337
JTU92000000JOL           2013        M03                 321
JTU92000000JOL           2013        M04                 357
JTU92000000JOL           2013        M05                 372
JTU92000000JOL           2013        M06                 366
JTU92000000JOL           2013        M07                 354
JTU92000000JOL           2013        M08                 362
JTU92000000JOL           2013        M09                 323
JTU92000000JOL           2013        M10                 350
JTU92000000JOL           2013        M11                 306
JTU92000000JOL           2013        M12                 276
JTU92000000JOL           2014        M01                 305
JTU92000000JOL           2014        M02                 326
JTU92000000JOL           2014        M03                 358
JTU92000000JOL           2014        M04                 380
JTU92000000JOL           2014        M05                 390
JTU92000000JOL           2014        M06                 478
JTU92000000JOL           2014        M07                 436
JTU92000000JOL           2014        M08                 409
JTU92000000JOL           2014        M09                 399
JTU92000000JOL           2014        M10                 358
JTU92000000JOL           2014        M11                 378
JTU92000000JOL           2014        M12                 384
JTU92000000JOL           2015        M01                 416
JTU92000000JOL           2015        M02                 425
JTU92000000JOL           2015        M03                 427
JTU92000000JOL           2015        M04                 419
JTU92000000JOL           2015        M05                 465
JTU92000000JOL           2015        M06                 428
JTU92000000JOL           2015        M07                 487
JTU92000000JOL           2015        M08                 459
JTU92000000JOL           2015        M09                 405
JTU92000000JOL           2015        M10                 404
JTU92000000JOL           2015        M11                 379
JTU92000000JOL           2015        M12                 400
JTU92000000JOL           2016        M01                 390
JTU92000000JOL           2016        M02                 368
JTU92000000JOL           2016        M03                 403
JTU92000000JOL           2016        M04                 435
JTU92000000JOL           2016        M05                 441
JTU92000000JOL           2016        M06                 477
JTU92000000JOL           2016        M07                 508
JTU92000000JOL           2016        M08                 457
JTU92000000JOL           2016        M09                 424
JTU92000000JOL           2016        M10                 404
JTU92000000JOL           2016        M11                 482
JTU92000000JOL           2016        M12                 348
JTU92000000JOL           2017        M01                 388
JTU92000000JOL           2017        M02                 401
JTU92000000JOL           2017        M03                 435
JTU92000000JOL           2017        M04                 458
JTU92000000JOL           2017        M05                 415
JTU92000000JOL           2017        M06                 504
JTU92000000JOL           2017        M07                 478
JTU92000000JOL           2017        M08                 466
JTU92000000JOL           2017        M09                 446
JTU92000000JOL           2017        M10                 436
JTU92000000JOL           2017        M11                 427
JTU92000000JOL           2017        M12                 419        p
JTU92000000JOR           2000        M12                 2.1
JTU92000000JOR           2001        M01                 2.3
JTU92000000JOR           2001        M02                 1.8
JTU92000000JOR           2001        M03                 2.1
JTU92000000JOR           2001        M04                 2.0
JTU92000000JOR           2001        M05                 2.5
JTU92000000JOR           2001        M06                 2.5
JTU92000000JOR           2001        M07                 2.7
JTU92000000JOR           2001        M08                 2.5
JTU92000000JOR           2001        M09                 1.7
JTU92000000JOR           2001        M10                 2.0
JTU92000000JOR           2001        M11                 2.0
JTU92000000JOR           2001        M12                 1.7
JTU92000000JOR           2002        M01                 1.7
JTU92000000JOR           2002        M02                 1.9
JTU92000000JOR           2002        M03                 1.9
JTU92000000JOR           2002        M04                 1.8
JTU92000000JOR           2002        M05                 2.3
JTU92000000JOR           2002        M06                 2.1
JTU92000000JOR           2002        M07                 2.2
JTU92000000JOR           2002        M08                 2.3
JTU92000000JOR           2002        M09                 1.7
JTU92000000JOR           2002        M10                 1.7
JTU92000000JOR           2002        M11                 1.8
JTU92000000JOR           2002        M12                 1.5
JTU92000000JOR           2003        M01                 1.7
JTU92000000JOR           2003        M02                 1.6
JTU92000000JOR           2003        M03                 1.6
JTU92000000JOR           2003        M04                 1.7
JTU92000000JOR           2003        M05                 1.6
JTU92000000JOR           2003        M06                 1.9
JTU92000000JOR           2003        M07                 1.8
JTU92000000JOR           2003        M08                 1.5
JTU92000000JOR           2003        M09                 1.3
JTU92000000JOR           2003        M10                 1.5
JTU92000000JOR           2003        M11                 1.3
JTU92000000JOR           2003        M12                 1.3
JTU92000000JOR           2004        M01                 1.3
JTU92000000JOR           2004        M02                 1.3
JTU92000000JOR           2004        M03                 1.5
JTU92000000JOR           2004        M04                 1.5
JTU92000000JOR           2004        M05                 1.8
JTU92000000JOR           2004        M06                 1.6
JTU92000000JOR           2004        M07                 1.7
JTU92000000JOR           2004        M08                 1.6
JTU92000000JOR           2004        M09                 1.5
JTU92000000JOR           2004        M10                 1.6
JTU92000000JOR           2004        M11                 1.5
JTU92000000JOR           2004        M12                 1.5
JTU92000000JOR           2005        M01                 1.4
JTU92000000JOR           2005        M02                 1.5
JTU92000000JOR           2005        M03                 1.5
JTU92000000JOR           2005        M04                 1.7
JTU92000000JOR           2005        M05                 1.7
JTU92000000JOR           2005        M06                 1.8
JTU92000000JOR           2005        M07                 2.2
JTU92000000JOR           2005        M08                 1.9
JTU92000000JOR           2005        M09                 1.8
JTU92000000JOR           2005        M10                 1.7
JTU92000000JOR           2005        M11                 1.6
JTU92000000JOR           2005        M12                 1.7
JTU92000000JOR           2006        M01                 1.6
JTU92000000JOR           2006        M02                 1.6
JTU92000000JOR           2006        M03                 1.8
JTU92000000JOR           2006        M04                 1.9
JTU92000000JOR           2006        M05                 1.9
JTU92000000JOR           2006        M06                 2.0
JTU92000000JOR           2006        M07                 2.6
JTU92000000JOR           2006        M08                 2.4
JTU92000000JOR           2006        M09                 2.1
JTU92000000JOR           2006        M10                 1.8
JTU92000000JOR           2006        M11                 1.9
JTU92000000JOR           2006        M12                 1.8
JTU92000000JOR           2007        M01                 1.9
JTU92000000JOR           2007        M02                 1.8
JTU92000000JOR           2007        M03                 1.9
JTU92000000JOR           2007        M04                 1.9
JTU92000000JOR           2007        M05                 2.0
JTU92000000JOR           2007        M06                 2.2
JTU92000000JOR           2007        M07                 2.3
JTU92000000JOR           2007        M08                 2.3
JTU92000000JOR           2007        M09                 2.0
JTU92000000JOR           2007        M10                 1.8
JTU92000000JOR           2007        M11                 1.8
JTU92000000JOR           2007        M12                 1.7
JTU92000000JOR           2008        M01                 1.7
JTU92000000JOR           2008        M02                 1.7
JTU92000000JOR           2008        M03                 1.7
JTU92000000JOR           2008        M04                 1.8
JTU92000000JOR           2008        M05                 2.1
JTU92000000JOR           2008        M06                 2.0
JTU92000000JOR           2008        M07                 2.0
JTU92000000JOR           2008        M08                 1.8
JTU92000000JOR           2008        M09                 1.7
JTU92000000JOR           2008        M10                 1.6
JTU92000000JOR           2008        M11                 1.6
JTU92000000JOR           2008        M12                 1.2
JTU92000000JOR           2009        M01                 1.4
JTU92000000JOR           2009        M02                 1.3
JTU92000000JOR           2009        M03                 1.2
JTU92000000JOR           2009        M04                 1.4
JTU92000000JOR           2009        M05                 1.3
JTU92000000JOR           2009        M06                 1.5
JTU92000000JOR           2009        M07                 1.3
JTU92000000JOR           2009        M08                 1.6
JTU92000000JOR           2009        M09                 1.1
JTU92000000JOR           2009        M10                 1.3
JTU92000000JOR           2009        M11                 1.2
JTU92000000JOR           2009        M12                 1.2
JTU92000000JOR           2010        M01                 1.2
JTU92000000JOR           2010        M02                 1.0
JTU92000000JOR           2010        M03                 1.2
JTU92000000JOR           2010        M04                 1.3
JTU92000000JOR           2010        M05                 1.2
JTU92000000JOR           2010        M06                 1.2
JTU92000000JOR           2010        M07                 1.4
JTU92000000JOR           2010        M08                 1.4
JTU92000000JOR           2010        M09                 1.2
JTU92000000JOR           2010        M10                 1.4
JTU92000000JOR           2010        M11                 1.1
JTU92000000JOR           2010        M12                 1.5
JTU92000000JOR           2011        M01                 1.3
JTU92000000JOR           2011        M02                 1.2
JTU92000000JOR           2011        M03                 1.3
JTU92000000JOR           2011        M04                 1.4
JTU92000000JOR           2011        M05                 1.2
JTU92000000JOR           2011        M06                 1.7
JTU92000000JOR           2011        M07                 1.5
JTU92000000JOR           2011        M08                 1.6
JTU92000000JOR           2011        M09                 1.7
JTU92000000JOR           2011        M10                 1.5
JTU92000000JOR           2011        M11                 1.4
JTU92000000JOR           2011        M12                 1.4
JTU92000000JOR           2012        M01                 1.4
JTU92000000JOR           2012        M02                 1.6
JTU92000000JOR           2012        M03                 1.6
JTU92000000JOR           2012        M04                 1.5
JTU92000000JOR           2012        M05                 1.6
JTU92000000JOR           2012        M06                 1.7
JTU92000000JOR           2012        M07                 1.9
JTU92000000JOR           2012        M08                 1.9
JTU92000000JOR           2012        M09                 1.5
JTU92000000JOR           2012        M10                 1.5
JTU92000000JOR           2012        M11                 1.4
JTU92000000JOR           2012        M12                 1.5
JTU92000000JOR           2013        M01                 1.6
JTU92000000JOR           2013        M02                 1.7
JTU92000000JOR           2013        M03                 1.6
JTU92000000JOR           2013        M04                 1.8
JTU92000000JOR           2013        M05                 1.9
JTU92000000JOR           2013        M06                 1.9
JTU92000000JOR           2013        M07                 2.0
JTU92000000JOR           2013        M08                 2.0
JTU92000000JOR           2013        M09                 1.7
JTU92000000JOR           2013        M10                 1.8
JTU92000000JOR           2013        M11                 1.5
JTU92000000JOR           2013        M12                 1.4
JTU92000000JOR           2014        M01                 1.6
JTU92000000JOR           2014        M02                 1.7
JTU92000000JOR           2014        M03                 1.8
JTU92000000JOR           2014        M04                 1.9
JTU92000000JOR           2014        M05                 2.0
JTU92000000JOR           2014        M06                 2.4
JTU92000000JOR           2014        M07                 2.4
JTU92000000JOR           2014        M08                 2.2
JTU92000000JOR           2014        M09                 2.1
JTU92000000JOR           2014        M10                 1.8
JTU92000000JOR           2014        M11                 1.9
JTU92000000JOR           2014        M12                 1.9
JTU92000000JOR           2015        M01                 2.1
JTU92000000JOR           2015        M02                 2.1
JTU92000000JOR           2015        M03                 2.1
JTU92000000JOR           2015        M04                 2.1
JTU92000000JOR           2015        M05                 2.3
JTU92000000JOR           2015        M06                 2.2
JTU92000000JOR           2015        M07                 2.6
JTU92000000JOR           2015        M08                 2.5
JTU92000000JOR           2015        M09                 2.1
JTU92000000JOR           2015        M10                 2.0
JTU92000000JOR           2015        M11                 1.9
JTU92000000JOR           2015        M12                 2.0
JTU92000000JOR           2016        M01                 2.0
JTU92000000JOR           2016        M02                 1.8
JTU92000000JOR           2016        M03                 2.0
JTU92000000JOR           2016        M04                 2.1
JTU92000000JOR           2016        M05                 2.2
JTU92000000JOR           2016        M06                 2.4
JTU92000000JOR           2016        M07                 2.7
JTU92000000JOR           2016        M08                 2.4
JTU92000000JOR           2016        M09                 2.1
JTU92000000JOR           2016        M10                 2.0
JTU92000000JOR           2016        M11                 2.4
JTU92000000JOR           2016        M12                 1.7
JTU92000000JOR           2017        M01                 2.0
JTU92000000JOR           2017        M02                 2.0
JTU92000000JOR           2017        M03                 2.1
JTU92000000JOR           2017        M04                 2.2
JTU92000000JOR           2017        M05                 2.1
JTU92000000JOR           2017        M06                 2.5
JTU92000000JOR           2017        M07                 2.6
JTU92000000JOR           2017        M08                 2.5
JTU92000000JOR           2017        M09                 2.2
JTU92000000JOR           2017        M10                 2.1
JTU92000000JOR           2017        M11                 2.1
JTU92000000JOR           2017        M12                 2.1        p
JTU92300000JOL           2000        M12                 131
JTU92300000JOL           2001        M01                 121
JTU92300000JOL           2001        M02                 114
JTU92300000JOL           2001        M03                 119
JTU92300000JOL           2001        M04                 130
JTU92300000JOL           2001        M05                 151
JTU92300000JOL           2001        M06                 161
JTU92300000JOL           2001        M07                 145
JTU92300000JOL           2001        M08                 144
JTU92300000JOL           2001        M09                 141
JTU92300000JOL           2001        M10                 103
JTU92300000JOL           2001        M11                 122
JTU92300000JOL           2001        M12                 109
JTU92300000JOL           2002        M01                 115
JTU92300000JOL           2002        M02                  92
JTU92300000JOL           2002        M03                 109
JTU92300000JOL           2002        M04                 110
JTU92300000JOL           2002        M05                 161
JTU92300000JOL           2002        M06                 164
JTU92300000JOL           2002        M07                 152
JTU92300000JOL           2002        M08                 153
JTU92300000JOL           2002        M09                  89
JTU92300000JOL           2002        M10                  91
JTU92300000JOL           2002        M11                 130
JTU92300000JOL           2002        M12                  98
JTU92300000JOL           2003        M01                 106
JTU92300000JOL           2003        M02                 113
JTU92300000JOL           2003        M03                  93
JTU92300000JOL           2003        M04                 139
JTU92300000JOL           2003        M05                 131
JTU92300000JOL           2003        M06                 177
JTU92300000JOL           2003        M07                 137
JTU92300000JOL           2003        M08                  83
JTU92300000JOL           2003        M09                  64
JTU92300000JOL           2003        M10                 109
JTU92300000JOL           2003        M11                  79
JTU92300000JOL           2003        M12                  81
JTU92300000JOL           2004        M01                  70
JTU92300000JOL           2004        M02                  74
JTU92300000JOL           2004        M03                  94
JTU92300000JOL           2004        M04                  89
JTU92300000JOL           2004        M05                 129
JTU92300000JOL           2004        M06                 120
JTU92300000JOL           2004        M07                 125
JTU92300000JOL           2004        M08                 101
JTU92300000JOL           2004        M09                  96
JTU92300000JOL           2004        M10                 103
JTU92300000JOL           2004        M11                 108
JTU92300000JOL           2004        M12                  90
JTU92300000JOL           2005        M01                  89
JTU92300000JOL           2005        M02                  84
JTU92300000JOL           2005        M03                  93
JTU92300000JOL           2005        M04                 119
JTU92300000JOL           2005        M05                 121
JTU92300000JOL           2005        M06                 122
JTU92300000JOL           2005        M07                 199
JTU92300000JOL           2005        M08                 125
JTU92300000JOL           2005        M09                 103
JTU92300000JOL           2005        M10                 100
JTU92300000JOL           2005        M11                  98
JTU92300000JOL           2005        M12                 118
JTU92300000JOL           2006        M01                  90
JTU92300000JOL           2006        M02                 108
JTU92300000JOL           2006        M03                 118
JTU92300000JOL           2006        M04                 126
JTU92300000JOL           2006        M05                 123
JTU92300000JOL           2006        M06                 162
JTU92300000JOL           2006        M07                 207
JTU92300000JOL           2006        M08                 173
JTU92300000JOL           2006        M09                 138
JTU92300000JOL           2006        M10                 102
JTU92300000JOL           2006        M11                 120
JTU92300000JOL           2006        M12                 106
JTU92300000JOL           2007        M01                 106
JTU92300000JOL           2007        M02                 112
JTU92300000JOL           2007        M03                 114
JTU92300000JOL           2007        M04                 124
JTU92300000JOL           2007        M05                 148
JTU92300000JOL           2007        M06                 156
JTU92300000JOL           2007        M07                 152
JTU92300000JOL           2007        M08                 164
JTU92300000JOL           2007        M09                 150
JTU92300000JOL           2007        M10                 114
JTU92300000JOL           2007        M11                 118
JTU92300000JOL           2007        M12                 114
JTU92300000JOL           2008        M01                  87
JTU92300000JOL           2008        M02                 108
JTU92300000JOL           2008        M03                 109
JTU92300000JOL           2008        M04                 116
JTU92300000JOL           2008        M05                 146
JTU92300000JOL           2008        M06                 144
JTU92300000JOL           2008        M07                 149
JTU92300000JOL           2008        M08                 110
JTU92300000JOL           2008        M09                 104
JTU92300000JOL           2008        M10                  99
JTU92300000JOL           2008        M11                  96
JTU92300000JOL           2008        M12                  82
JTU92300000JOL           2009        M01                  88
JTU92300000JOL           2009        M02                  81
JTU92300000JOL           2009        M03                  69
JTU92300000JOL           2009        M04                  80
JTU92300000JOL           2009        M05                  87
JTU92300000JOL           2009        M06                 120
JTU92300000JOL           2009        M07                  78
JTU92300000JOL           2009        M08                 126
JTU92300000JOL           2009        M09                  59
JTU92300000JOL           2009        M10                 120
JTU92300000JOL           2009        M11                  89
JTU92300000JOL           2009        M12                  74
JTU92300000JOL           2010        M01                  78
JTU92300000JOL           2010        M02                  64
JTU92300000JOL           2010        M03                  79
JTU92300000JOL           2010        M04                  92
JTU92300000JOL           2010        M05                  91
JTU92300000JOL           2010        M06                 107
JTU92300000JOL           2010        M07                 103
JTU92300000JOL           2010        M08                  83
JTU92300000JOL           2010        M09                  61
JTU92300000JOL           2010        M10                  93
JTU92300000JOL           2010        M11                  80
JTU92300000JOL           2010        M12                  90
JTU92300000JOL           2011        M01                  83
JTU92300000JOL           2011        M02                  55
JTU92300000JOL           2011        M03                  80
JTU92300000JOL           2011        M04                  98
JTU92300000JOL           2011        M05                  75
JTU92300000JOL           2011        M06                 155
JTU92300000JOL           2011        M07                  96
JTU92300000JOL           2011        M08                 105
JTU92300000JOL           2011        M09                 105
JTU92300000JOL           2011        M10                 117
JTU92300000JOL           2011        M11                 101
JTU92300000JOL           2011        M12                  98
JTU92300000JOL           2012        M01                  90
JTU92300000JOL           2012        M02                  94
JTU92300000JOL           2012        M03                  95
JTU92300000JOL           2012        M04                 103
JTU92300000JOL           2012        M05                 111
JTU92300000JOL           2012        M06                 132
JTU92300000JOL           2012        M07                 151
JTU92300000JOL           2012        M08                 147
JTU92300000JOL           2012        M09                 106
JTU92300000JOL           2012        M10                  93
JTU92300000JOL           2012        M11                  98
JTU92300000JOL           2012        M12                 103
JTU92300000JOL           2013        M01                  85
JTU92300000JOL           2013        M02                 119
JTU92300000JOL           2013        M03                 106
JTU92300000JOL           2013        M04                 105
JTU92300000JOL           2013        M05                 133
JTU92300000JOL           2013        M06                 111
JTU92300000JOL           2013        M07                 139
JTU92300000JOL           2013        M08                 157
JTU92300000JOL           2013        M09                 120
JTU92300000JOL           2013        M10                 124
JTU92300000JOL           2013        M11                 108
JTU92300000JOL           2013        M12                  96
JTU92300000JOL           2014        M01                  97
JTU92300000JOL           2014        M02                 106
JTU92300000JOL           2014        M03                 114
JTU92300000JOL           2014        M04                 125
JTU92300000JOL           2014        M05                 128
JTU92300000JOL           2014        M06                 186
JTU92300000JOL           2014        M07                 170
JTU92300000JOL           2014        M08                 137
JTU92300000JOL           2014        M09                 161
JTU92300000JOL           2014        M10                 116
JTU92300000JOL           2014        M11                 120
JTU92300000JOL           2014        M12                 117
JTU92300000JOL           2015        M01                 130
JTU92300000JOL           2015        M02                 136
JTU92300000JOL           2015        M03                 124
JTU92300000JOL           2015        M04                 135
JTU92300000JOL           2015        M05                 150
JTU92300000JOL           2015        M06                 189
JTU92300000JOL           2015        M07                 208
JTU92300000JOL           2015        M08                 185
JTU92300000JOL           2015        M09                 133
JTU92300000JOL           2015        M10                 152
JTU92300000JOL           2015        M11                 145
JTU92300000JOL           2015        M12                 151
JTU92300000JOL           2016        M01                 132
JTU92300000JOL           2016        M02                 126
JTU92300000JOL           2016        M03                 139
JTU92300000JOL           2016        M04                 139
JTU92300000JOL           2016        M05                 148
JTU92300000JOL           2016        M06                 169
JTU92300000JOL           2016        M07                 210
JTU92300000JOL           2016        M08                 176
JTU92300000JOL           2016        M09                 136
JTU92300000JOL           2016        M10                 121
JTU92300000JOL           2016        M11                 139
JTU92300000JOL           2016        M12                 127
JTU92300000JOL           2017        M01                 139
JTU92300000JOL           2017        M02                 121
JTU92300000JOL           2017        M03                 147
JTU92300000JOL           2017        M04                 160
JTU92300000JOL           2017        M05                 146
JTU92300000JOL           2017        M06                 187
JTU92300000JOL           2017        M07                 202
JTU92300000JOL           2017        M08                 172
JTU92300000JOL           2017        M09                 166
JTU92300000JOL           2017        M10                 158
JTU92300000JOL           2017        M11                 152
JTU92300000JOL           2017        M12                 152        p
JTU92300000JOR           2000        M12                 1.3
JTU92300000JOR           2001        M01                 1.3
JTU92300000JOR           2001        M02                 1.1
JTU92300000JOR           2001        M03                 1.2
JTU92300000JOR           2001        M04                 1.3
JTU92300000JOR           2001        M05                 1.5
JTU92300000JOR           2001        M06                 1.7
JTU92300000JOR           2001        M07                 1.7
JTU92300000JOR           2001        M08                 1.7
JTU92300000JOR           2001        M09                 1.5
JTU92300000JOR           2001        M10                 1.0
JTU92300000JOR           2001        M11                 1.2
JTU92300000JOR           2001        M12                 1.1
JTU92300000JOR           2002        M01                 1.2
JTU92300000JOR           2002        M02                 0.9
JTU92300000JOR           2002        M03                 1.0
JTU92300000JOR           2002        M04                 1.1
JTU92300000JOR           2002        M05                 1.5
JTU92300000JOR           2002        M06                 1.7
JTU92300000JOR           2002        M07                 1.8
JTU92300000JOR           2002        M08                 1.7
JTU92300000JOR           2002        M09                 0.9
JTU92300000JOR           2002        M10                 0.9
JTU92300000JOR           2002        M11                 1.2
JTU92300000JOR           2002        M12                 0.9
JTU92300000JOR           2003        M01                 1.0
JTU92300000JOR           2003        M02                 1.1
JTU92300000JOR           2003        M03                 0.9
JTU92300000JOR           2003        M04                 1.3
JTU92300000JOR           2003        M05                 1.2
JTU92300000JOR           2003        M06                 1.8
JTU92300000JOR           2003        M07                 1.6
JTU92300000JOR           2003        M08                 0.9
JTU92300000JOR           2003        M09                 0.7
JTU92300000JOR           2003        M10                 1.0
JTU92300000JOR           2003        M11                 0.7
JTU92300000JOR           2003        M12                 0.8
JTU92300000JOR           2004        M01                 0.7
JTU92300000JOR           2004        M02                 0.7
JTU92300000JOR           2004        M03                 0.9
JTU92300000JOR           2004        M04                 0.8
JTU92300000JOR           2004        M05                 1.2
JTU92300000JOR           2004        M06                 1.2
JTU92300000JOR           2004        M07                 1.4
JTU92300000JOR           2004        M08                 1.2
JTU92300000JOR           2004        M09                 1.0
JTU92300000JOR           2004        M10                 1.0
JTU92300000JOR           2004        M11                 1.0
JTU92300000JOR           2004        M12                 0.9
JTU92300000JOR           2005        M01                 0.9
JTU92300000JOR           2005        M02                 0.8
JTU92300000JOR           2005        M03                 0.9
JTU92300000JOR           2005        M04                 1.1
JTU92300000JOR           2005        M05                 1.1
JTU92300000JOR           2005        M06                 1.2
JTU92300000JOR           2005        M07                 2.2
JTU92300000JOR           2005        M08                 1.4
JTU92300000JOR           2005        M09                 1.0
JTU92300000JOR           2005        M10                 0.9
JTU92300000JOR           2005        M11                 0.9
JTU92300000JOR           2005        M12                 1.1
JTU92300000JOR           2006        M01                 0.9
JTU92300000JOR           2006        M02                 1.0
JTU92300000JOR           2006        M03                 1.1
JTU92300000JOR           2006        M04                 1.2
JTU92300000JOR           2006        M05                 1.2
JTU92300000JOR           2006        M06                 1.6
JTU92300000JOR           2006        M07                 2.3
JTU92300000JOR           2006        M08                 1.9
JTU92300000JOR           2006        M09                 1.3
JTU92300000JOR           2006        M10                 0.9
JTU92300000JOR           2006        M11                 1.1
JTU92300000JOR           2006        M12                 1.0
JTU92300000JOR           2007        M01                 1.0
JTU92300000JOR           2007        M02                 1.0
JTU92300000JOR           2007        M03                 1.0
JTU92300000JOR           2007        M04                 1.1
JTU92300000JOR           2007        M05                 1.4
JTU92300000JOR           2007        M06                 1.5
JTU92300000JOR           2007        M07                 1.7
JTU92300000JOR           2007        M08                 1.8
JTU92300000JOR           2007        M09                 1.5
JTU92300000JOR           2007        M10                 1.0
JTU92300000JOR           2007        M11                 1.1
JTU92300000JOR           2007        M12                 1.0
JTU92300000JOR           2008        M01                 0.8
JTU92300000JOR           2008        M02                 1.0
JTU92300000JOR           2008        M03                 1.0
JTU92300000JOR           2008        M04                 1.1
JTU92300000JOR           2008        M05                 1.3
JTU92300000JOR           2008        M06                 1.4
JTU92300000JOR           2008        M07                 1.6
JTU92300000JOR           2008        M08                 1.2
JTU92300000JOR           2008        M09                 1.0
JTU92300000JOR           2008        M10                 0.9
JTU92300000JOR           2008        M11                 0.9
JTU92300000JOR           2008        M12                 0.7
JTU92300000JOR           2009        M01                 0.8
JTU92300000JOR           2009        M02                 0.7
JTU92300000JOR           2009        M03                 0.6
JTU92300000JOR           2009        M04                 0.7
JTU92300000JOR           2009        M05                 0.8
JTU92300000JOR           2009        M06                 1.2
JTU92300000JOR           2009        M07                 0.9
JTU92300000JOR           2009        M08                 1.4
JTU92300000JOR           2009        M09                 0.6
JTU92300000JOR           2009        M10                 1.1
JTU92300000JOR           2009        M11                 0.8
JTU92300000JOR           2009        M12                 0.7
JTU92300000JOR           2010        M01                 0.7
JTU92300000JOR           2010        M02                 0.6
JTU92300000JOR           2010        M03                 0.7
JTU92300000JOR           2010        M04                 0.8
JTU92300000JOR           2010        M05                 0.8
JTU92300000JOR           2010        M06                 1.0
JTU92300000JOR           2010        M07                 1.1
JTU92300000JOR           2010        M08                 0.9
JTU92300000JOR           2010        M09                 0.6
JTU92300000JOR           2010        M10                 0.9
JTU92300000JOR           2010        M11                 0.7
JTU92300000JOR           2010        M12                 0.8
JTU92300000JOR           2011        M01                 0.8
JTU92300000JOR           2011        M02                 0.5
JTU92300000JOR           2011        M03                 0.7
JTU92300000JOR           2011        M04                 0.9
JTU92300000JOR           2011        M05                 0.7
JTU92300000JOR           2011        M06                 1.5
JTU92300000JOR           2011        M07                 1.1
JTU92300000JOR           2011        M08                 1.2
JTU92300000JOR           2011        M09                 1.0
JTU92300000JOR           2011        M10                 1.1
JTU92300000JOR           2011        M11                 0.9
JTU92300000JOR           2011        M12                 0.9
JTU92300000JOR           2012        M01                 0.9
JTU92300000JOR           2012        M02                 0.9
JTU92300000JOR           2012        M03                 0.9
JTU92300000JOR           2012        M04                 1.0
JTU92300000JOR           2012        M05                 1.0
JTU92300000JOR           2012        M06                 1.3
JTU92300000JOR           2012        M07                 1.7
JTU92300000JOR           2012        M08                 1.6
JTU92300000JOR           2012        M09                 1.0
JTU92300000JOR           2012        M10                 0.9
JTU92300000JOR           2012        M11                 0.9
JTU92300000JOR           2012        M12                 1.0
JTU92300000JOR           2013        M01                 0.8
JTU92300000JOR           2013        M02                 1.1
JTU92300000JOR           2013        M03                 1.0
JTU92300000JOR           2013        M04                 1.0
JTU92300000JOR           2013        M05                 1.2
JTU92300000JOR           2013        M06                 1.1
JTU92300000JOR           2013        M07                 1.6
JTU92300000JOR           2013        M08                 1.7
JTU92300000JOR           2013        M09                 1.2
JTU92300000JOR           2013        M10                 1.2
JTU92300000JOR           2013        M11                 1.0
JTU92300000JOR           2013        M12                 0.9
JTU92300000JOR           2014        M01                 0.9
JTU92300000JOR           2014        M02                 1.0
JTU92300000JOR           2014        M03                 1.1
JTU92300000JOR           2014        M04                 1.2
JTU92300000JOR           2014        M05                 1.2
JTU92300000JOR           2014        M06                 1.8
JTU92300000JOR           2014        M07                 1.9
JTU92300000JOR           2014        M08                 1.5
JTU92300000JOR           2014        M09                 1.6
JTU92300000JOR           2014        M10                 1.1
JTU92300000JOR           2014        M11                 1.1
JTU92300000JOR           2014        M12                 1.1
JTU92300000JOR           2015        M01                 1.3
JTU92300000JOR           2015        M02                 1.3
JTU92300000JOR           2015        M03                 1.1
JTU92300000JOR           2015        M04                 1.2
JTU92300000JOR           2015        M05                 1.4
JTU92300000JOR           2015        M06                 1.9
JTU92300000JOR           2015        M07                 2.3
JTU92300000JOR           2015        M08                 2.0
JTU92300000JOR           2015        M09                 1.3
JTU92300000JOR           2015        M10                 1.4
JTU92300000JOR           2015        M11                 1.3
JTU92300000JOR           2015        M12                 1.4
JTU92300000JOR           2016        M01                 1.3
JTU92300000JOR           2016        M02                 1.2
JTU92300000JOR           2016        M03                 1.3
JTU92300000JOR           2016        M04                 1.3
JTU92300000JOR           2016        M05                 1.4
JTU92300000JOR           2016        M06                 1.7
JTU92300000JOR           2016        M07                 2.3
JTU92300000JOR           2016        M08                 1.9
JTU92300000JOR           2016        M09                 1.3
JTU92300000JOR           2016        M10                 1.1
JTU92300000JOR           2016        M11                 1.3
JTU92300000JOR           2016        M12                 1.2
JTU92300000JOR           2017        M01                 1.3
JTU92300000JOR           2017        M02                 1.1
JTU92300000JOR           2017        M03                 1.3
JTU92300000JOR           2017        M04                 1.5
JTU92300000JOR           2017        M05                 1.3
JTU92300000JOR           2017        M06                 1.8
JTU92300000JOR           2017        M07                 2.2
JTU92300000JOR           2017        M08                 1.9
JTU92300000JOR           2017        M09                 1.6
JTU92300000JOR           2017        M10                 1.4
JTU92300000JOR           2017        M11                 1.4
JTU92300000JOR           2017        M12                 1.4        p
JTU92900000JOL           2000        M12                 266
JTU92900000JOL           2001        M01                 300
JTU92900000JOL           2001        M02                 230
JTU92900000JOL           2001        M03                 281
JTU92900000JOL           2001        M04                 251
JTU92900000JOL           2001        M05                 318
JTU92900000JOL           2001        M06                 317
JTU92900000JOL           2001        M07                 331
JTU92900000JOL           2001        M08                 298
JTU92900000JOL           2001        M09                 171
JTU92900000JOL           2001        M10                 276
JTU92900000JOL           2001        M11                 256
JTU92900000JOL           2001        M12                 227
JTU92900000JOL           2002        M01                 203
JTU92900000JOL           2002        M02                 284
JTU92900000JOL           2002        M03                 265
JTU92900000JOL           2002        M04                 242
JTU92900000JOL           2002        M05                 280
JTU92900000JOL           2002        M06                 238
JTU92900000JOL           2002        M07                 240
JTU92900000JOL           2002        M08                 266
JTU92900000JOL           2002        M09                 241
JTU92900000JOL           2002        M10                 244
JTU92900000JOL           2002        M11                 224
JTU92900000JOL           2002        M12                 197
JTU92900000JOL           2003        M01                 228
JTU92900000JOL           2003        M02                 197
JTU92900000JOL           2003        M03                 212
JTU92900000JOL           2003        M04                 203
JTU92900000JOL           2003        M05                 177
JTU92900000JOL           2003        M06                 192
JTU92900000JOL           2003        M07                 186
JTU92900000JOL           2003        M08                 188
JTU92900000JOL           2003        M09                 185
JTU92900000JOL           2003        M10                 183
JTU92900000JOL           2003        M11                 183
JTU92900000JOL           2003        M12                 172
JTU92900000JOL           2004        M01                 173
JTU92900000JOL           2004        M02                 187
JTU92900000JOL           2004        M03                 202
JTU92900000JOL           2004        M04                 209
JTU92900000JOL           2004        M05                 226
JTU92900000JOL           2004        M06                 183
JTU92900000JOL           2004        M07                 189
JTU92900000JOL           2004        M08                 194
JTU92900000JOL           2004        M09                 195
JTU92900000JOL           2004        M10                 220
JTU92900000JOL           2004        M11                 193
JTU92900000JOL           2004        M12                 208
JTU92900000JOL           2005        M01                 172
JTU92900000JOL           2005        M02                 214
JTU92900000JOL           2005        M03                 207
JTU92900000JOL           2005        M04                 214
JTU92900000JOL           2005        M05                 221
JTU92900000JOL           2005        M06                 230
JTU92900000JOL           2005        M07                 202
JTU92900000JOL           2005        M08                 224
JTU92900000JOL           2005        M09                 240
JTU92900000JOL           2005        M10                 229
JTU92900000JOL           2005        M11                 214
JTU92900000JOL           2005        M12                 210
JTU92900000JOL           2006        M01                 222
JTU92900000JOL           2006        M02                 211
JTU92900000JOL           2006        M03                 246
JTU92900000JOL           2006        M04                 255
JTU92900000JOL           2006        M05                 259
JTU92900000JOL           2006        M06                 238
JTU92900000JOL           2006        M07                 270
JTU92900000JOL           2006        M08                 264
JTU92900000JOL           2006        M09                 280
JTU92900000JOL           2006        M10                 261
JTU92900000JOL           2006        M11                 257
JTU92900000JOL           2006        M12                 247
JTU92900000JOL           2007        M01                 268
JTU92900000JOL           2007        M02                 252
JTU92900000JOL           2007        M03                 268
JTU92900000JOL           2007        M04                 267
JTU92900000JOL           2007        M05                 258
JTU92900000JOL           2007        M06                 280
JTU92900000JOL           2007        M07                 283
JTU92900000JOL           2007        M08                 266
JTU92900000JOL           2007        M09                 238
JTU92900000JOL           2007        M10                 255
JTU92900000JOL           2007        M11                 251
JTU92900000JOL           2007        M12                 232
JTU92900000JOL           2008        M01                 259
JTU92900000JOL           2008        M02                 241
JTU92900000JOL           2008        M03                 243
JTU92900000JOL           2008        M04                 243
JTU92900000JOL           2008        M05                 280
JTU92900000JOL           2008        M06                 260
JTU92900000JOL           2008        M07                 229
JTU92900000JOL           2008        M08                 239
JTU92900000JOL           2008        M09                 244
JTU92900000JOL           2008        M10                 219
JTU92900000JOL           2008        M11                 233
JTU92900000JOL           2008        M12                 168
JTU92900000JOL           2009        M01                 194
JTU92900000JOL           2009        M02                 181
JTU92900000JOL           2009        M03                 169
JTU92900000JOL           2009        M04                 212
JTU92900000JOL           2009        M05                 172
JTU92900000JOL           2009        M06                 180
JTU92900000JOL           2009        M07                 160
JTU92900000JOL           2009        M08                 176
JTU92900000JOL           2009        M09                 154
JTU92900000JOL           2009        M10                 154
JTU92900000JOL           2009        M11                 150
JTU92900000JOL           2009        M12                 160
JTU92900000JOL           2010        M01                 154
JTU92900000JOL           2010        M02                 143
JTU92900000JOL           2010        M03                 161
JTU92900000JOL           2010        M04                 174
JTU92900000JOL           2010        M05                 159
JTU92900000JOL           2010        M06                 139
JTU92900000JOL           2010        M07                 162
JTU92900000JOL           2010        M08                 172
JTU92900000JOL           2010        M09                 169
JTU92900000JOL           2010        M10                 187
JTU92900000JOL           2010        M11                 133
JTU92900000JOL           2010        M12                 200
JTU92900000JOL           2011        M01                 167
JTU92900000JOL           2011        M02                 183
JTU92900000JOL           2011        M03                 180
JTU92900000JOL           2011        M04                 188
JTU92900000JOL           2011        M05                 170
JTU92900000JOL           2011        M06                 177
JTU92900000JOL           2011        M07                 174
JTU92900000JOL           2011        M08                 194
JTU92900000JOL           2011        M09                 226
JTU92900000JOL           2011        M10                 176
JTU92900000JOL           2011        M11                 178
JTU92900000JOL           2011        M12                 186
JTU92900000JOL           2012        M01                 182
JTU92900000JOL           2012        M02                 217
JTU92900000JOL           2012        M03                 219
JTU92900000JOL           2012        M04                 194
JTU92900000JOL           2012        M05                 202
JTU92900000JOL           2012        M06                 203
JTU92900000JOL           2012        M07                 193
JTU92900000JOL           2012        M08                 193
JTU92900000JOL           2012        M09                 185
JTU92900000JOL           2012        M10                 212
JTU92900000JOL           2012        M11                 187
JTU92900000JOL           2012        M12                 195
JTU92900000JOL           2013        M01                 227
JTU92900000JOL           2013        M02                 218
JTU92900000JOL           2013        M03                 215
JTU92900000JOL           2013        M04                 251
JTU92900000JOL           2013        M05                 239
JTU92900000JOL           2013        M06                 255
JTU92900000JOL           2013        M07                 215
JTU92900000JOL           2013        M08                 205
JTU92900000JOL           2013        M09                 203
JTU92900000JOL           2013        M10                 226
JTU92900000JOL           2013        M11                 198
JTU92900000JOL           2013        M12                 180
JTU92900000JOL           2014        M01                 208
JTU92900000JOL           2014        M02                 220
JTU92900000JOL           2014        M03                 244
JTU92900000JOL           2014        M04                 255
JTU92900000JOL           2014        M05                 263
JTU92900000JOL           2014        M06                 292
JTU92900000JOL           2014        M07                 267
JTU92900000JOL           2014        M08                 272
JTU92900000JOL           2014        M09                 238
JTU92900000JOL           2014        M10                 243
JTU92900000JOL           2014        M11                 258
JTU92900000JOL           2014        M12                 267
JTU92900000JOL           2015        M01                 286
JTU92900000JOL           2015        M02                 289
JTU92900000JOL           2015        M03                 303
JTU92900000JOL           2015        M04                 284
JTU92900000JOL           2015        M05                 315
JTU92900000JOL           2015        M06                 239
JTU92900000JOL           2015        M07                 279
JTU92900000JOL           2015        M08                 274
JTU92900000JOL           2015        M09                 271
JTU92900000JOL           2015        M10                 252
JTU92900000JOL           2015        M11                 234
JTU92900000JOL           2015        M12                 249
JTU92900000JOL           2016        M01                 258
JTU92900000JOL           2016        M02                 242
JTU92900000JOL           2016        M03                 265
JTU92900000JOL           2016        M04                 296
JTU92900000JOL           2016        M05                 292
JTU92900000JOL           2016        M06                 308
JTU92900000JOL           2016        M07                 298
JTU92900000JOL           2016        M08                 281
JTU92900000JOL           2016        M09                 288
JTU92900000JOL           2016        M10                 284
JTU92900000JOL           2016        M11                 344
JTU92900000JOL           2016        M12                 220
JTU92900000JOL           2017        M01                 249
JTU92900000JOL           2017        M02                 280
JTU92900000JOL           2017        M03                 288
JTU92900000JOL           2017        M04                 298
JTU92900000JOL           2017        M05                 269
JTU92900000JOL           2017        M06                 317
JTU92900000JOL           2017        M07                 277
JTU92900000JOL           2017        M08                 294
JTU92900000JOL           2017        M09                 280
JTU92900000JOL           2017        M10                 278
JTU92900000JOL           2017        M11                 275
JTU92900000JOL           2017        M12                 267        p
JTU92900000JOR           2000        M12                 3.0
JTU92900000JOR           2001        M01                 3.4
JTU92900000JOR           2001        M02                 2.6
JTU92900000JOR           2001        M03                 3.2
JTU92900000JOR           2001        M04                 2.8
JTU92900000JOR           2001        M05                 3.5
JTU92900000JOR           2001        M06                 3.4
JTU92900000JOR           2001        M07                 3.5
JTU92900000JOR           2001        M08                 3.2
JTU92900000JOR           2001        M09                 1.9
JTU92900000JOR           2001        M10                 3.1
JTU92900000JOR           2001        M11                 2.8
JTU92900000JOR           2001        M12                 2.5
JTU92900000JOR           2002        M01                 2.3
JTU92900000JOR           2002        M02                 3.2
JTU92900000JOR           2002        M03                 2.9
JTU92900000JOR           2002        M04                 2.7
JTU92900000JOR           2002        M05                 3.1
JTU92900000JOR           2002        M06                 2.6
JTU92900000JOR           2002        M07                 2.6
JTU92900000JOR           2002        M08                 2.9
JTU92900000JOR           2002        M09                 2.6
JTU92900000JOR           2002        M10                 2.7
JTU92900000JOR           2002        M11                 2.5
JTU92900000JOR           2002        M12                 2.2
JTU92900000JOR           2003        M01                 2.5
JTU92900000JOR           2003        M02                 2.2
JTU92900000JOR           2003        M03                 2.4
JTU92900000JOR           2003        M04                 2.3
JTU92900000JOR           2003        M05                 2.0
JTU92900000JOR           2003        M06                 2.1
JTU92900000JOR           2003        M07                 2.0
JTU92900000JOR           2003        M08                 2.0
JTU92900000JOR           2003        M09                 2.0
JTU92900000JOR           2003        M10                 2.0
JTU92900000JOR           2003        M11                 2.0
JTU92900000JOR           2003        M12                 1.9
JTU92900000JOR           2004        M01                 1.9
JTU92900000JOR           2004        M02                 2.1
JTU92900000JOR           2004        M03                 2.2
JTU92900000JOR           2004        M04                 2.3
JTU92900000JOR           2004        M05                 2.5
JTU92900000JOR           2004        M06                 2.0
JTU92900000JOR           2004        M07                 2.0
JTU92900000JOR           2004        M08                 2.1
JTU92900000JOR           2004        M09                 2.1
JTU92900000JOR           2004        M10                 2.4
JTU92900000JOR           2004        M11                 2.1
JTU92900000JOR           2004        M12                 2.3
JTU92900000JOR           2005        M01                 1.9
JTU92900000JOR           2005        M02                 2.4
JTU92900000JOR           2005        M03                 2.3
JTU92900000JOR           2005        M04                 2.4
JTU92900000JOR           2005        M05                 2.4
JTU92900000JOR           2005        M06                 2.5
JTU92900000JOR           2005        M07                 2.1
JTU92900000JOR           2005        M08                 2.4
JTU92900000JOR           2005        M09                 2.6
JTU92900000JOR           2005        M10                 2.5
JTU92900000JOR           2005        M11                 2.3
JTU92900000JOR           2005        M12                 2.3
JTU92900000JOR           2006        M01                 2.4
JTU92900000JOR           2006        M02                 2.3
JTU92900000JOR           2006        M03                 2.7
JTU92900000JOR           2006        M04                 2.8
JTU92900000JOR           2006        M05                 2.8
JTU92900000JOR           2006        M06                 2.5
JTU92900000JOR           2006        M07                 2.8
JTU92900000JOR           2006        M08                 2.8
JTU92900000JOR           2006        M09                 3.0
JTU92900000JOR           2006        M10                 2.8
JTU92900000JOR           2006        M11                 2.8
JTU92900000JOR           2006        M12                 2.7
JTU92900000JOR           2007        M01                 2.9
JTU92900000JOR           2007        M02                 2.7
JTU92900000JOR           2007        M03                 2.9
JTU92900000JOR           2007        M04                 2.9
JTU92900000JOR           2007        M05                 2.7
JTU92900000JOR           2007        M06                 2.9
JTU92900000JOR           2007        M07                 2.9
JTU92900000JOR           2007        M08                 2.8
JTU92900000JOR           2007        M09                 2.5
JTU92900000JOR           2007        M10                 2.7
JTU92900000JOR           2007        M11                 2.7
JTU92900000JOR           2007        M12                 2.5
JTU92900000JOR           2008        M01                 2.8
JTU92900000JOR           2008        M02                 2.6
JTU92900000JOR           2008        M03                 2.6
JTU92900000JOR           2008        M04                 2.6
JTU92900000JOR           2008        M05                 2.9
JTU92900000JOR           2008        M06                 2.7
JTU92900000JOR           2008        M07                 2.3
JTU92900000JOR           2008        M08                 2.5
JTU92900000JOR           2008        M09                 2.6
JTU92900000JOR           2008        M10                 2.3
JTU92900000JOR           2008        M11                 2.4
JTU92900000JOR           2008        M12                 1.8
JTU92900000JOR           2009        M01                 2.1
JTU92900000JOR           2009        M02                 1.9
JTU92900000JOR           2009        M03                 1.8
JTU92900000JOR           2009        M04                 2.3
JTU92900000JOR           2009        M05                 1.8
JTU92900000JOR           2009        M06                 1.9
JTU92900000JOR           2009        M07                 1.6
JTU92900000JOR           2009        M08                 1.8
JTU92900000JOR           2009        M09                 1.6
JTU92900000JOR           2009        M10                 1.6
JTU92900000JOR           2009        M11                 1.6
JTU92900000JOR           2009        M12                 1.7
JTU92900000JOR           2010        M01                 1.7
JTU92900000JOR           2010        M02                 1.6
JTU92900000JOR           2010        M03                 1.7
JTU92900000JOR           2010        M04                 1.9
JTU92900000JOR           2010        M05                 1.7
JTU92900000JOR           2010        M06                 1.5
JTU92900000JOR           2010        M07                 1.7
JTU92900000JOR           2010        M08                 1.8
JTU92900000JOR           2010        M09                 1.8
JTU92900000JOR           2010        M10                 2.0
JTU92900000JOR           2010        M11                 1.5
JTU92900000JOR           2010        M12                 2.2
JTU92900000JOR           2011        M01                 1.8
JTU92900000JOR           2011        M02                 2.0
JTU92900000JOR           2011        M03                 2.0
JTU92900000JOR           2011        M04                 2.1
JTU92900000JOR           2011        M05                 1.9
JTU92900000JOR           2011        M06                 1.9
JTU92900000JOR           2011        M07                 1.9
JTU92900000JOR           2011        M08                 2.1
JTU92900000JOR           2011        M09                 2.5
JTU92900000JOR           2011        M10                 1.9
JTU92900000JOR           2011        M11                 2.0
JTU92900000JOR           2011        M12                 2.1
JTU92900000JOR           2012        M01                 2.0
JTU92900000JOR           2012        M02                 2.4
JTU92900000JOR           2012        M03                 2.4
JTU92900000JOR           2012        M04                 2.1
JTU92900000JOR           2012        M05                 2.2
JTU92900000JOR           2012        M06                 2.2
JTU92900000JOR           2012        M07                 2.1
JTU92900000JOR           2012        M08                 2.1
JTU92900000JOR           2012        M09                 2.0
JTU92900000JOR           2012        M10                 2.3
JTU92900000JOR           2012        M11                 2.1
JTU92900000JOR           2012        M12                 2.2
JTU92900000JOR           2013        M01                 2.5
JTU92900000JOR           2013        M02                 2.4
JTU92900000JOR           2013        M03                 2.4
JTU92900000JOR           2013        M04                 2.8
JTU92900000JOR           2013        M05                 2.6
JTU92900000JOR           2013        M06                 2.7
JTU92900000JOR           2013        M07                 2.3
JTU92900000JOR           2013        M08                 2.2
JTU92900000JOR           2013        M09                 2.2
JTU92900000JOR           2013        M10                 2.5
JTU92900000JOR           2013        M11                 2.2
JTU92900000JOR           2013        M12                 2.0
JTU92900000JOR           2014        M01                 2.3
JTU92900000JOR           2014        M02                 2.4
JTU92900000JOR           2014        M03                 2.7
JTU92900000JOR           2014        M04                 2.8
JTU92900000JOR           2014        M05                 2.9
JTU92900000JOR           2014        M06                 3.1
JTU92900000JOR           2014        M07                 2.8
JTU92900000JOR           2014        M08                 2.9
JTU92900000JOR           2014        M09                 2.6
JTU92900000JOR           2014        M10                 2.6
JTU92900000JOR           2014        M11                 2.8
JTU92900000JOR           2014        M12                 2.9
JTU92900000JOR           2015        M01                 3.1
JTU92900000JOR           2015        M02                 3.2
JTU92900000JOR           2015        M03                 3.3
JTU92900000JOR           2015        M04                 3.1
JTU92900000JOR           2015        M05                 3.4
JTU92900000JOR           2015        M06                 2.5
JTU92900000JOR           2015        M07                 2.9
JTU92900000JOR           2015        M08                 2.9
JTU92900000JOR           2015        M09                 2.9
JTU92900000JOR           2015        M10                 2.7
JTU92900000JOR           2015        M11                 2.5
JTU92900000JOR           2015        M12                 2.7
JTU92900000JOR           2016        M01                 2.8
JTU92900000JOR           2016        M02                 2.6
JTU92900000JOR           2016        M03                 2.9
JTU92900000JOR           2016        M04                 3.2
JTU92900000JOR           2016        M05                 3.1
JTU92900000JOR           2016        M06                 3.2
JTU92900000JOR           2016        M07                 3.1
JTU92900000JOR           2016        M08                 2.9
JTU92900000JOR           2016        M09                 3.1
JTU92900000JOR           2016        M10                 3.0
JTU92900000JOR           2016        M11                 3.6
JTU92900000JOR           2016        M12                 2.4
JTU92900000JOR           2017        M01                 2.7
JTU92900000JOR           2017        M02                 3.0
JTU92900000JOR           2017        M03                 3.1
JTU92900000JOR           2017        M04                 3.2
JTU92900000JOR           2017        M05                 2.9
JTU92900000JOR           2017        M06                 3.3
JTU92900000JOR           2017        M07                 2.9
JTU92900000JOR           2017        M08                 3.1
JTU92900000JOR           2017        M09                 3.0
JTU92900000JOR           2017        M10                 3.0
JTU92900000JOR           2017        M11                 2.9
JTU92900000JOR           2017        M12                 2.9        p